19.200000 17.667000 -1.804358 
19.200000 17.767000 -1.804261 
19.200000 17.867000 -1.803962 
19.200000 17.967000 -1.803489 
19.200000 18.067000 -1.802884 
19.200000 18.167000 -1.802202 
19.200000 18.267000 -1.801504 
19.200000 18.367000 -1.800854 
19.200000 18.467000 -1.800313 
19.200000 18.567000 -1.799932 
19.200000 18.667000 -1.799747 
19.200000 18.767000 -1.799775 
19.200000 18.867000 -1.800014 
19.200000 18.967000 -1.800444 
19.200000 19.067000 -1.801023 
19.200000 19.167000 -1.801698 
19.200000 19.267000 -1.802409 
19.200000 19.367000 -1.803091 
19.200000 19.467000 -1.803683 
19.200000 19.567000 -1.804133 
19.200000 19.667000 -1.804401 
19.200000 19.767000 -1.804465 
19.200000 19.867000 -1.804318 
19.200000 19.967000 -1.803974 
19.200000 20.067000 -1.803462 
19.200000 20.167000 -1.802829 
19.200000 20.267000 -1.802131 
19.200000 20.367000 -1.801430 
19.200000 20.467000 -1.800791 
19.200000 20.567000 -1.800272 
19.200000 20.667000 -1.799921 
19.200000 20.767000 -1.799772 
19.200000 20.867000 -1.799837 
19.200000 20.967000 -1.800110 
19.200000 21.067000 -1.800566 
19.200000 21.167000 -1.801162 
19.200000 21.267000 -1.801842 
19.200000 21.367000 -1.802543 
19.200000 21.467000 -1.803202 
19.200000 21.567000 -1.803760 
19.200000 21.667000 -1.804166 
19.200000 21.767000 -1.804384 
19.200000 21.867000 -1.804395 
19.200000 21.967000 -1.804198 
19.200000 22.067000 -1.803809 
19.200000 22.167000 -1.803262 
19.200000 22.267000 -1.802605 
19.200000 22.367000 -1.801897 
19.200000 22.467000 -1.801201 
19.200000 22.567000 -1.800580 
19.200000 22.667000 -1.800091 
19.200000 22.767000 -1.799779 
19.300000 17.667000 -1.803003 
19.300000 17.767000 -1.802939 
19.300000 17.867000 -1.802737 
19.300000 17.967000 -1.802417 
19.300000 18.067000 -1.802006 
19.300000 18.167000 -1.801541 
19.300000 18.267000 -1.801064 
19.300000 18.367000 -1.800619 
19.300000 18.467000 -1.800249 
19.300000 18.567000 -1.799988 
19.300000 18.667000 -1.799861 
19.300000 18.767000 -1.799882 
19.300000 18.867000 -1.800048 
19.300000 18.967000 -1.800345 
19.300000 19.067000 -1.800744 
19.300000 19.167000 -1.801209 
19.300000 19.267000 -1.801698 
19.300000 19.367000 -1.802166 
19.300000 19.467000 -1.802572 
19.300000 19.567000 -1.802880 
19.300000 19.667000 -1.803064 
19.300000 19.767000 -1.803108 
19.300000 19.867000 -1.803010 
19.300000 19.967000 -1.802776 
19.300000 20.067000 -1.802428 
19.300000 20.167000 -1.801996 
19.300000 20.267000 -1.801518 
19.300000 20.367000 -1.801037 
19.300000 20.467000 -1.800598 
19.300000 20.567000 -1.800240 
19.300000 20.667000 -1.799997 
19.300000 20.767000 -1.799893 
19.300000 20.867000 -1.799936 
19.300000 20.967000 -1.800123 
19.300000 21.067000 -1.800436 
19.300000 21.167000 -1.800844 
19.300000 21.267000 -1.801309 
19.300000 21.367000 -1.801788 
19.300000 21.467000 -1.802238 
19.300000 21.567000 -1.802617 
19.300000 21.667000 -1.802892 
19.300000 21.767000 -1.803040 
19.300000 21.867000 -1.803046 
19.300000 21.967000 -1.802910 
19.300000 22.067000 -1.802644 
19.300000 22.167000 -1.802269 
19.300000 22.267000 -1.801819 
19.300000 22.367000 -1.801332 
19.300000 22.467000 -1.800852 
19.300000 22.567000 -1.800423 
19.300000 22.667000 -1.800085 
19.300000 22.767000 -1.799868 
19.400000 17.667000 -1.801811 
19.400000 17.767000 -1.801782 
19.400000 17.867000 -1.801685 
19.400000 17.967000 -1.801528 
19.400000 18.067000 -1.801324 
19.400000 18.167000 -1.801092 
19.400000 18.267000 -1.800851 
19.400000 18.367000 -1.800626 
19.400000 18.467000 -1.800438 
19.400000 18.567000 -1.800306 
19.400000 18.667000 -1.800242 
19.400000 18.767000 -1.800255 
19.400000 18.867000 -1.800343 
19.400000 18.967000 -1.800498 
19.400000 19.067000 -1.800705 
19.400000 19.167000 -1.800945 
19.400000 19.267000 -1.801195 
19.400000 19.367000 -1.801434 
19.400000 19.467000 -1.801640 
19.400000 19.567000 -1.801797 
19.400000 19.667000 -1.801891 
19.400000 19.767000 -1.801916 
19.400000 19.867000 -1.801868 
19.400000 19.967000 -1.801753 
19.400000 20.067000 -1.801580 
19.400000 20.167000 -1.801363 
19.400000 20.267000 -1.801121 
19.400000 20.367000 -1.800875 
19.400000 20.467000 -1.800649 
19.400000 20.567000 -1.800464 
19.400000 20.667000 -1.800337 
19.400000 20.767000 -1.800281 
19.400000 20.867000 -1.800302 
19.400000 20.967000 -1.800396 
19.400000 21.067000 -1.800555 
19.400000 21.167000 -1.800762 
19.400000 21.267000 -1.800997 
19.400000 21.367000 -1.801239 
19.400000 21.467000 -1.801464 
19.400000 21.567000 -1.801652 
19.400000 21.667000 -1.801788 
19.400000 21.767000 -1.801860 
19.400000 21.867000 -1.801861 
19.400000 21.967000 -1.801791 
19.400000 22.067000 -1.801656 
19.400000 22.167000 -1.801465 
19.400000 22.267000 -1.801235 
19.400000 22.367000 -1.800985 
19.400000 22.467000 -1.800738 
19.400000 22.567000 -1.800515 
19.400000 22.667000 -1.800337 
19.400000 22.767000 -1.800221 
19.500000 17.667000 -1.800856 
19.500000 17.767000 -1.800865 
19.500000 17.867000 -1.800876 
19.500000 17.967000 -1.800887 
19.500000 18.067000 -1.800897 
19.500000 18.167000 -1.800905 
19.500000 18.267000 -1.800910 
19.500000 18.367000 -1.800911 
19.500000 18.467000 -1.800912 
19.500000 18.567000 -1.800912 
19.500000 18.667000 -1.800914 
19.500000 18.767000 -1.800918 
19.500000 18.867000 -1.800925 
19.500000 18.967000 -1.800933 
19.500000 19.067000 -1.800941 
19.500000 19.167000 -1.800948 
19.500000 19.267000 -1.800953 
19.500000 19.367000 -1.800955 
19.500000 19.467000 -1.800955 
19.500000 19.567000 -1.800956 
19.500000 19.667000 -1.800957 
19.500000 19.767000 -1.800960 
19.500000 19.867000 -1.800966 
19.500000 19.967000 -1.800973 
19.500000 20.067000 -1.800980 
19.500000 20.167000 -1.800985 
19.500000 20.267000 -1.800987 
19.500000 20.367000 -1.800985 
19.500000 20.467000 -1.800980 
19.500000 20.567000 -1.800973 
19.500000 20.667000 -1.800966 
19.500000 20.767000 -1.800960 
19.500000 20.867000 -1.800957 
19.500000 20.967000 -1.800955 
19.500000 21.067000 -1.800955 
19.500000 21.167000 -1.800955 
19.500000 21.267000 -1.800953 
19.500000 21.367000 -1.800948 
19.500000 21.467000 -1.800941 
19.500000 21.567000 -1.800933 
19.500000 21.667000 -1.800924 
19.500000 21.767000 -1.800918 
19.500000 21.867000 -1.800913 
19.500000 21.967000 -1.800912 
19.500000 22.067000 -1.800912 
19.500000 22.167000 -1.800911 
19.500000 22.267000 -1.800909 
19.500000 22.367000 -1.800905 
19.500000 22.467000 -1.800897 
19.500000 22.567000 -1.800886 
19.500000 22.667000 -1.800875 
19.500000 22.767000 -1.800865 
19.600000 17.667000 -1.800183 
19.600000 17.767000 -1.800229 
19.600000 17.867000 -1.800347 
19.600000 17.967000 -1.800527 
19.600000 18.067000 -1.800751 
19.600000 18.167000 -1.800999 
19.600000 18.267000 -1.801249 
19.600000 18.367000 -1.801477 
19.600000 18.467000 -1.801666 
19.600000 18.567000 -1.801799 
19.600000 18.667000 -1.801866 
19.600000 18.767000 -1.801862 
19.600000 18.867000 -1.801788 
19.600000 18.967000 -1.801649 
19.600000 19.067000 -1.801459 
19.600000 19.167000 -1.801233 
19.600000 19.267000 -1.800992 
19.600000 19.367000 -1.800757 
19.600000 19.467000 -1.800551 
19.600000 19.567000 -1.800395 
19.600000 19.667000 -1.800303 
19.600000 19.767000 -1.800286 
19.600000 19.867000 -1.800345 
19.600000 19.967000 -1.800474 
19.600000 20.067000 -1.800662 
19.600000 20.167000 -1.800889 
19.600000 20.267000 -1.801135 
19.600000 20.367000 -1.801376 
19.600000 20.467000 -1.801592 
19.600000 20.567000 -1.801763 
19.600000 20.667000 -1.801875 
19.600000 20.767000 -1.801920 
19.600000 20.867000 -1.801893 
19.600000 20.967000 -1.801796 
19.600000 21.067000 -1.801637 
19.600000 21.167000 -1.801429 
19.600000 21.267000 -1.801189 
19.600000 21.367000 -1.800939 
19.600000 21.467000 -1.800700 
19.600000 21.567000 -1.800494 
19.600000 21.667000 -1.800342 
19.600000 21.767000 -1.800257 
19.600000 21.867000 -1.800247 
19.600000 21.967000 -1.800313 
19.600000 22.067000 -1.800449 
19.600000 22.167000 -1.800639 
19.600000 22.267000 -1.800865 
19.600000 22.367000 -1.801105 
19.600000 22.467000 -1.801337 
19.600000 22.567000 -1.801539 
19.600000 22.667000 -1.801694 
19.600000 22.767000 -1.801789 
19.700000 17.667000 -1.799800 
19.700000 17.767000 -1.799882 
19.700000 17.867000 -1.800104 
19.700000 17.967000 -1.800447 
19.700000 18.067000 -1.800878 
19.700000 18.167000 -1.801359 
19.700000 18.267000 -1.801845 
19.700000 18.367000 -1.802294 
19.700000 18.467000 -1.802665 
19.700000 18.567000 -1.802926 
19.700000 18.667000 -1.803057 
19.700000 18.767000 -1.803044 
19.700000 18.867000 -1.802891 
19.700000 18.967000 -1.802611 
19.700000 19.067000 -1.802228 
19.700000 19.167000 -1.801777 
19.700000 19.267000 -1.801298 
19.700000 19.367000 -1.800834 
19.700000 19.467000 -1.800429 
19.700000 19.567000 -1.800121 
19.700000 19.667000 -1.799940 
19.700000 19.767000 -1.799902 
19.700000 19.867000 -1.800012 
19.700000 19.967000 -1.800260 
19.700000 20.067000 -1.800622 
19.700000 20.167000 -1.801064 
19.700000 20.267000 -1.801545 
19.700000 20.367000 -1.802022 
19.700000 20.467000 -1.802452 
19.700000 20.567000 -1.802796 
19.700000 20.667000 -1.803024 
19.700000 20.767000 -1.803117 
19.700000 20.867000 -1.803067 
19.700000 20.967000 -1.802877 
19.700000 21.067000 -1.802565 
19.700000 21.167000 -1.802156 
19.700000 21.267000 -1.801686 
19.700000 21.367000 -1.801198 
19.700000 21.467000 -1.800734 
19.700000 21.567000 -1.800338 
19.700000 21.667000 -1.800046 
19.700000 21.767000 -1.799886 
19.700000 21.867000 -1.799871 
19.700000 21.967000 -1.800003 
19.700000 22.067000 -1.800269 
19.700000 22.167000 -1.800644 
19.700000 22.267000 -1.801090 
19.700000 22.367000 -1.801567 
19.700000 22.467000 -1.802031 
19.700000 22.567000 -1.802439 
19.700000 22.667000 -1.802756 
19.700000 22.767000 -1.802952 
19.800000 17.667000 -1.799685 
19.800000 17.767000 -1.799799 
19.800000 17.867000 -1.800119 
19.800000 17.967000 -1.800614 
19.800000 18.067000 -1.801239 
19.800000 18.167000 -1.801937 
19.800000 18.267000 -1.802645 
19.800000 18.367000 -1.803298 
19.800000 18.467000 -1.803840 
19.800000 18.567000 -1.804222 
19.800000 18.667000 -1.804411 
19.800000 18.767000 -1.804391 
19.800000 18.867000 -1.804165 
19.800000 18.967000 -1.803752 
19.800000 19.067000 -1.803189 
19.800000 19.167000 -1.802527 
19.800000 19.267000 -1.801825 
19.800000 19.367000 -1.801147 
19.800000 19.467000 -1.800556 
19.800000 19.567000 -1.800107 
19.800000 19.667000 -1.799842 
19.800000 19.767000 -1.799785 
19.800000 19.867000 -1.799943 
19.800000 19.967000 -1.800302 
19.800000 20.067000 -1.800826 
19.800000 20.167000 -1.801469 
19.800000 20.267000 -1.802171 
19.800000 20.367000 -1.802868 
19.800000 20.467000 -1.803497 
19.800000 20.567000 -1.804003 
19.800000 20.667000 -1.804339 
19.800000 20.767000 -1.804478 
19.800000 20.867000 -1.804406 
19.800000 20.967000 -1.804130 
19.800000 21.067000 -1.803674 
19.800000 21.167000 -1.803077 
19.800000 21.267000 -1.802393 
19.800000 21.367000 -1.801682 
19.800000 21.467000 -1.801009 
19.800000 21.567000 -1.800435 
19.800000 21.667000 -1.800013 
19.800000 21.767000 -1.799781 
19.800000 21.867000 -1.799762 
19.800000 21.967000 -1.799955 
19.800000 22.067000 -1.800344 
19.800000 22.167000 -1.800890 
19.800000 22.267000 -1.801543 
19.800000 22.367000 -1.802241 
19.800000 22.467000 -1.802922 
19.800000 22.567000 -1.803523 
19.800000 22.667000 -1.803989 
19.800000 22.767000 -1.804280 
19.900000 17.667000 -1.799784 
19.900000 17.767000 -1.799929 
19.900000 17.867000 -1.800336 
19.900000 17.967000 -1.800968 
19.900000 18.067000 -1.801767 
19.900000 18.167000 -1.802660 
19.900000 18.267000 -1.803567 
19.900000 18.367000 -1.804405 
19.900000 18.467000 -1.805099 
19.900000 18.567000 -1.805589 
19.900000 18.667000 -1.805831 
19.900000 18.767000 -1.805805 
19.900000 18.867000 -1.805513 
19.900000 18.967000 -1.804981 
19.900000 19.067000 -1.804256 
19.900000 19.167000 -1.803405 
19.900000 19.267000 -1.802503 
19.900000 19.367000 -1.801633 
19.900000 19.467000 -1.800874 
19.900000 19.567000 -1.800298 
19.900000 19.667000 -1.799957 
19.900000 19.767000 -1.799883 
19.900000 19.867000 -1.800085 
19.900000 19.967000 -1.800542 
19.900000 20.067000 -1.801214 
19.900000 20.167000 -1.802037 
19.900000 20.267000 -1.802937 
19.900000 20.367000 -1.803832 
19.900000 20.467000 -1.804640 
19.900000 20.567000 -1.805291 
19.900000 20.667000 -1.805725 
19.900000 20.767000 -1.805904 
19.900000 20.867000 -1.805813 
19.900000 20.967000 -1.805459 
19.900000 21.067000 -1.804874 
19.900000 21.167000 -1.804108 
19.900000 21.267000 -1.803231 
19.900000 21.367000 -1.802320 
19.900000 21.467000 -1.801459 
19.900000 21.567000 -1.800725 
19.900000 21.667000 -1.800186 
19.900000 21.767000 -1.799890 
19.900000 21.867000 -1.799867 
19.900000 21.967000 -1.800116 
19.900000 22.067000 -1.800614 
19.900000 22.167000 -1.801315 
19.900000 22.267000 -1.802153 
19.900000 22.367000 -1.803051 
19.900000 22.467000 -1.803926 
19.900000 22.567000 -1.804700 
19.900000 22.667000 -1.805301 
19.900000 22.767000 -1.805678 
20.000000 17.667000 -1.800027 
20.000000 17.767000 -1.800197 
20.000000 17.867000 -1.800679 
20.000000 17.967000 -1.801428 
20.000000 18.067000 -1.802377 
20.000000 18.167000 -1.803438 
20.000000 18.267000 -1.804515 
20.000000 18.367000 -1.805511 
20.000000 18.467000 -1.806337 
20.000000 18.567000 -1.806919 
20.000000 18.667000 -1.807207 
20.000000 18.767000 -1.807175 
20.000000 18.867000 -1.806826 
20.000000 18.967000 -1.806192 
20.000000 19.067000 -1.805329 
20.000000 19.167000 -1.804315 
20.000000 19.267000 -1.803241 
20.000000 19.367000 -1.802206 
20.000000 19.467000 -1.801304 
20.000000 19.567000 -1.800619 
20.000000 19.667000 -1.800213 
20.000000 19.767000 -1.800125 
20.000000 19.867000 -1.800363 
20.000000 19.967000 -1.800906 
20.000000 20.067000 -1.801703 
20.000000 20.167000 -1.802681 
20.000000 20.267000 -1.803751 
20.000000 20.367000 -1.804815 
20.000000 20.467000 -1.805778 
20.000000 20.567000 -1.806553 
20.000000 20.667000 -1.807070 
20.000000 20.767000 -1.807285 
20.000000 20.867000 -1.807177 
20.000000 20.967000 -1.806757 
20.000000 21.067000 -1.806060 
20.000000 21.167000 -1.805150 
20.000000 21.267000 -1.804107 
20.000000 21.367000 -1.803025 
20.000000 21.467000 -1.802002 
20.000000 21.567000 -1.801131 
20.000000 21.667000 -1.800491 
20.000000 21.767000 -1.800142 
20.000000 21.867000 -1.800114 
20.000000 21.967000 -1.800411 
20.000000 22.067000 -1.801003 
20.000000 22.167000 -1.801836 
20.000000 22.267000 -1.802833 
20.000000 22.367000 -1.803902 
20.000000 22.467000 -1.804944 
20.000000 22.567000 -1.805866 
20.000000 22.667000 -1.806584 
20.000000 22.767000 -1.807034 
20.100000 17.667000 -1.800331 
20.100000 17.767000 -1.800522 
20.100000 17.867000 -1.801064 
20.100000 17.967000 -1.801908 
20.100000 18.067000 -1.802977 
20.100000 18.167000 -1.804172 
20.100000 18.267000 -1.805387 
20.100000 18.367000 -1.806511 
20.100000 18.467000 -1.807443 
20.100000 18.567000 -1.808100 
20.100000 18.667000 -1.808425 
20.100000 18.767000 -1.808388 
20.100000 18.867000 -1.807993 
20.100000 18.967000 -1.807276 
20.100000 19.067000 -1.806301 
20.100000 19.167000 -1.805156 
20.100000 19.267000 -1.803945 
20.100000 19.367000 -1.802777 
20.100000 19.467000 -1.801759 
20.100000 19.567000 -1.800985 
20.100000 19.667000 -1.800528 
20.100000 19.767000 -1.800428 
20.100000 19.867000 -1.800696 
20.100000 19.967000 -1.801307 
20.100000 20.067000 -1.802205 
20.100000 20.167000 -1.803308 
20.100000 20.267000 -1.804515 
20.100000 20.367000 -1.805716 
20.100000 20.467000 -1.806803 
20.100000 20.567000 -1.807678 
20.100000 20.667000 -1.808263 
20.100000 20.767000 -1.808506 
20.100000 20.867000 -1.808385 
20.100000 20.967000 -1.807911 
20.100000 21.067000 -1.807125 
20.100000 21.167000 -1.806098 
20.100000 21.267000 -1.804922 
20.100000 21.367000 -1.803702 
20.100000 21.467000 -1.802548 
20.100000 21.567000 -1.801566 
20.100000 21.667000 -1.800846 
20.100000 21.767000 -1.800452 
20.100000 21.867000 -1.800422 
20.100000 21.967000 -1.800756 
20.100000 22.067000 -1.801425 
20.100000 22.167000 -1.802365 
20.100000 22.267000 -1.803490 
20.100000 22.367000 -1.804696 
20.100000 22.467000 -1.805874 
20.100000 22.567000 -1.806915 
20.100000 22.667000 -1.807727 
20.100000 22.767000 -1.808235 
20.200000 17.667000 -1.800616 
20.200000 17.767000 -1.800823 
20.200000 17.867000 -1.801409 
20.200000 17.967000 -1.802322 
20.200000 18.067000 -1.803479 
20.200000 18.167000 -1.804774 
20.200000 18.267000 -1.806089 
20.200000 18.367000 -1.807306 
20.200000 18.467000 -1.808316 
20.200000 18.567000 -1.809028 
20.200000 18.667000 -1.809379 
20.200000 18.767000 -1.809339 
20.200000 18.867000 -1.808911 
20.200000 18.967000 -1.808134 
20.200000 19.067000 -1.807077 
20.200000 19.167000 -1.805836 
20.200000 19.267000 -1.804523 
20.200000 19.367000 -1.803257 
20.200000 19.467000 -1.802155 
20.200000 19.567000 -1.801317 
20.200000 19.667000 -1.800821 
20.200000 19.767000 -1.800713 
20.200000 19.867000 -1.801003 
20.200000 19.967000 -1.801664 
20.200000 20.067000 -1.802636 
20.200000 20.167000 -1.803831 
20.200000 20.267000 -1.805138 
20.200000 20.367000 -1.806439 
20.200000 20.467000 -1.807617 
20.200000 20.567000 -1.808566 
20.200000 20.667000 -1.809200 
20.200000 20.767000 -1.809464 
20.200000 20.867000 -1.809333 
20.200000 20.967000 -1.808819 
20.200000 21.067000 -1.807968 
20.200000 21.167000 -1.806856 
20.200000 21.267000 -1.805581 
20.200000 21.367000 -1.804260 
20.200000 21.467000 -1.803011 
20.200000 21.567000 -1.801948 
20.200000 21.667000 -1.801169 
20.200000 21.767000 -1.800743 
20.200000 21.867000 -1.800710 
20.200000 21.967000 -1.801073 
20.200000 22.067000 -1.801797 
20.200000 22.167000 -1.802815 
20.200000 22.267000 -1.804034 
20.200000 22.367000 -1.805341 
20.200000 22.467000 -1.806617 
20.200000 22.567000 -1.807746 
20.200000 22.667000 -1.808626 
20.200000 22.767000 -1.809178 
20.300000 17.667000 -1.800817 
20.300000 17.767000 -1.801033 
20.300000 17.867000 -1.801646 
20.300000 17.967000 -1.802602 
20.300000 18.067000 -1.803812 
20.300000 18.167000 -1.805167 
20.300000 18.267000 -1.806544 
20.300000 18.367000 -1.807818 
20.300000 18.467000 -1.808875 
20.300000 18.567000 -1.809621 
20.300000 18.667000 -1.809988 
20.300000 18.767000 -1.809946 
20.300000 18.867000 -1.809497 
20.300000 18.967000 -1.808683 
20.300000 19.067000 -1.807576 
20.300000 19.167000 -1.806277 
20.300000 19.267000 -1.804902 
20.300000 19.367000 -1.803577 
20.300000 19.467000 -1.802423 
20.300000 19.567000 -1.801546 
20.300000 19.667000 -1.801027 
20.300000 19.767000 -1.800913 
20.300000 19.867000 -1.801216 
20.300000 19.967000 -1.801908 
20.300000 20.067000 -1.802926 
20.300000 20.167000 -1.804176 
20.300000 20.267000 -1.805544 
20.300000 20.367000 -1.806907 
20.300000 20.467000 -1.808140 
20.300000 20.567000 -1.809134 
20.300000 20.667000 -1.809798 
20.300000 20.767000 -1.810074 
20.300000 20.867000 -1.809938 
20.300000 20.967000 -1.809400 
20.300000 21.067000 -1.808509 
20.300000 21.167000 -1.807344 
20.300000 21.267000 -1.806010 
20.300000 21.367000 -1.804627 
20.300000 21.467000 -1.803320 
20.300000 21.567000 -1.802208 
20.300000 21.667000 -1.801392 
20.300000 21.767000 -1.800947 
20.300000 21.867000 -1.800913 
20.300000 21.967000 -1.801292 
20.300000 22.067000 -1.802051 
20.300000 22.167000 -1.803117 
20.300000 22.267000 -1.804393 
20.300000 22.367000 -1.805761 
20.300000 22.467000 -1.807097 
20.300000 22.567000 -1.808280 
20.300000 22.667000 -1.809202 
20.300000 22.767000 -1.809780 
20.400000 17.667000 -1.800889 
20.400000 17.767000 -1.801108 
20.400000 17.867000 -1.801730 
20.400000 17.967000 -1.802700 
20.400000 18.067000 -1.803929 
20.400000 18.167000 -1.805304 
20.400000 18.267000 -1.806701 
20.400000 18.367000 -1.807994 
20.400000 18.467000 -1.809067 
20.400000 18.567000 -1.809824 
20.400000 18.667000 -1.810198 
20.400000 18.767000 -1.810154 
20.400000 18.867000 -1.809699 
20.400000 18.967000 -1.808872 
20.400000 19.067000 -1.807749 
20.400000 19.167000 -1.806430 
20.400000 19.267000 -1.805034 
20.400000 19.367000 -1.803689 
20.400000 19.467000 -1.802518 
20.400000 19.567000 -1.801628 
20.400000 19.667000 -1.801100 
20.400000 19.767000 -1.800985 
20.400000 19.867000 -1.801293 
20.400000 19.967000 -1.801995 
20.400000 20.067000 -1.803028 
20.400000 20.167000 -1.804296 
20.400000 20.267000 -1.805685 
20.400000 20.367000 -1.807068 
20.400000 20.467000 -1.808321 
20.400000 20.567000 -1.809329 
20.400000 20.667000 -1.810004 
20.400000 20.767000 -1.810284 
20.400000 20.867000 -1.810145 
20.400000 20.967000 -1.809599 
20.400000 21.067000 -1.808695 
20.400000 21.167000 -1.807513 
20.400000 21.267000 -1.806159 
20.400000 21.367000 -1.804755 
20.400000 21.467000 -1.803429 
20.400000 21.567000 -1.802300 
20.400000 21.667000 -1.801472 
20.400000 21.767000 -1.801020 
20.400000 21.867000 -1.800985 
20.400000 21.967000 -1.801371 
20.400000 22.067000 -1.802140 
20.400000 22.167000 -1.803223 
20.400000 22.267000 -1.804518 
20.400000 22.367000 -1.805907 
20.400000 22.467000 -1.807263 
20.400000 22.567000 -1.808464 
20.400000 22.667000 -1.809400 
20.400000 22.767000 -1.809987 
20.500000 17.667000 -1.800817 
20.500000 17.767000 -1.801033 
20.500000 17.867000 -1.801646 
20.500000 17.967000 -1.802602 
20.500000 18.067000 -1.803812 
20.500000 18.167000 -1.805167 
20.500000 18.267000 -1.806544 
20.500000 18.367000 -1.807818 
20.500000 18.467000 -1.808875 
20.500000 18.567000 -1.809621 
20.500000 18.667000 -1.809988 
20.500000 18.767000 -1.809946 
20.500000 18.867000 -1.809497 
20.500000 18.967000 -1.808683 
20.500000 19.067000 -1.807576 
20.500000 19.167000 -1.806277 
20.500000 19.267000 -1.804902 
20.500000 19.367000 -1.803577 
20.500000 19.467000 -1.802423 
20.500000 19.567000 -1.801546 
20.500000 19.667000 -1.801027 
20.500000 19.767000 -1.800913 
20.500000 19.867000 -1.801216 
20.500000 19.967000 -1.801908 
20.500000 20.067000 -1.802926 
20.500000 20.167000 -1.804176 
20.500000 20.267000 -1.805544 
20.500000 20.367000 -1.806907 
20.500000 20.467000 -1.808140 
20.500000 20.567000 -1.809134 
20.500000 20.667000 -1.809798 
20.500000 20.767000 -1.810074 
20.500000 20.867000 -1.809938 
20.500000 20.967000 -1.809400 
20.500000 21.067000 -1.808509 
20.500000 21.167000 -1.807344 
20.500000 21.267000 -1.806010 
20.500000 21.367000 -1.804627 
20.500000 21.467000 -1.803320 
20.500000 21.567000 -1.802208 
20.500000 21.667000 -1.801392 
20.500000 21.767000 -1.800947 
20.500000 21.867000 -1.800913 
20.500000 21.967000 -1.801292 
20.500000 22.067000 -1.802051 
20.500000 22.167000 -1.803117 
20.500000 22.267000 -1.804393 
20.500000 22.367000 -1.805761 
20.500000 22.467000 -1.807097 
20.500000 22.567000 -1.808280 
20.500000 22.667000 -1.809202 
20.500000 22.767000 -1.809780 
20.600000 17.667000 -1.800616 
20.600000 17.767000 -1.800823 
20.600000 17.867000 -1.801409 
20.600000 17.967000 -1.802322 
20.600000 18.067000 -1.803479 
20.600000 18.167000 -1.804774 
20.600000 18.267000 -1.806089 
20.600000 18.367000 -1.807306 
20.600000 18.467000 -1.808316 
20.600000 18.567000 -1.809028 
20.600000 18.667000 -1.809379 
20.600000 18.767000 -1.809339 
20.600000 18.867000 -1.808911 
20.600000 18.967000 -1.808134 
20.600000 19.067000 -1.807077 
20.600000 19.167000 -1.805836 
20.600000 19.267000 -1.804523 
20.600000 19.367000 -1.803257 
20.600000 19.467000 -1.802155 
20.600000 19.567000 -1.801317 
20.600000 19.667000 -1.800821 
20.600000 19.767000 -1.800713 
20.600000 19.867000 -1.801003 
20.600000 19.967000 -1.801664 
20.600000 20.067000 -1.802636 
20.600000 20.167000 -1.803831 
20.600000 20.267000 -1.805138 
20.600000 20.367000 -1.806439 
20.600000 20.467000 -1.807617 
20.600000 20.567000 -1.808566 
20.600000 20.667000 -1.809200 
20.600000 20.767000 -1.809464 
20.600000 20.867000 -1.809333 
20.600000 20.967000 -1.808819 
20.600000 21.067000 -1.807968 
20.600000 21.167000 -1.806856 
20.600000 21.267000 -1.805581 
20.600000 21.367000 -1.804260 
20.600000 21.467000 -1.803011 
20.600000 21.567000 -1.801948 
20.600000 21.667000 -1.801169 
20.600000 21.767000 -1.800743 
20.600000 21.867000 -1.800710 
20.600000 21.967000 -1.801073 
20.600000 22.067000 -1.801797 
20.600000 22.167000 -1.802815 
20.600000 22.267000 -1.804034 
20.600000 22.367000 -1.805341 
20.600000 22.467000 -1.806617 
20.600000 22.567000 -1.807746 
20.600000 22.667000 -1.808626 
20.600000 22.767000 -1.809178 
20.700000 17.667000 -1.800331 
20.700000 17.767000 -1.800522 
20.700000 17.867000 -1.801064 
20.700000 17.967000 -1.801908 
20.700000 18.067000 -1.802977 
20.700000 18.167000 -1.804172 
20.700000 18.267000 -1.805387 
20.700000 18.367000 -1.806511 
20.700000 18.467000 -1.807443 
20.700000 18.567000 -1.808100 
20.700000 18.667000 -1.808425 
20.700000 18.767000 -1.808388 
20.700000 18.867000 -1.807993 
20.700000 18.967000 -1.807276 
20.700000 19.067000 -1.806301 
20.700000 19.167000 -1.805156 
20.700000 19.267000 -1.803945 
20.700000 19.367000 -1.802777 
20.700000 19.467000 -1.801759 
20.700000 19.567000 -1.800985 
20.700000 19.667000 -1.800528 
20.700000 19.767000 -1.800428 
20.700000 19.867000 -1.800696 
20.700000 19.967000 -1.801307 
20.700000 20.067000 -1.802205 
20.700000 20.167000 -1.803308 
20.700000 20.267000 -1.804515 
20.700000 20.367000 -1.805716 
20.700000 20.467000 -1.806803 
20.700000 20.567000 -1.807678 
20.700000 20.667000 -1.808263 
20.700000 20.767000 -1.808506 
20.700000 20.867000 -1.808385 
20.700000 20.967000 -1.807911 
20.700000 21.067000 -1.807125 
20.700000 21.167000 -1.806098 
20.700000 21.267000 -1.804922 
20.700000 21.367000 -1.803702 
20.700000 21.467000 -1.802548 
20.700000 21.567000 -1.801566 
20.700000 21.667000 -1.800846 
20.700000 21.767000 -1.800452 
20.700000 21.867000 -1.800422 
20.700000 21.967000 -1.800756 
20.700000 22.067000 -1.801425 
20.700000 22.167000 -1.802365 
20.700000 22.267000 -1.803490 
20.700000 22.367000 -1.804696 
20.700000 22.467000 -1.805874 
20.700000 22.567000 -1.806915 
20.700000 22.667000 -1.807727 
20.700000 22.767000 -1.808235 
20.800000 17.667000 -1.800027 
20.800000 17.767000 -1.800197 
20.800000 17.867000 -1.800679 
20.800000 17.967000 -1.801428 
20.800000 18.067000 -1.802377 
20.800000 18.167000 -1.803438 
20.800000 18.267000 -1.804515 
20.800000 18.367000 -1.805511 
20.800000 18.467000 -1.806337 
20.800000 18.567000 -1.806919 
20.800000 18.667000 -1.807207 
20.800000 18.767000 -1.807175 
20.800000 18.867000 -1.806826 
20.800000 18.967000 -1.806192 
20.800000 19.067000 -1.805329 
20.800000 19.167000 -1.804315 
20.800000 19.267000 -1.803241 
20.800000 19.367000 -1.802206 
20.800000 19.467000 -1.801304 
20.800000 19.567000 -1.800619 
20.800000 19.667000 -1.800213 
20.800000 19.767000 -1.800125 
20.800000 19.867000 -1.800363 
20.800000 19.967000 -1.800906 
20.800000 20.067000 -1.801703 
20.800000 20.167000 -1.802681 
20.800000 20.267000 -1.803751 
20.800000 20.367000 -1.804815 
20.800000 20.467000 -1.805778 
20.800000 20.567000 -1.806553 
20.800000 20.667000 -1.807070 
20.800000 20.767000 -1.807285 
20.800000 20.867000 -1.807177 
20.800000 20.967000 -1.806757 
20.800000 21.067000 -1.806060 
20.800000 21.167000 -1.805150 
20.800000 21.267000 -1.804107 
20.800000 21.367000 -1.803025 
20.800000 21.467000 -1.802002 
20.800000 21.567000 -1.801131 
20.800000 21.667000 -1.800491 
20.800000 21.767000 -1.800142 
20.800000 21.867000 -1.800114 
20.800000 21.967000 -1.800411 
20.800000 22.067000 -1.801003 
20.800000 22.167000 -1.801836 
20.800000 22.267000 -1.802833 
20.800000 22.367000 -1.803902 
20.800000 22.467000 -1.804944 
20.800000 22.567000 -1.805866 
20.800000 22.667000 -1.806584 
20.800000 22.767000 -1.807034 
20.900000 17.667000 -1.799784 
20.900000 17.767000 -1.799929 
20.900000 17.867000 -1.800336 
20.900000 17.967000 -1.800968 
20.900000 18.067000 -1.801767 
20.900000 18.167000 -1.802660 
20.900000 18.267000 -1.803567 
20.900000 18.367000 -1.804405 
20.900000 18.467000 -1.805099 
20.900000 18.567000 -1.805589 
20.900000 18.667000 -1.805831 
20.900000 18.767000 -1.805805 
20.900000 18.867000 -1.805513 
20.900000 18.967000 -1.804981 
20.900000 19.067000 -1.804256 
20.900000 19.167000 -1.803405 
20.900000 19.267000 -1.802503 
20.900000 19.367000 -1.801633 
20.900000 19.467000 -1.800874 
20.900000 19.567000 -1.800298 
20.900000 19.667000 -1.799957 
20.900000 19.767000 -1.799883 
20.900000 19.867000 -1.800085 
20.900000 19.967000 -1.800542 
20.900000 20.067000 -1.801214 
20.900000 20.167000 -1.802037 
20.900000 20.267000 -1.802937 
20.900000 20.367000 -1.803832 
20.900000 20.467000 -1.804640 
20.900000 20.567000 -1.805291 
20.900000 20.667000 -1.805725 
20.900000 20.767000 -1.805904 
20.900000 20.867000 -1.805813 
20.900000 20.967000 -1.805459 
20.900000 21.067000 -1.804874 
20.900000 21.167000 -1.804108 
20.900000 21.267000 -1.803231 
20.900000 21.367000 -1.802320 
20.900000 21.467000 -1.801459 
20.900000 21.567000 -1.800725 
20.900000 21.667000 -1.800186 
20.900000 21.767000 -1.799890 
20.900000 21.867000 -1.799867 
20.900000 21.967000 -1.800116 
20.900000 22.067000 -1.800614 
20.900000 22.167000 -1.801315 
20.900000 22.267000 -1.802153 
20.900000 22.367000 -1.803051 
20.900000 22.467000 -1.803926 
20.900000 22.567000 -1.804700 
20.900000 22.667000 -1.805301 
20.900000 22.767000 -1.805678 
21.000000 17.667000 -1.799685 
21.000000 17.767000 -1.799799 
21.000000 17.867000 -1.800119 
21.000000 17.967000 -1.800614 
21.000000 18.067000 -1.801239 
21.000000 18.167000 -1.801937 
21.000000 18.267000 -1.802645 
21.000000 18.367000 -1.803298 
21.000000 18.467000 -1.803840 
21.000000 18.567000 -1.804222 
21.000000 18.667000 -1.804411 
21.000000 18.767000 -1.804391 
21.000000 18.867000 -1.804165 
21.000000 18.967000 -1.803752 
21.000000 19.067000 -1.803189 
21.000000 19.167000 -1.802527 
21.000000 19.267000 -1.801825 
21.000000 19.367000 -1.801147 
21.000000 19.467000 -1.800556 
21.000000 19.567000 -1.800107 
21.000000 19.667000 -1.799842 
21.000000 19.767000 -1.799785 
21.000000 19.867000 -1.799943 
21.000000 19.967000 -1.800302 
21.000000 20.067000 -1.800826 
21.000000 20.167000 -1.801469 
21.000000 20.267000 -1.802171 
21.000000 20.367000 -1.802868 
21.000000 20.467000 -1.803497 
21.000000 20.567000 -1.804003 
21.000000 20.667000 -1.804339 
21.000000 20.767000 -1.804478 
21.000000 20.867000 -1.804406 
21.000000 20.967000 -1.804130 
21.000000 21.067000 -1.803674 
21.000000 21.167000 -1.803077 
21.000000 21.267000 -1.802393 
21.000000 21.367000 -1.801682 
21.000000 21.467000 -1.801009 
21.000000 21.567000 -1.800435 
21.000000 21.667000 -1.800013 
21.000000 21.767000 -1.799781 
21.000000 21.867000 -1.799762 
21.000000 21.967000 -1.799955 
21.000000 22.067000 -1.800344 
21.000000 22.167000 -1.800890 
21.000000 22.267000 -1.801543 
21.000000 22.367000 -1.802241 
21.000000 22.467000 -1.802922 
21.000000 22.567000 -1.803523 
21.000000 22.667000 -1.803989 
21.000000 22.767000 -1.804280 
21.100000 17.667000 -1.799800 
21.100000 17.767000 -1.799882 
21.100000 17.867000 -1.800104 
21.100000 17.967000 -1.800447 
21.100000 18.067000 -1.800878 
21.100000 18.167000 -1.801359 
21.100000 18.267000 -1.801845 
21.100000 18.367000 -1.802294 
21.100000 18.467000 -1.802665 
21.100000 18.567000 -1.802926 
21.100000 18.667000 -1.803057 
21.100000 18.767000 -1.803044 
21.100000 18.867000 -1.802891 
21.100000 18.967000 -1.802611 
21.100000 19.067000 -1.802228 
21.100000 19.167000 -1.801777 
21.100000 19.267000 -1.801298 
21.100000 19.367000 -1.800834 
21.100000 19.467000 -1.800429 
21.100000 19.567000 -1.800121 
21.100000 19.667000 -1.799940 
21.100000 19.767000 -1.799902 
21.100000 19.867000 -1.800012 
21.100000 19.967000 -1.800260 
21.100000 20.067000 -1.800622 
21.100000 20.167000 -1.801064 
21.100000 20.267000 -1.801545 
21.100000 20.367000 -1.802022 
21.100000 20.467000 -1.802452 
21.100000 20.567000 -1.802796 
21.100000 20.667000 -1.803024 
21.100000 20.767000 -1.803117 
21.100000 20.867000 -1.803067 
21.100000 20.967000 -1.802877 
21.100000 21.067000 -1.802565 
21.100000 21.167000 -1.802156 
21.100000 21.267000 -1.801686 
21.100000 21.367000 -1.801198 
21.100000 21.467000 -1.800734 
21.100000 21.567000 -1.800338 
21.100000 21.667000 -1.800046 
21.100000 21.767000 -1.799886 
21.100000 21.867000 -1.799871 
21.100000 21.967000 -1.800003 
21.100000 22.067000 -1.800269 
21.100000 22.167000 -1.800644 
21.100000 22.267000 -1.801090 
21.100000 22.367000 -1.801567 
21.100000 22.467000 -1.802031 
21.100000 22.567000 -1.802439 
21.100000 22.667000 -1.802756 
21.100000 22.767000 -1.802952 
21.200000 17.667000 -1.800183 
21.200000 17.767000 -1.800229 
21.200000 17.867000 -1.800347 
21.200000 17.967000 -1.800527 
21.200000 18.067000 -1.800751 
21.200000 18.167000 -1.800999 
21.200000 18.267000 -1.801249 
21.200000 18.367000 -1.801477 
21.200000 18.467000 -1.801666 
21.200000 18.567000 -1.801799 
21.200000 18.667000 -1.801866 
21.200000 18.767000 -1.801862 
21.200000 18.867000 -1.801788 
21.200000 18.967000 -1.801649 
21.200000 19.067000 -1.801459 
21.200000 19.167000 -1.801233 
21.200000 19.267000 -1.800992 
21.200000 19.367000 -1.800757 
21.200000 19.467000 -1.800551 
21.200000 19.567000 -1.800395 
21.200000 19.667000 -1.800303 
21.200000 19.767000 -1.800286 
21.200000 19.867000 -1.800345 
21.200000 19.967000 -1.800474 
21.200000 20.067000 -1.800662 
21.200000 20.167000 -1.800889 
21.200000 20.267000 -1.801135 
21.200000 20.367000 -1.801376 
21.200000 20.467000 -1.801592 
21.200000 20.567000 -1.801763 
21.200000 20.667000 -1.801875 
21.200000 20.767000 -1.801920 
21.200000 20.867000 -1.801893 
21.200000 20.967000 -1.801796 
21.200000 21.067000 -1.801637 
21.200000 21.167000 -1.801429 
21.200000 21.267000 -1.801189 
21.200000 21.367000 -1.800939 
21.200000 21.467000 -1.800700 
21.200000 21.567000 -1.800494 
21.200000 21.667000 -1.800342 
21.200000 21.767000 -1.800257 
21.200000 21.867000 -1.800247 
21.200000 21.967000 -1.800313 
21.200000 22.067000 -1.800449 
21.200000 22.167000 -1.800639 
21.200000 22.267000 -1.800865 
21.200000 22.367000 -1.801105 
21.200000 22.467000 -1.801337 
21.200000 22.567000 -1.801539 
21.200000 22.667000 -1.801694 
21.200000 22.767000 -1.801789 
21.300000 17.667000 -1.800856 
21.300000 17.767000 -1.800865 
21.300000 17.867000 -1.800876 
21.300000 17.967000 -1.800887 
21.300000 18.067000 -1.800897 
21.300000 18.167000 -1.800905 
21.300000 18.267000 -1.800910 
21.300000 18.367000 -1.800911 
21.300000 18.467000 -1.800912 
21.300000 18.567000 -1.800912 
21.300000 18.667000 -1.800914 
21.300000 18.767000 -1.800918 
21.300000 18.867000 -1.800925 
21.300000 18.967000 -1.800933 
21.300000 19.067000 -1.800941 
21.300000 19.167000 -1.800948 
21.300000 19.267000 -1.800953 
21.300000 19.367000 -1.800955 
21.300000 19.467000 -1.800955 
21.300000 19.567000 -1.800956 
21.300000 19.667000 -1.800957 
21.300000 19.767000 -1.800960 
21.300000 19.867000 -1.800966 
21.300000 19.967000 -1.800973 
21.300000 20.067000 -1.800980 
21.300000 20.167000 -1.800985 
21.300000 20.267000 -1.800987 
21.300000 20.367000 -1.800985 
21.300000 20.467000 -1.800980 
21.300000 20.567000 -1.800973 
21.300000 20.667000 -1.800966 
21.300000 20.767000 -1.800960 
21.300000 20.867000 -1.800957 
21.300000 20.967000 -1.800955 
21.300000 21.067000 -1.800955 
21.300000 21.167000 -1.800955 
21.300000 21.267000 -1.800953 
21.300000 21.367000 -1.800948 
21.300000 21.467000 -1.800941 
21.300000 21.567000 -1.800933 
21.300000 21.667000 -1.800924 
21.300000 21.767000 -1.800918 
21.300000 21.867000 -1.800913 
21.300000 21.967000 -1.800912 
21.300000 22.067000 -1.800912 
21.300000 22.167000 -1.800911 
21.300000 22.267000 -1.800909 
21.300000 22.367000 -1.800905 
21.300000 22.467000 -1.800897 
21.300000 22.567000 -1.800886 
21.300000 22.667000 -1.800875 
21.300000 22.767000 -1.800865 
21.400000 17.667000 -1.801811 
21.400000 17.767000 -1.801782 
21.400000 17.867000 -1.801685 
21.400000 17.967000 -1.801528 
21.400000 18.067000 -1.801324 
21.400000 18.167000 -1.801092 
21.400000 18.267000 -1.800851 
21.400000 18.367000 -1.800626 
21.400000 18.467000 -1.800438 
21.400000 18.567000 -1.800306 
21.400000 18.667000 -1.800242 
21.400000 18.767000 -1.800255 
21.400000 18.867000 -1.800343 
21.400000 18.967000 -1.800498 
21.400000 19.067000 -1.800705 
21.400000 19.167000 -1.800945 
21.400000 19.267000 -1.801195 
21.400000 19.367000 -1.801434 
21.400000 19.467000 -1.801640 
21.400000 19.567000 -1.801797 
21.400000 19.667000 -1.801891 
21.400000 19.767000 -1.801916 
21.400000 19.867000 -1.801868 
21.400000 19.967000 -1.801753 
21.400000 20.067000 -1.801580 
21.400000 20.167000 -1.801363 
21.400000 20.267000 -1.801121 
21.400000 20.367000 -1.800875 
21.400000 20.467000 -1.800649 
21.400000 20.567000 -1.800464 
21.400000 20.667000 -1.800337 
21.400000 20.767000 -1.800281 
21.400000 20.867000 -1.800302 
21.400000 20.967000 -1.800396 
21.400000 21.067000 -1.800555 
21.400000 21.167000 -1.800762 
21.400000 21.267000 -1.800997 
21.400000 21.367000 -1.801239 
21.400000 21.467000 -1.801464 
21.400000 21.567000 -1.801652 
21.400000 21.667000 -1.801788 
21.400000 21.767000 -1.801860 
21.400000 21.867000 -1.801861 
21.400000 21.967000 -1.801791 
21.400000 22.067000 -1.801656 
21.400000 22.167000 -1.801465 
21.400000 22.267000 -1.801235 
21.400000 22.367000 -1.800985 
21.400000 22.467000 -1.800738 
21.400000 22.567000 -1.800515 
21.400000 22.667000 -1.800337 
21.400000 22.767000 -1.800221 
21.500000 17.667000 -1.803003 
21.500000 17.767000 -1.802939 
21.500000 17.867000 -1.802737 
21.500000 17.967000 -1.802417 
21.500000 18.067000 -1.802006 
21.500000 18.167000 -1.801541 
21.500000 18.267000 -1.801064 
21.500000 18.367000 -1.800619 
21.500000 18.467000 -1.800249 
21.500000 18.567000 -1.799988 
21.500000 18.667000 -1.799861 
21.500000 18.767000 -1.799882 
21.500000 18.867000 -1.800048 
21.500000 18.967000 -1.800345 
21.500000 19.067000 -1.800744 
21.500000 19.167000 -1.801209 
21.500000 19.267000 -1.801698 
21.500000 19.367000 -1.802166 
21.500000 19.467000 -1.802572 
21.500000 19.567000 -1.802880 
21.500000 19.667000 -1.803064 
21.500000 19.767000 -1.803108 
21.500000 19.867000 -1.803010 
21.500000 19.967000 -1.802776 
21.500000 20.067000 -1.802428 
21.500000 20.167000 -1.801996 
21.500000 20.267000 -1.801518 
21.500000 20.367000 -1.801037 
21.500000 20.467000 -1.800598 
21.500000 20.567000 -1.800240 
21.500000 20.667000 -1.799997 
21.500000 20.767000 -1.799893 
21.500000 20.867000 -1.799936 
21.500000 20.967000 -1.800123 
21.500000 21.067000 -1.800436 
21.500000 21.167000 -1.800844 
21.500000 21.267000 -1.801309 
21.500000 21.367000 -1.801788 
21.500000 21.467000 -1.802238 
21.500000 21.567000 -1.802617 
21.500000 21.667000 -1.802892 
21.500000 21.767000 -1.803040 
21.500000 21.867000 -1.803046 
21.500000 21.967000 -1.802910 
21.500000 22.067000 -1.802644 
21.500000 22.167000 -1.802269 
21.500000 22.267000 -1.801819 
21.500000 22.367000 -1.801332 
21.500000 22.467000 -1.800852 
21.500000 22.567000 -1.800423 
21.500000 22.667000 -1.800085 
21.500000 22.767000 -1.799868 
21.600000 17.667000 -1.804358 
21.600000 17.767000 -1.804261 
21.600000 17.867000 -1.803962 
21.600000 17.967000 -1.803489 
21.600000 18.067000 -1.802884 
21.600000 18.167000 -1.802202 
21.600000 18.267000 -1.801504 
21.600000 18.367000 -1.800854 
21.600000 18.467000 -1.800313 
21.600000 18.567000 -1.799932 
21.600000 18.667000 -1.799747 
21.600000 18.767000 -1.799775 
21.600000 18.867000 -1.800014 
21.600000 18.967000 -1.800444 
21.600000 19.067000 -1.801023 
21.600000 19.167000 -1.801698 
21.600000 19.267000 -1.802409 
21.600000 19.367000 -1.803091 
21.600000 19.467000 -1.803683 
21.600000 19.567000 -1.804133 
21.600000 19.667000 -1.804401 
21.600000 19.767000 -1.804465 
21.600000 19.867000 -1.804318 
21.600000 19.967000 -1.803974 
21.600000 20.067000 -1.803462 
21.600000 20.167000 -1.802829 
21.600000 20.267000 -1.802131 
21.600000 20.367000 -1.801430 
21.600000 20.467000 -1.800791 
21.600000 20.567000 -1.800272 
21.600000 20.667000 -1.799921 
21.600000 20.767000 -1.799772 
21.600000 20.867000 -1.799837 
21.600000 20.967000 -1.800110 
21.600000 21.067000 -1.800566 
21.600000 21.167000 -1.801162 
21.600000 21.267000 -1.801842 
21.600000 21.367000 -1.802543 
21.600000 21.467000 -1.803202 
21.600000 21.567000 -1.803760 
21.600000 21.667000 -1.804166 
21.600000 21.767000 -1.804384 
21.600000 21.867000 -1.804395 
21.600000 21.967000 -1.804198 
21.600000 22.067000 -1.803809 
21.600000 22.167000 -1.803262 
21.600000 22.267000 -1.802605 
21.600000 22.367000 -1.801897 
21.600000 22.467000 -1.801201 
21.600000 22.567000 -1.800580 
21.600000 22.667000 -1.800091 
21.600000 22.767000 -1.799779 
21.700000 17.667000 -1.805779 
21.700000 17.767000 -1.805652 
21.700000 17.867000 -1.805266 
21.700000 17.967000 -1.804656 
21.700000 18.067000 -1.803877 
21.700000 18.167000 -1.802999 
21.700000 18.267000 -1.802102 
21.700000 18.367000 -1.801268 
21.700000 18.467000 -1.800574 
21.700000 18.567000 -1.800085 
21.700000 18.667000 -1.799847 
21.700000 18.767000 -1.799882 
21.700000 18.867000 -1.800187 
21.700000 18.967000 -1.800735 
21.700000 19.067000 -1.801476 
21.700000 19.167000 -1.802341 
21.700000 19.267000 -1.803252 
21.700000 19.367000 -1.804126 
21.700000 19.467000 -1.804885 
21.700000 19.567000 -1.805463 
21.700000 19.667000 -1.805806 
21.700000 19.767000 -1.805887 
21.700000 19.867000 -1.805697 
21.700000 19.967000 -1.805253 
21.700000 20.067000 -1.804595 
21.700000 20.167000 -1.803781 
21.700000 20.267000 -1.802885 
21.700000 20.367000 -1.801986 
21.700000 20.467000 -1.801168 
21.700000 20.567000 -1.800504 
21.700000 20.667000 -1.800056 
21.700000 20.767000 -1.799865 
21.700000 20.867000 -1.799950 
21.700000 20.967000 -1.800301 
21.700000 21.067000 -1.800886 
21.700000 21.167000 -1.801650 
21.700000 21.267000 -1.802523 
21.700000 21.367000 -1.803425 
21.700000 21.467000 -1.804273 
21.700000 21.567000 -1.804990 
21.700000 21.667000 -1.805514 
21.700000 21.767000 -1.805796 
21.700000 21.867000 -1.805811 
21.700000 21.967000 -1.805558 
21.700000 22.067000 -1.805059 
21.700000 22.167000 -1.804358 
21.700000 22.267000 -1.803516 
21.700000 22.367000 -1.802608 
21.700000 22.467000 -1.801717 
21.700000 22.567000 -1.800923 
21.700000 22.667000 -1.800299 
21.700000 22.767000 -1.799902 
21.800000 17.667000 -1.807155 
21.800000 17.767000 -1.807002 
21.800000 17.867000 -1.806541 
21.800000 17.967000 -1.805813 
21.800000 18.067000 -1.804885 
21.800000 18.167000 -1.803839 
21.800000 18.267000 -1.802772 
21.800000 18.367000 -1.801780 
21.800000 18.467000 -1.800955 
21.800000 18.567000 -1.800373 
21.800000 18.667000 -1.800089 
21.800000 18.767000 -1.800130 
21.800000 18.867000 -1.800492 
21.800000 18.967000 -1.801142 
21.800000 19.067000 -1.802021 
21.800000 19.167000 -1.803048 
21.800000 19.267000 -1.804131 
21.800000 19.367000 -1.805170 
21.800000 19.467000 -1.806073 
21.800000 19.567000 -1.806760 
21.800000 19.667000 -1.807168 
21.800000 19.767000 -1.807263 
21.800000 19.867000 -1.807036 
21.800000 19.967000 -1.806507 
21.800000 20.067000 -1.805723 
21.800000 20.167000 -1.804754 
21.800000 20.267000 -1.803688 
21.800000 20.367000 -1.802620 
21.800000 20.467000 -1.801647 
21.800000 20.567000 -1.800859 
21.800000 20.667000 -1.800328 
21.800000 20.767000 -1.800103 
21.800000 20.867000 -1.800204 
21.800000 20.967000 -1.800621 
21.800000 21.067000 -1.801317 
21.800000 21.167000 -1.802226 
21.800000 21.267000 -1.803264 
21.800000 21.367000 -1.804337 
21.800000 21.467000 -1.805347 
21.800000 21.567000 -1.806202 
21.800000 21.667000 -1.806826 
21.800000 21.767000 -1.807163 
21.800000 21.867000 -1.807182 
21.800000 21.967000 -1.806882 
21.800000 22.067000 -1.806288 
21.800000 22.167000 -1.805454 
21.800000 22.267000 -1.804453 
21.800000 22.367000 -1.803375 
21.800000 22.467000 -1.802317 
21.800000 22.567000 -1.801375 
21.800000 22.667000 -1.800635 
21.800000 22.767000 -1.800165 
21.900000 17.667000 -1.808372 
21.900000 17.767000 -1.808198 
21.900000 17.867000 -1.807676 
21.900000 17.967000 -1.806854 
21.900000 18.067000 -1.805805 
21.900000 18.167000 -1.804624 
21.900000 18.267000 -1.803419 
21.900000 18.367000 -1.802300 
21.900000 18.467000 -1.801369 
21.900000 18.567000 -1.800713 
21.900000 18.667000 -1.800392 
21.900000 18.767000 -1.800438 
21.900000 18.867000 -1.800845 
21.900000 18.967000 -1.801578 
21.900000 19.067000 -1.802568 
21.900000 19.167000 -1.803726 
21.900000 19.267000 -1.804947 
21.900000 19.367000 -1.806119 
21.900000 19.467000 -1.807138 
21.900000 19.567000 -1.807913 
21.900000 19.667000 -1.808373 
21.900000 19.767000 -1.808480 
21.900000 19.867000 -1.808223 
21.900000 19.967000 -1.807625 
21.900000 20.067000 -1.806740 
21.900000 20.167000 -1.805646 
21.900000 20.267000 -1.804443 
21.900000 20.367000 -1.803238 
21.900000 20.467000 -1.802141 
21.900000 20.567000 -1.801253 
21.900000 20.667000 -1.800655 
21.900000 20.767000 -1.800401 
21.900000 20.867000 -1.800516 
21.900000 20.967000 -1.800987 
21.900000 21.067000 -1.801772 
21.900000 21.167000 -1.802798 
21.900000 21.267000 -1.803969 
21.900000 21.367000 -1.805181 
21.900000 21.467000 -1.806321 
21.900000 21.567000 -1.807287 
21.900000 21.667000 -1.807992 
21.900000 21.767000 -1.808373 
21.900000 21.867000 -1.808395 
21.900000 21.967000 -1.808056 
21.900000 22.067000 -1.807387 
21.900000 22.167000 -1.806445 
21.900000 22.267000 -1.805316 
21.900000 22.367000 -1.804100 
21.900000 22.467000 -1.802907 
21.900000 22.567000 -1.801846 
21.900000 22.667000 -1.801013 
21.900000 22.767000 -1.800484 
22.000000 17.667000 -1.809325 
22.000000 17.767000 -1.809136 
22.000000 17.867000 -1.808570 
22.000000 17.967000 -1.807678 
22.000000 18.067000 -1.806541 
22.000000 18.167000 -1.805261 
22.000000 18.267000 -1.803956 
22.000000 18.367000 -1.802743 
22.000000 18.467000 -1.801734 
22.000000 18.567000 -1.801024 
22.000000 18.667000 -1.800676 
22.000000 18.767000 -1.800725 
22.000000 18.867000 -1.801166 
22.000000 18.967000 -1.801959 
22.000000 19.067000 -1.803031 
22.000000 19.167000 -1.804285 
22.000000 19.267000 -1.805607 
22.000000 19.367000 -1.806876 
22.000000 19.467000 -1.807980 
22.000000 19.567000 -1.808819 
22.000000 19.667000 -1.809318 
22.000000 19.767000 -1.809433 
22.000000 19.867000 -1.809154 
22.000000 19.967000 -1.808506 
22.000000 20.067000 -1.807546 
22.000000 20.167000 -1.806361 
22.000000 20.267000 -1.805057 
22.000000 20.367000 -1.803752 
22.000000 20.467000 -1.802565 
22.000000 20.567000 -1.801604 
22.000000 20.667000 -1.800956 
22.000000 20.767000 -1.800682 
22.000000 20.867000 -1.800806 
22.000000 20.967000 -1.801317 
22.000000 21.067000 -1.802167 
22.000000 21.167000 -1.803278 
22.000000 21.267000 -1.804548 
22.000000 21.367000 -1.805860 
22.000000 21.467000 -1.807096 
22.000000 21.567000 -1.808143 
22.000000 21.667000 -1.808908 
22.000000 21.767000 -1.809321 
22.000000 21.867000 -1.809345 
22.000000 21.967000 -1.808979 
22.000000 22.067000 -1.808253 
22.000000 22.167000 -1.807233 
22.000000 22.267000 -1.806010 
22.000000 22.367000 -1.804693 
22.000000 22.467000 -1.803402 
22.000000 22.567000 -1.802253 
22.000000 22.667000 -1.801351 
22.000000 22.767000 -1.800779 
22.100000 17.667000 -1.809931 
22.100000 17.767000 -1.809733 
22.100000 17.867000 -1.809140 
22.100000 17.967000 -1.808206 
22.100000 18.067000 -1.807015 
22.100000 18.167000 -1.805675 
22.100000 18.267000 -1.804308 
22.100000 18.367000 -1.803038 
22.100000 18.467000 -1.801982 
22.100000 18.567000 -1.801238 
22.100000 18.667000 -1.800875 
22.100000 18.767000 -1.800925 
22.100000 18.867000 -1.801386 
22.100000 18.967000 -1.802216 
22.100000 19.067000 -1.803338 
22.100000 19.167000 -1.804651 
22.100000 19.267000 -1.806034 
22.100000 19.367000 -1.807363 
22.100000 19.467000 -1.808519 
22.100000 19.567000 -1.809397 
22.100000 19.667000 -1.809920 
22.100000 19.767000 -1.810040 
22.100000 19.867000 -1.809747 
22.100000 19.967000 -1.809068 
22.100000 20.067000 -1.808063 
22.100000 20.167000 -1.806822 
22.100000 20.267000 -1.805457 
22.100000 20.367000 -1.804091 
22.100000 20.467000 -1.802849 
22.100000 20.567000 -1.801842 
22.100000 20.667000 -1.801165 
22.100000 20.767000 -1.800878 
22.100000 20.867000 -1.801008 
22.100000 20.967000 -1.801543 
22.100000 21.067000 -1.802433 
22.100000 21.167000 -1.803596 
22.100000 21.267000 -1.804926 
22.100000 21.367000 -1.806300 
22.100000 21.467000 -1.807594 
22.100000 21.567000 -1.808690 
22.100000 21.667000 -1.809491 
22.100000 21.767000 -1.809924 
22.100000 21.867000 -1.809950 
22.100000 21.967000 -1.809566 
22.100000 22.067000 -1.808807 
22.100000 22.167000 -1.807739 
22.100000 22.267000 -1.806458 
22.100000 22.367000 -1.805080 
22.100000 22.467000 -1.803729 
22.100000 22.567000 -1.802526 
22.100000 22.667000 -1.801583 
22.100000 22.767000 -1.800985 
22.200000 17.667000 -1.810137 
22.200000 17.767000 -1.809935 
22.200000 17.867000 -1.809333 
22.200000 17.967000 -1.808385 
22.200000 18.067000 -1.807176 
22.200000 18.167000 -1.805816 
22.200000 18.267000 -1.804428 
22.200000 18.367000 -1.803139 
22.200000 18.467000 -1.802068 
22.200000 18.567000 -1.801312 
22.200000 18.667000 -1.800943 
22.200000 18.767000 -1.800995 
22.200000 18.867000 -1.801463 
22.200000 18.967000 -1.802304 
22.200000 19.067000 -1.803443 
22.200000 19.167000 -1.804775 
22.200000 19.267000 -1.806179 
22.200000 19.367000 -1.807529 
22.200000 19.467000 -1.808702 
22.200000 19.567000 -1.809593 
22.200000 19.667000 -1.810123 
22.200000 19.767000 -1.810246 
22.200000 19.867000 -1.809949 
22.200000 19.967000 -1.809259 
22.200000 20.067000 -1.808239 
22.200000 20.167000 -1.806979 
22.200000 20.267000 -1.805594 
22.200000 20.367000 -1.804207 
22.200000 20.467000 -1.802946 
22.200000 20.567000 -1.801924 
22.200000 20.667000 -1.801237 
22.200000 20.767000 -1.800946 
22.200000 20.867000 -1.801078 
22.200000 20.967000 -1.801621 
22.200000 21.067000 -1.802525 
22.200000 21.167000 -1.803705 
22.200000 21.267000 -1.805054 
22.200000 21.367000 -1.806449 
22.200000 21.467000 -1.807763 
22.200000 21.567000 -1.808876 
22.200000 21.667000 -1.809689 
22.200000 21.767000 -1.810129 
22.200000 21.867000 -1.810155 
22.200000 21.967000 -1.809766 
22.200000 22.067000 -1.808995 
22.200000 22.167000 -1.807911 
22.200000 22.267000 -1.806611 
22.200000 22.367000 -1.805212 
22.200000 22.467000 -1.803840 
22.200000 22.567000 -1.802620 
22.200000 22.667000 -1.801663 
22.200000 22.767000 -1.801056 
22.300000 17.667000 -1.809923 
22.300000 17.767000 -1.809725 
22.300000 17.867000 -1.809132 
22.300000 17.967000 -1.808198 
22.300000 18.067000 -1.807007 
22.300000 18.167000 -1.805667 
22.300000 18.267000 -1.804300 
22.300000 18.367000 -1.803030 
22.300000 18.467000 -1.801974 
22.300000 18.567000 -1.801230 
22.300000 18.667000 -1.800866 
22.300000 18.767000 -1.800917 
22.300000 18.867000 -1.801378 
22.300000 18.967000 -1.802208 
22.300000 19.067000 -1.803330 
22.300000 19.167000 -1.804642 
22.300000 19.267000 -1.806026 
22.300000 19.367000 -1.807355 
22.300000 19.467000 -1.808511 
22.300000 19.567000 -1.809389 
22.300000 19.667000 -1.809911 
22.300000 19.767000 -1.810032 
22.300000 19.867000 -1.809739 
22.300000 19.967000 -1.809060 
22.300000 20.067000 -1.808055 
22.300000 20.167000 -1.806814 
22.300000 20.267000 -1.805449 
22.300000 20.367000 -1.804083 
22.300000 20.467000 -1.802840 
22.300000 20.567000 -1.801834 
22.300000 20.667000 -1.801157 
22.300000 20.767000 -1.800870 
22.300000 20.867000 -1.801000 
22.300000 20.967000 -1.801535 
22.300000 21.067000 -1.802425 
22.300000 21.167000 -1.803588 
22.300000 21.267000 -1.804917 
22.300000 21.367000 -1.806292 
22.300000 21.467000 -1.807586 
22.300000 21.567000 -1.808682 
22.300000 21.667000 -1.809483 
22.300000 21.767000 -1.809916 
22.300000 21.867000 -1.809942 
22.300000 21.967000 -1.809558 
22.300000 22.067000 -1.808799 
22.300000 22.167000 -1.807731 
22.300000 22.267000 -1.806450 
22.300000 22.367000 -1.805072 
22.300000 22.467000 -1.803721 
22.300000 22.567000 -1.802518 
22.300000 22.667000 -1.801575 
22.300000 22.767000 -1.800977 
22.400000 17.667000 -1.809309 
22.400000 17.767000 -1.809120 
22.400000 17.867000 -1.808554 
22.400000 17.967000 -1.807662 
22.400000 18.067000 -1.806525 
22.400000 18.167000 -1.805245 
22.400000 18.267000 -1.803939 
22.400000 18.367000 -1.802727 
22.400000 18.467000 -1.801718 
22.400000 18.567000 -1.801008 
22.400000 18.667000 -1.800660 
22.400000 18.767000 -1.800709 
22.400000 18.867000 -1.801150 
22.400000 18.967000 -1.801942 
22.400000 19.067000 -1.803015 
22.400000 19.167000 -1.804269 
22.400000 19.267000 -1.805590 
22.400000 19.367000 -1.806860 
22.400000 19.467000 -1.807964 
22.400000 19.567000 -1.808803 
22.400000 19.667000 -1.809302 
22.400000 19.767000 -1.809417 
22.400000 19.867000 -1.809138 
22.400000 19.967000 -1.808490 
22.400000 20.067000 -1.807530 
22.400000 20.167000 -1.806345 
22.400000 20.267000 -1.805041 
22.400000 20.367000 -1.803736 
22.400000 20.467000 -1.802549 
22.400000 20.567000 -1.801587 
22.400000 20.667000 -1.800940 
22.400000 20.767000 -1.800666 
22.400000 20.867000 -1.800790 
22.400000 20.967000 -1.801301 
22.400000 21.067000 -1.802151 
22.400000 21.167000 -1.803262 
22.400000 21.267000 -1.804532 
22.400000 21.367000 -1.805844 
22.400000 21.467000 -1.807080 
22.400000 21.567000 -1.808127 
22.400000 21.667000 -1.808892 
22.400000 21.767000 -1.809305 
22.400000 21.867000 -1.809329 
22.400000 21.967000 -1.808963 
22.400000 22.067000 -1.808237 
22.400000 22.167000 -1.807217 
22.400000 22.267000 -1.805994 
22.400000 22.367000 -1.804677 
22.400000 22.467000 -1.803386 
22.400000 22.567000 -1.802237 
22.400000 22.667000 -1.801335 
22.400000 22.767000 -1.800763 
22.500000 17.667000 -1.808348 
22.500000 17.767000 -1.808174 
22.500000 17.867000 -1.807652 
22.500000 17.967000 -1.806830 
22.500000 18.067000 -1.805781 
22.500000 18.167000 -1.804600 
22.500000 18.267000 -1.803395 
22.500000 18.367000 -1.802276 
22.500000 18.467000 -1.801345 
22.500000 18.567000 -1.800689 
22.500000 18.667000 -1.800368 
22.500000 18.767000 -1.800413 
22.500000 18.867000 -1.800821 
22.500000 18.967000 -1.801553 
22.500000 19.067000 -1.802544 
22.500000 19.167000 -1.803702 
22.500000 19.267000 -1.804923 
22.500000 19.367000 -1.806095 
22.500000 19.467000 -1.807114 
22.500000 19.567000 -1.807888 
22.500000 19.667000 -1.808349 
22.500000 19.767000 -1.808456 
22.500000 19.867000 -1.808199 
22.500000 19.967000 -1.807601 
22.500000 20.067000 -1.806715 
22.500000 20.167000 -1.805622 
22.500000 20.267000 -1.804418 
22.500000 20.367000 -1.803214 
22.500000 20.467000 -1.802117 
22.500000 20.567000 -1.801229 
22.500000 20.667000 -1.800630 
22.500000 20.767000 -1.800377 
22.500000 20.867000 -1.800491 
22.500000 20.967000 -1.800963 
22.500000 21.067000 -1.801748 
22.500000 21.167000 -1.802773 
22.500000 21.267000 -1.803945 
22.500000 21.367000 -1.805156 
22.500000 21.467000 -1.806296 
22.500000 21.567000 -1.807263 
22.500000 21.667000 -1.807968 
22.500000 21.767000 -1.808348 
22.500000 21.867000 -1.808371 
22.500000 21.967000 -1.808032 
22.500000 22.067000 -1.807362 
22.500000 22.167000 -1.806421 
22.500000 22.267000 -1.805292 
22.500000 22.367000 -1.804076 
22.500000 22.467000 -1.802883 
22.500000 22.567000 -1.801822 
22.500000 22.667000 -1.800988 
22.500000 22.767000 -1.800460 
22.600000 17.667000 -1.807123 
22.600000 17.767000 -1.806970 
22.600000 17.867000 -1.806509 
22.600000 17.967000 -1.805781 
22.600000 18.067000 -1.804853 
22.600000 18.167000 -1.803807 
22.600000 18.267000 -1.802740 
22.600000 18.367000 -1.801748 
22.600000 18.467000 -1.800922 
22.600000 18.567000 -1.800341 
22.600000 18.667000 -1.800057 
22.600000 18.767000 -1.800098 
22.600000 18.867000 -1.800460 
22.600000 18.967000 -1.801110 
22.600000 19.067000 -1.801989 
22.600000 19.167000 -1.803016 
22.600000 19.267000 -1.804098 
22.600000 19.367000 -1.805138 
22.600000 19.467000 -1.806041 
22.600000 19.567000 -1.806727 
22.600000 19.667000 -1.807136 
22.600000 19.767000 -1.807231 
22.600000 19.867000 -1.807003 
22.600000 19.967000 -1.806474 
22.600000 20.067000 -1.805691 
22.600000 20.167000 -1.804722 
22.600000 20.267000 -1.803655 
22.600000 20.367000 -1.802587 
22.600000 20.467000 -1.801615 
22.600000 20.567000 -1.800827 
22.600000 20.667000 -1.800296 
22.600000 20.767000 -1.800070 
22.600000 20.867000 -1.800171 
22.600000 20.967000 -1.800589 
22.600000 21.067000 -1.801285 
22.600000 21.167000 -1.802194 
22.600000 21.267000 -1.803232 
22.600000 21.367000 -1.804305 
22.600000 21.467000 -1.805315 
22.600000 21.567000 -1.806170 
22.600000 21.667000 -1.806794 
22.600000 21.767000 -1.807131 
22.600000 21.867000 -1.807150 
22.600000 21.967000 -1.806850 
22.600000 22.067000 -1.806256 
22.600000 22.167000 -1.805422 
22.600000 22.267000 -1.804421 
22.600000 22.367000 -1.803342 
22.600000 22.467000 -1.802284 
22.600000 22.567000 -1.801342 
22.600000 22.667000 -1.800602 
22.600000 22.767000 -1.800132 
22.700000 17.667000 -1.805739 
22.700000 17.767000 -1.805612 
22.700000 17.867000 -1.805226 
22.700000 17.967000 -1.804616 
22.700000 18.067000 -1.803836 
22.700000 18.167000 -1.802959 
22.700000 18.267000 -1.802062 
22.700000 18.367000 -1.801228 
22.700000 18.467000 -1.800534 
22.700000 18.567000 -1.800045 
22.700000 18.667000 -1.799806 
22.700000 18.767000 -1.799841 
22.700000 18.867000 -1.800147 
22.700000 18.967000 -1.800695 
22.700000 19.067000 -1.801435 
22.700000 19.167000 -1.802300 
22.700000 19.267000 -1.803211 
22.700000 19.367000 -1.804085 
22.700000 19.467000 -1.804845 
22.700000 19.567000 -1.805422 
22.700000 19.667000 -1.805766 
22.700000 19.767000 -1.805846 
22.700000 19.867000 -1.805656 
22.700000 19.967000 -1.805212 
22.700000 20.067000 -1.804554 
22.700000 20.167000 -1.803741 
22.700000 20.267000 -1.802844 
22.700000 20.367000 -1.801946 
22.700000 20.467000 -1.801127 
22.700000 20.567000 -1.800463 
22.700000 20.667000 -1.800015 
22.700000 20.767000 -1.799825 
22.700000 20.867000 -1.799909 
22.700000 20.967000 -1.800260 
22.700000 21.067000 -1.800845 
22.700000 21.167000 -1.801610 
22.700000 21.267000 -1.802483 
22.700000 21.367000 -1.803384 
22.700000 21.467000 -1.804232 
22.700000 21.567000 -1.804950 
22.700000 21.667000 -1.805473 
22.700000 21.767000 -1.805755 
22.700000 21.867000 -1.805771 
22.700000 21.967000 -1.805518 
22.700000 22.067000 -1.805019 
22.700000 22.167000 -1.804317 
22.700000 22.267000 -1.803475 
22.700000 22.367000 -1.802568 
22.700000 22.467000 -1.801677 
22.700000 22.567000 -1.800883 
22.700000 22.667000 -1.800259 
22.700000 22.767000 -1.799862 
22.800000 17.667000 -1.804309 
22.800000 17.767000 -1.804212 
22.800000 17.867000 -1.803914 
22.800000 17.967000 -1.803441 
22.800000 18.067000 -1.802836 
22.800000 18.167000 -1.802153 
22.800000 18.267000 -1.801455 
22.800000 18.367000 -1.800805 
22.800000 18.467000 -1.800265 
22.800000 18.567000 -1.799883 
22.800000 18.667000 -1.799698 
22.800000 18.767000 -1.799726 
22.800000 18.867000 -1.799966 
22.800000 18.967000 -1.800395 
22.800000 19.067000 -1.800974 
22.800000 19.167000 -1.801650 
22.800000 19.267000 -1.802361 
22.800000 19.367000 -1.803043 
22.800000 19.467000 -1.803635 
22.800000 19.567000 -1.804084 
22.800000 19.667000 -1.804353 
22.800000 19.767000 -1.804416 
22.800000 19.867000 -1.804269 
22.800000 19.967000 -1.803925 
22.800000 20.067000 -1.803414 
22.800000 20.167000 -1.802781 
22.800000 20.267000 -1.802082 
22.800000 20.367000 -1.801382 
22.800000 20.467000 -1.800742 
22.800000 20.567000 -1.800223 
22.800000 20.667000 -1.799873 
22.800000 20.767000 -1.799723 
22.800000 20.867000 -1.799788 
22.800000 20.967000 -1.800061 
22.800000 21.067000 -1.800517 
22.800000 21.167000 -1.801113 
22.800000 21.267000 -1.801793 
22.800000 21.367000 -1.802494 
22.800000 21.467000 -1.803154 
22.800000 21.567000 -1.803711 
22.800000 21.667000 -1.804117 
22.800000 21.767000 -1.804336 
22.800000 21.867000 -1.804347 
22.800000 21.967000 -1.804149 
22.800000 22.067000 -1.803760 
22.800000 22.167000 -1.803214 
22.800000 22.267000 -1.802557 
22.800000 22.367000 -1.801848 
22.800000 22.467000 -1.801152 
22.800000 22.567000 -1.800531 
22.800000 22.667000 -1.800042 
22.800000 22.767000 -1.799731 
22.900000 17.667000 -1.802946 
22.900000 17.767000 -1.802882 
22.900000 17.867000 -1.802681 
22.900000 17.967000 -1.802360 
22.900000 18.067000 -1.801949 
22.900000 18.167000 -1.801484 
22.900000 18.267000 -1.801007 
22.900000 18.367000 -1.800562 
22.900000 18.467000 -1.800192 
22.900000 18.567000 -1.799931 
22.900000 18.667000 -1.799804 
22.900000 18.767000 -1.799825 
22.900000 18.867000 -1.799991 
22.900000 18.967000 -1.800288 
22.900000 19.067000 -1.800687 
22.900000 19.167000 -1.801152 
22.900000 19.267000 -1.801641 
22.900000 19.367000 -1.802109 
22.900000 19.467000 -1.802515 
22.900000 19.567000 -1.802823 
22.900000 19.667000 -1.803007 
22.900000 19.767000 -1.803051 
22.900000 19.867000 -1.802953 
22.900000 19.967000 -1.802719 
22.900000 20.067000 -1.802371 
22.900000 20.167000 -1.801939 
22.900000 20.267000 -1.801461 
22.900000 20.367000 -1.800980 
22.900000 20.467000 -1.800541 
22.900000 20.567000 -1.800183 
22.900000 20.667000 -1.799940 
22.900000 20.767000 -1.799836 
22.900000 20.867000 -1.799879 
22.900000 20.967000 -1.800066 
22.900000 21.067000 -1.800379 
22.900000 21.167000 -1.800787 
22.900000 21.267000 -1.801252 
22.900000 21.367000 -1.801731 
22.900000 21.467000 -1.802181 
22.900000 21.567000 -1.802560 
22.900000 21.667000 -1.802835 
22.900000 21.767000 -1.802983 
22.900000 21.867000 -1.802989 
22.900000 21.967000 -1.802854 
22.900000 22.067000 -1.802587 
22.900000 22.167000 -1.802212 
22.900000 22.267000 -1.801762 
22.900000 22.367000 -1.801275 
22.900000 22.467000 -1.800795 
22.900000 22.567000 -1.800367 
22.900000 22.667000 -1.800028 
22.900000 22.767000 -1.799811 
23.000000 17.667000 -1.801746 
23.000000 17.767000 -1.801717 
23.000000 17.867000 -1.801620 
23.000000 17.967000 -1.801463 
23.000000 18.067000 -1.801259 
23.000000 18.167000 -1.801026 
23.000000 18.267000 -1.800786 
23.000000 18.367000 -1.800561 
23.000000 18.467000 -1.800373 
23.000000 18.567000 -1.800240 
23.000000 18.667000 -1.800177 
23.000000 18.767000 -1.800190 
23.000000 18.867000 -1.800277 
23.000000 18.967000 -1.800432 
23.000000 19.067000 -1.800640 
23.000000 19.167000 -1.800879 
23.000000 19.267000 -1.801130 
23.000000 19.367000 -1.801369 
23.000000 19.467000 -1.801575 
23.000000 19.567000 -1.801732 
23.000000 19.667000 -1.801826 
23.000000 19.767000 -1.801850 
23.000000 19.867000 -1.801803 
23.000000 19.967000 -1.801688 
23.000000 20.067000 -1.801515 
23.000000 20.167000 -1.801297 
23.000000 20.267000 -1.801055 
23.000000 20.367000 -1.800810 
23.000000 20.467000 -1.800584 
23.000000 20.567000 -1.800399 
23.000000 20.667000 -1.800272 
23.000000 20.767000 -1.800216 
23.000000 20.867000 -1.800236 
23.000000 20.967000 -1.800331 
23.000000 21.067000 -1.800490 
23.000000 21.167000 -1.800697 
23.000000 21.267000 -1.800932 
23.000000 21.367000 -1.801173 
23.000000 21.467000 -1.801398 
23.000000 21.567000 -1.801587 
23.000000 21.667000 -1.801723 
23.000000 21.767000 -1.801795 
23.000000 21.867000 -1.801796 
23.000000 21.967000 -1.801726 
23.000000 22.067000 -1.801590 
23.000000 22.167000 -1.801400 
23.000000 22.267000 -1.801170 
23.000000 22.367000 -1.800920 
23.000000 22.467000 -1.800673 
23.000000 22.567000 -1.800450 
23.000000 22.667000 -1.800272 
23.000000 22.767000 -1.800156 
23.100000 17.667000 -1.800783 
23.100000 17.767000 -1.800792 
23.100000 17.867000 -1.800802 
23.100000 17.967000 -1.800814 
23.100000 18.067000 -1.800824 
23.100000 18.167000 -1.800832 
23.100000 18.267000 -1.800836 
23.100000 18.367000 -1.800838 
23.100000 18.467000 -1.800838 
23.100000 18.567000 -1.800838 
23.100000 18.667000 -1.800840 
23.100000 18.767000 -1.800844 
23.100000 18.867000 -1.800851 
23.100000 18.967000 -1.800860 
23.100000 19.067000 -1.800868 
23.100000 19.167000 -1.800875 
23.100000 19.267000 -1.800879 
23.100000 19.367000 -1.800881 
23.100000 19.467000 -1.800882 
23.100000 19.567000 -1.800882 
23.100000 19.667000 -1.800883 
23.100000 19.767000 -1.800887 
23.100000 19.867000 -1.800892 
23.100000 19.967000 -1.800900 
23.100000 20.067000 -1.800907 
23.100000 20.167000 -1.800912 
23.100000 20.267000 -1.800914 
23.100000 20.367000 -1.800912 
23.100000 20.467000 -1.800906 
23.100000 20.567000 -1.800899 
23.100000 20.667000 -1.800892 
23.100000 20.767000 -1.800887 
23.100000 20.867000 -1.800883 
23.100000 20.967000 -1.800882 
23.100000 21.067000 -1.800882 
23.100000 21.167000 -1.800881 
23.100000 21.267000 -1.800879 
23.100000 21.367000 -1.800875 
23.100000 21.467000 -1.800868 
23.100000 21.567000 -1.800859 
23.100000 21.667000 -1.800851 
23.100000 21.767000 -1.800844 
23.100000 21.867000 -1.800840 
23.100000 21.967000 -1.800838 
23.100000 22.067000 -1.800838 
23.100000 22.167000 -1.800838 
23.100000 22.267000 -1.800836 
23.100000 22.367000 -1.800831 
23.100000 22.467000 -1.800823 
23.100000 22.567000 -1.800813 
23.100000 22.667000 -1.800802 
23.100000 22.767000 -1.800791 
23.200000 17.667000 -1.800101 
23.200000 17.767000 -1.800147 
23.200000 17.867000 -1.800265 
23.200000 17.967000 -1.800445 
23.200000 18.067000 -1.800669 
23.200000 18.167000 -1.800918 
23.200000 18.267000 -1.801167 
23.200000 18.367000 -1.801396 
23.200000 18.467000 -1.801584 
23.200000 18.567000 -1.801717 
23.200000 18.667000 -1.801784 
23.200000 18.767000 -1.801780 
23.200000 18.867000 -1.801706 
23.200000 18.967000 -1.801568 
23.200000 19.067000 -1.801377 
23.200000 19.167000 -1.801151 
23.200000 19.267000 -1.800910 
23.200000 19.367000 -1.800675 
23.200000 19.467000 -1.800469 
23.200000 19.567000 -1.800313 
23.200000 19.667000 -1.800221 
23.200000 19.767000 -1.800204 
23.200000 19.867000 -1.800263 
23.200000 19.967000 -1.800392 
23.200000 20.067000 -1.800580 
23.200000 20.167000 -1.800807 
23.200000 20.267000 -1.801052 
23.200000 20.367000 -1.801294 
23.200000 20.467000 -1.801510 
23.200000 20.567000 -1.801681 
23.200000 20.667000 -1.801793 
23.200000 20.767000 -1.801838 
23.200000 20.867000 -1.801811 
23.200000 20.967000 -1.801714 
23.200000 21.067000 -1.801555 
23.200000 21.167000 -1.801347 
23.200000 21.267000 -1.801107 
23.200000 21.367000 -1.800857 
23.200000 21.467000 -1.800618 
23.200000 21.567000 -1.800412 
23.200000 21.667000 -1.800260 
23.200000 21.767000 -1.800175 
23.200000 21.867000 -1.800165 
23.200000 21.967000 -1.800232 
23.200000 22.067000 -1.800367 
23.200000 22.167000 -1.800557 
23.200000 22.267000 -1.800783 
23.200000 22.367000 -1.801023 
23.200000 22.467000 -1.801255 
23.200000 22.567000 -1.801458 
23.200000 22.667000 -1.801613 
23.200000 22.767000 -1.801707 
23.300000 17.667000 -1.799710 
23.300000 17.767000 -1.799792 
23.300000 17.867000 -1.800014 
23.300000 17.967000 -1.800357 
23.300000 18.067000 -1.800788 
23.300000 18.167000 -1.801269 
23.300000 18.267000 -1.801755 
23.300000 18.367000 -1.802203 
23.300000 18.467000 -1.802574 
23.300000 18.567000 -1.802836 
23.300000 18.667000 -1.802966 
23.300000 18.767000 -1.802954 
23.300000 18.867000 -1.802801 
23.300000 18.967000 -1.802521 
23.300000 19.067000 -1.802138 
23.300000 19.167000 -1.801687 
23.300000 19.267000 -1.801207 
23.300000 19.367000 -1.800743 
23.300000 19.467000 -1.800338 
23.300000 19.567000 -1.800031 
23.300000 19.667000 -1.799849 
23.300000 19.767000 -1.799811 
23.300000 19.867000 -1.799922 
23.300000 19.967000 -1.800169 
23.300000 20.067000 -1.800531 
23.300000 20.167000 -1.800973 
23.300000 20.267000 -1.801455 
23.300000 20.367000 -1.801932 
23.300000 20.467000 -1.802361 
23.300000 20.567000 -1.802705 
23.300000 20.667000 -1.802934 
23.300000 20.767000 -1.803027 
23.300000 20.867000 -1.802976 
23.300000 20.967000 -1.802787 
23.300000 21.067000 -1.802474 
23.300000 21.167000 -1.802065 
23.300000 21.267000 -1.801596 
23.300000 21.367000 -1.801107 
23.300000 21.467000 -1.800644 
23.300000 21.567000 -1.800248 
23.300000 21.667000 -1.799956 
23.300000 21.767000 -1.799795 
23.300000 21.867000 -1.799781 
23.300000 21.967000 -1.799913 
23.300000 22.067000 -1.800179 
23.300000 22.167000 -1.800553 
23.300000 22.267000 -1.801000 
23.300000 22.367000 -1.801477 
23.300000 22.467000 -1.801941 
23.300000 22.567000 -1.802349 
23.300000 22.667000 -1.802665 
23.300000 22.767000 -1.802861 
