19.000000 18.187000 -2.596604 
19.000000 18.287000 -2.596581 
19.000000 18.387000 -2.596479 
19.000000 18.487000 -2.596314 
19.000000 18.587000 -2.596110 
19.000000 18.687000 -2.595896 
19.000000 18.787000 -2.595702 
19.000000 18.887000 -2.595557 
19.000000 18.987000 -2.595481 
19.000000 19.087000 -2.595487 
19.000000 19.187000 -2.595578 
19.000000 19.287000 -2.595743 
19.000000 19.387000 -2.595964 
19.000000 19.487000 -2.596213 
19.000000 19.587000 -2.596461 
19.000000 19.687000 -2.596678 
19.000000 19.787000 -2.596837 
19.000000 19.887000 -2.596920 
19.000000 19.987000 -2.596917 
19.000000 20.087000 -2.596831 
19.000000 20.187000 -2.596674 
19.000000 20.287000 -2.596468 
19.000000 20.387000 -2.596242 
19.000000 20.487000 -2.596025 
19.000000 20.587000 -2.595846 
19.000000 20.687000 -2.595732 
19.000000 20.787000 -2.595696 
19.000000 20.887000 -2.595744 
19.000000 20.987000 -2.595872 
19.000000 21.087000 -2.596061 
19.000000 21.187000 -2.596289 
19.000000 21.287000 -2.596525 
19.000000 21.387000 -2.596740 
19.000000 21.487000 -2.596904 
19.000000 21.587000 -2.596998 
19.000000 21.687000 -2.597008 
19.000000 21.787000 -2.596934 
19.000000 21.887000 -2.596784 
19.000000 21.987000 -2.596577 
19.000000 22.087000 -2.596341 
19.000000 22.187000 -2.596104 
19.000000 22.287000 -2.595898 
19.000000 22.387000 -2.595748 
19.000000 22.487000 -2.595674 
19.100000 18.187000 -2.596157 
19.100000 18.287000 -2.596150 
19.100000 18.387000 -2.596095 
19.100000 18.487000 -2.596001 
19.100000 18.587000 -2.595883 
19.100000 18.687000 -2.595758 
19.100000 18.787000 -2.595646 
19.100000 18.887000 -2.595564 
19.100000 18.987000 -2.595525 
19.100000 19.087000 -2.595537 
19.100000 19.187000 -2.595600 
19.100000 19.287000 -2.595710 
19.100000 19.387000 -2.595853 
19.100000 19.487000 -2.596014 
19.100000 19.587000 -2.596174 
19.100000 19.687000 -2.596314 
19.100000 19.787000 -2.596417 
19.100000 19.887000 -2.596473 
19.100000 19.987000 -2.596477 
19.100000 20.087000 -2.596428 
19.100000 20.187000 -2.596335 
19.100000 20.287000 -2.596212 
19.100000 20.387000 -2.596075 
19.100000 20.487000 -2.595944 
19.100000 20.587000 -2.595836 
19.100000 20.687000 -2.595767 
19.100000 20.787000 -2.595747 
19.100000 20.887000 -2.595779 
19.100000 20.987000 -2.595859 
19.100000 21.087000 -2.595977 
19.100000 21.187000 -2.596119 
19.100000 21.287000 -2.596265 
19.100000 21.387000 -2.596398 
19.100000 21.487000 -2.596499 
19.100000 21.587000 -2.596557 
19.100000 21.687000 -2.596563 
19.100000 21.787000 -2.596516 
19.100000 21.887000 -2.596422 
19.100000 21.987000 -2.596293 
19.100000 22.087000 -2.596145 
19.100000 22.187000 -2.595997 
19.100000 22.287000 -2.595867 
19.100000 22.387000 -2.595772 
19.100000 22.487000 -2.595724 
19.200000 18.187000 -2.595783 
19.200000 18.287000 -2.595794 
19.200000 18.387000 -2.595788 
19.200000 18.487000 -2.595770 
19.200000 18.587000 -2.595744 
19.200000 18.687000 -2.595716 
19.200000 18.787000 -2.595692 
19.200000 18.887000 -2.595677 
19.200000 18.987000 -2.595678 
19.200000 19.087000 -2.595695 
19.200000 19.187000 -2.595730 
19.200000 19.287000 -2.595779 
19.200000 19.387000 -2.595840 
19.200000 19.487000 -2.595906 
19.200000 19.587000 -2.595971 
19.200000 19.687000 -2.596028 
19.200000 19.787000 -2.596073 
19.200000 19.887000 -2.596101 
19.200000 19.987000 -2.596110 
19.200000 20.087000 -2.596101 
19.200000 20.187000 -2.596077 
19.200000 20.287000 -2.596042 
19.200000 20.387000 -2.596001 
19.200000 20.487000 -2.595962 
19.200000 20.587000 -2.595930 
19.200000 20.687000 -2.595911 
19.200000 20.787000 -2.595907 
19.200000 20.887000 -2.595921 
19.200000 20.987000 -2.595950 
19.200000 21.087000 -2.595992 
19.200000 21.187000 -2.596041 
19.200000 21.287000 -2.596092 
19.200000 21.387000 -2.596137 
19.200000 21.487000 -2.596171 
19.200000 21.587000 -2.596189 
19.200000 21.687000 -2.596190 
19.200000 21.787000 -2.596173 
19.200000 21.887000 -2.596139 
19.200000 21.987000 -2.596093 
19.200000 22.087000 -2.596041 
19.200000 22.187000 -2.595987 
19.200000 22.287000 -2.595940 
19.200000 22.387000 -2.595903 
19.200000 22.487000 -2.595882 
19.300000 18.187000 -2.595513 
19.300000 18.287000 -2.595541 
19.300000 18.387000 -2.595587 
19.300000 18.487000 -2.595647 
19.300000 18.587000 -2.595714 
19.300000 18.687000 -2.595785 
19.300000 18.787000 -2.595850 
19.300000 18.887000 -2.595906 
19.300000 18.987000 -2.595946 
19.300000 19.087000 -2.595969 
19.300000 19.187000 -2.595974 
19.300000 19.287000 -2.595963 
19.300000 19.387000 -2.595939 
19.300000 19.487000 -2.595908 
19.300000 19.587000 -2.595876 
19.300000 19.687000 -2.595849 
19.300000 19.787000 -2.595833 
19.300000 19.887000 -2.595832 
19.300000 19.987000 -2.595848 
19.300000 20.087000 -2.595880 
19.300000 20.187000 -2.595926 
19.300000 20.287000 -2.595981 
19.300000 20.387000 -2.596039 
19.300000 20.487000 -2.596093 
19.300000 20.587000 -2.596139 
19.300000 20.687000 -2.596170 
19.300000 20.787000 -2.596183 
19.300000 20.887000 -2.596178 
19.300000 20.987000 -2.596156 
19.300000 21.087000 -2.596120 
19.300000 21.187000 -2.596075 
19.300000 21.287000 -2.596027 
19.300000 21.387000 -2.595982 
19.300000 21.487000 -2.595947 
19.300000 21.587000 -2.595926 
19.300000 21.687000 -2.595922 
19.300000 21.787000 -2.595935 
19.300000 21.887000 -2.595963 
19.300000 21.987000 -2.596002 
19.300000 22.087000 -2.596046 
19.300000 22.187000 -2.596090 
19.300000 22.287000 -2.596126 
19.300000 22.387000 -2.596149 
19.300000 22.487000 -2.596157 
19.400000 18.187000 -2.595360 
19.400000 18.287000 -2.595405 
19.400000 18.387000 -2.595501 
19.400000 18.487000 -2.595636 
19.400000 18.587000 -2.595796 
19.400000 18.687000 -2.595962 
19.400000 18.787000 -2.596116 
19.400000 18.887000 -2.596239 
19.400000 18.987000 -2.596319 
19.400000 19.087000 -2.596347 
19.400000 19.187000 -2.596323 
19.400000 19.287000 -2.596252 
19.400000 19.387000 -2.596146 
19.400000 19.487000 -2.596020 
19.400000 19.587000 -2.595893 
19.400000 19.687000 -2.595783 
19.400000 19.787000 -2.595708 
19.400000 19.887000 -2.595679 
19.400000 19.987000 -2.595701 
19.400000 20.087000 -2.595773 
19.400000 20.187000 -2.595888 
19.400000 20.287000 -2.596031 
19.400000 20.387000 -2.596185 
19.400000 20.487000 -2.596332 
19.400000 20.587000 -2.596453 
19.400000 20.687000 -2.596533 
19.400000 20.787000 -2.596563 
19.400000 20.887000 -2.596540 
19.400000 20.987000 -2.596468 
19.400000 21.087000 -2.596355 
19.400000 21.187000 -2.596218 
19.400000 21.287000 -2.596073 
19.400000 21.387000 -2.595941 
19.400000 21.487000 -2.595839 
19.400000 21.587000 -2.595779 
19.400000 21.687000 -2.595770 
19.400000 21.787000 -2.595812 
19.400000 21.887000 -2.595901 
19.400000 21.987000 -2.596023 
19.400000 22.087000 -2.596162 
19.400000 22.187000 -2.596300 
19.400000 22.287000 -2.596418 
19.400000 22.387000 -2.596500 
19.400000 22.487000 -2.596535 
19.500000 18.187000 -2.595315 
19.500000 18.287000 -2.595376 
19.500000 18.387000 -2.595518 
19.500000 18.487000 -2.595724 
19.500000 18.587000 -2.595970 
19.500000 18.687000 -2.596226 
19.500000 18.787000 -2.596462 
19.500000 18.887000 -2.596649 
19.500000 18.987000 -2.596765 
19.500000 19.087000 -2.596799 
19.500000 19.187000 -2.596748 
19.500000 19.287000 -2.596621 
19.500000 19.387000 -2.596437 
19.500000 19.487000 -2.596222 
19.500000 19.587000 -2.596007 
19.500000 19.687000 -2.595821 
19.500000 19.787000 -2.595691 
19.500000 19.887000 -2.595635 
19.500000 19.987000 -2.595663 
19.500000 20.087000 -2.595773 
19.500000 20.187000 -2.595951 
19.500000 20.287000 -2.596177 
19.500000 20.387000 -2.596421 
19.500000 20.487000 -2.596653 
19.500000 20.587000 -2.596844 
19.500000 20.687000 -2.596971 
19.500000 20.787000 -2.597017 
19.500000 20.887000 -2.596977 
19.500000 20.987000 -2.596857 
19.500000 21.087000 -2.596673 
19.500000 21.187000 -2.596450 
19.500000 21.287000 -2.596215 
19.500000 21.387000 -2.596001 
19.500000 21.487000 -2.595836 
19.500000 21.587000 -2.595740 
19.500000 21.687000 -2.595726 
19.500000 21.787000 -2.595796 
19.500000 21.887000 -2.595941 
19.500000 21.987000 -2.596140 
19.500000 22.087000 -2.596369 
19.500000 22.187000 -2.596595 
19.500000 22.287000 -2.596790 
19.500000 22.387000 -2.596926 
19.500000 22.487000 -2.596987 
19.600000 18.187000 -2.595355 
19.600000 18.287000 -2.595431 
19.600000 18.387000 -2.595614 
19.600000 18.487000 -2.595882 
19.600000 18.587000 -2.596204 
19.600000 18.687000 -2.596539 
19.600000 18.787000 -2.596847 
19.600000 18.887000 -2.597090 
19.600000 18.987000 -2.597239 
19.600000 19.087000 -2.597278 
19.600000 19.187000 -2.597203 
19.600000 19.287000 -2.597027 
19.600000 19.387000 -2.596775 
19.600000 19.487000 -2.596481 
19.600000 19.587000 -2.596188 
19.600000 19.687000 -2.595934 
19.600000 19.787000 -2.595755 
19.600000 19.887000 -2.595676 
19.600000 19.987000 -2.595709 
19.600000 20.087000 -2.595852 
19.600000 20.187000 -2.596087 
19.600000 20.287000 -2.596385 
19.600000 20.387000 -2.596709 
19.600000 20.487000 -2.597017 
19.600000 20.587000 -2.597270 
19.600000 20.687000 -2.597438 
19.600000 20.787000 -2.597497 
19.600000 20.887000 -2.597442 
19.600000 20.987000 -2.597281 
19.600000 21.087000 -2.597034 
19.600000 21.187000 -2.596734 
19.600000 21.287000 -2.596421 
19.600000 21.387000 -2.596134 
19.600000 21.487000 -2.595913 
19.600000 21.587000 -2.595785 
19.600000 21.687000 -2.595767 
19.600000 21.787000 -2.595862 
19.600000 21.887000 -2.596056 
19.600000 21.987000 -2.596324 
19.600000 22.087000 -2.596631 
19.600000 22.187000 -2.596935 
19.600000 22.287000 -2.597198 
19.600000 22.387000 -2.597383 
19.600000 22.487000 -2.597466 
19.700000 18.187000 -2.595445 
19.700000 18.287000 -2.595532 
19.700000 18.387000 -2.595749 
19.700000 18.487000 -2.596069 
19.700000 18.587000 -2.596454 
19.700000 18.687000 -2.596855 
19.700000 18.787000 -2.597223 
19.700000 18.887000 -2.597512 
19.700000 18.987000 -2.597688 
19.700000 19.087000 -2.597730 
19.700000 19.187000 -2.597635 
19.700000 19.287000 -2.597418 
19.700000 19.387000 -2.597110 
19.700000 19.487000 -2.596752 
19.700000 19.587000 -2.596394 
19.700000 19.687000 -2.596084 
19.700000 19.787000 -2.595864 
19.700000 19.887000 -2.595766 
19.700000 19.987000 -2.595803 
19.700000 20.087000 -2.595973 
19.700000 20.187000 -2.596255 
19.700000 20.287000 -2.596614 
19.700000 20.387000 -2.597003 
19.700000 20.487000 -2.597374 
19.700000 20.587000 -2.597679 
19.700000 20.687000 -2.597880 
19.700000 20.787000 -2.597951 
19.700000 20.887000 -2.597884 
19.700000 20.987000 -2.597688 
19.700000 21.087000 -2.597389 
19.700000 21.187000 -2.597026 
19.700000 21.287000 -2.596647 
19.700000 21.387000 -2.596301 
19.700000 21.487000 -2.596033 
19.700000 21.587000 -2.595879 
19.700000 21.687000 -2.595858 
19.700000 21.787000 -2.595973 
19.700000 21.887000 -2.596208 
19.700000 21.987000 -2.596533 
19.700000 22.087000 -2.596904 
19.700000 22.187000 -2.597273 
19.700000 22.287000 -2.597591 
19.700000 22.387000 -2.597817 
19.700000 22.487000 -2.597919 
19.800000 18.187000 -2.595545 
19.800000 18.287000 -2.595641 
19.800000 18.387000 -2.595883 
19.800000 18.487000 -2.596242 
19.800000 18.587000 -2.596674 
19.800000 18.687000 -2.597124 
19.800000 18.787000 -2.597536 
19.800000 18.887000 -2.597860 
19.800000 18.987000 -2.598056 
19.800000 19.087000 -2.598101 
19.800000 19.187000 -2.597992 
19.800000 19.287000 -2.597744 
19.800000 19.387000 -2.597394 
19.800000 19.487000 -2.596988 
19.800000 19.587000 -2.596581 
19.800000 19.687000 -2.596229 
19.800000 19.787000 -2.595980 
19.800000 19.887000 -2.595867 
19.800000 19.987000 -2.595908 
19.800000 20.087000 -2.596098 
19.800000 20.187000 -2.596415 
19.800000 20.287000 -2.596818 
19.800000 20.387000 -2.597256 
19.800000 20.487000 -2.597674 
19.800000 20.587000 -2.598017 
19.800000 20.687000 -2.598243 
19.800000 20.787000 -2.598323 
19.800000 20.887000 -2.598247 
19.800000 20.987000 -2.598025 
19.800000 21.087000 -2.597687 
19.800000 21.187000 -2.597277 
19.800000 21.287000 -2.596849 
19.800000 21.387000 -2.596459 
19.800000 21.487000 -2.596157 
19.800000 21.587000 -2.595982 
19.800000 21.687000 -2.595959 
19.800000 21.787000 -2.596089 
19.800000 21.887000 -2.596355 
19.800000 21.987000 -2.596722 
19.800000 22.087000 -2.597142 
19.800000 22.187000 -2.597559 
19.800000 22.287000 -2.597919 
19.800000 22.387000 -2.598174 
19.800000 22.487000 -2.598290 
19.900000 18.187000 -2.595621 
19.900000 18.287000 -2.595723 
19.900000 18.387000 -2.595981 
19.900000 18.487000 -2.596364 
19.900000 18.587000 -2.596824 
19.900000 18.687000 -2.597304 
19.900000 18.787000 -2.597744 
19.900000 18.887000 -2.598090 
19.900000 18.987000 -2.598298 
19.900000 19.087000 -2.598345 
19.900000 19.187000 -2.598226 
19.900000 19.287000 -2.597960 
19.900000 19.387000 -2.597583 
19.900000 19.487000 -2.597148 
19.900000 19.587000 -2.596711 
19.900000 19.687000 -2.596333 
19.900000 19.787000 -2.596065 
19.900000 19.887000 -2.595944 
19.900000 19.987000 -2.595986 
19.900000 20.087000 -2.596189 
19.900000 20.187000 -2.596528 
19.900000 20.287000 -2.596958 
19.900000 20.387000 -2.597427 
19.900000 20.487000 -2.597874 
19.900000 20.587000 -2.598241 
19.900000 20.687000 -2.598482 
19.900000 20.787000 -2.598567 
19.900000 20.887000 -2.598485 
19.900000 20.987000 -2.598247 
19.900000 21.087000 -2.597886 
19.900000 21.187000 -2.597447 
19.900000 21.287000 -2.596988 
19.900000 21.387000 -2.596570 
19.900000 21.487000 -2.596247 
19.900000 21.587000 -2.596061 
19.900000 21.687000 -2.596036 
19.900000 21.787000 -2.596175 
19.900000 21.887000 -2.596460 
19.900000 21.987000 -2.596853 
19.900000 22.087000 -2.597303 
19.900000 22.187000 -2.597750 
19.900000 22.287000 -2.598135 
19.900000 22.387000 -2.598409 
19.900000 22.487000 -2.598534 
20.000000 18.187000 -2.595650 
20.000000 18.287000 -2.595753 
20.000000 18.387000 -2.596016 
20.000000 18.487000 -2.596407 
20.000000 18.587000 -2.596877 
20.000000 18.687000 -2.597368 
20.000000 18.787000 -2.597817 
20.000000 18.887000 -2.598170 
20.000000 18.987000 -2.598382 
20.000000 19.087000 -2.598429 
20.000000 19.187000 -2.598308 
20.000000 19.287000 -2.598035 
20.000000 19.387000 -2.597650 
20.000000 19.487000 -2.597204 
20.000000 19.587000 -2.596758 
20.000000 19.687000 -2.596371 
20.000000 19.787000 -2.596097 
20.000000 19.887000 -2.595972 
20.000000 19.987000 -2.596015 
20.000000 20.087000 -2.596223 
20.000000 20.187000 -2.596568 
20.000000 20.287000 -2.597008 
20.000000 20.387000 -2.597487 
20.000000 20.487000 -2.597944 
20.000000 20.587000 -2.598319 
20.000000 20.687000 -2.598565 
20.000000 20.787000 -2.598652 
20.000000 20.887000 -2.598568 
20.000000 20.987000 -2.598325 
20.000000 21.087000 -2.597955 
20.000000 21.187000 -2.597507 
20.000000 21.287000 -2.597038 
20.000000 21.387000 -2.596611 
20.000000 21.487000 -2.596280 
20.000000 21.587000 -2.596090 
20.000000 21.687000 -2.596064 
20.000000 21.787000 -2.596207 
20.000000 21.887000 -2.596498 
20.000000 21.987000 -2.596900 
20.000000 22.087000 -2.597360 
20.000000 22.187000 -2.597817 
20.000000 22.287000 -2.598211 
20.000000 22.387000 -2.598491 
20.000000 22.487000 -2.598619 
20.100000 18.187000 -2.595621 
20.100000 18.287000 -2.595723 
20.100000 18.387000 -2.595981 
20.100000 18.487000 -2.596364 
20.100000 18.587000 -2.596824 
20.100000 18.687000 -2.597304 
20.100000 18.787000 -2.597744 
20.100000 18.887000 -2.598090 
20.100000 18.987000 -2.598298 
20.100000 19.087000 -2.598345 
20.100000 19.187000 -2.598226 
20.100000 19.287000 -2.597960 
20.100000 19.387000 -2.597583 
20.100000 19.487000 -2.597148 
20.100000 19.587000 -2.596711 
20.100000 19.687000 -2.596333 
20.100000 19.787000 -2.596065 
20.100000 19.887000 -2.595944 
20.100000 19.987000 -2.595986 
20.100000 20.087000 -2.596189 
20.100000 20.187000 -2.596528 
20.100000 20.287000 -2.596958 
20.100000 20.387000 -2.597427 
20.100000 20.487000 -2.597874 
20.100000 20.587000 -2.598241 
20.100000 20.687000 -2.598482 
20.100000 20.787000 -2.598567 
20.100000 20.887000 -2.598485 
20.100000 20.987000 -2.598247 
20.100000 21.087000 -2.597886 
20.100000 21.187000 -2.597447 
20.100000 21.287000 -2.596988 
20.100000 21.387000 -2.596570 
20.100000 21.487000 -2.596247 
20.100000 21.587000 -2.596061 
20.100000 21.687000 -2.596036 
20.100000 21.787000 -2.596175 
20.100000 21.887000 -2.596460 
20.100000 21.987000 -2.596853 
20.100000 22.087000 -2.597303 
20.100000 22.187000 -2.597750 
20.100000 22.287000 -2.598135 
20.100000 22.387000 -2.598409 
20.100000 22.487000 -2.598534 
20.200000 18.187000 -2.595545 
20.200000 18.287000 -2.595641 
20.200000 18.387000 -2.595883 
20.200000 18.487000 -2.596242 
20.200000 18.587000 -2.596674 
20.200000 18.687000 -2.597124 
20.200000 18.787000 -2.597536 
20.200000 18.887000 -2.597860 
20.200000 18.987000 -2.598056 
20.200000 19.087000 -2.598101 
20.200000 19.187000 -2.597992 
20.200000 19.287000 -2.597744 
20.200000 19.387000 -2.597394 
20.200000 19.487000 -2.596988 
20.200000 19.587000 -2.596581 
20.200000 19.687000 -2.596229 
20.200000 19.787000 -2.595980 
20.200000 19.887000 -2.595867 
20.200000 19.987000 -2.595908 
20.200000 20.087000 -2.596098 
20.200000 20.187000 -2.596415 
20.200000 20.287000 -2.596818 
20.200000 20.387000 -2.597256 
20.200000 20.487000 -2.597674 
20.200000 20.587000 -2.598017 
20.200000 20.687000 -2.598243 
20.200000 20.787000 -2.598323 
20.200000 20.887000 -2.598247 
20.200000 20.987000 -2.598025 
20.200000 21.087000 -2.597687 
20.200000 21.187000 -2.597277 
20.200000 21.287000 -2.596849 
20.200000 21.387000 -2.596459 
20.200000 21.487000 -2.596157 
20.200000 21.587000 -2.595982 
20.200000 21.687000 -2.595959 
20.200000 21.787000 -2.596089 
20.200000 21.887000 -2.596355 
20.200000 21.987000 -2.596722 
20.200000 22.087000 -2.597142 
20.200000 22.187000 -2.597559 
20.200000 22.287000 -2.597919 
20.200000 22.387000 -2.598174 
20.200000 22.487000 -2.598290 
20.300000 18.187000 -2.595445 
20.300000 18.287000 -2.595532 
20.300000 18.387000 -2.595749 
20.300000 18.487000 -2.596069 
20.300000 18.587000 -2.596454 
20.300000 18.687000 -2.596855 
20.300000 18.787000 -2.597223 
20.300000 18.887000 -2.597512 
20.300000 18.987000 -2.597688 
20.300000 19.087000 -2.597730 
20.300000 19.187000 -2.597635 
20.300000 19.287000 -2.597418 
20.300000 19.387000 -2.597110 
20.300000 19.487000 -2.596752 
20.300000 19.587000 -2.596394 
20.300000 19.687000 -2.596084 
20.300000 19.787000 -2.595864 
20.300000 19.887000 -2.595766 
20.300000 19.987000 -2.595803 
20.300000 20.087000 -2.595973 
20.300000 20.187000 -2.596255 
20.300000 20.287000 -2.596614 
20.300000 20.387000 -2.597003 
20.300000 20.487000 -2.597374 
20.300000 20.587000 -2.597679 
20.300000 20.687000 -2.597880 
20.300000 20.787000 -2.597951 
20.300000 20.887000 -2.597884 
20.300000 20.987000 -2.597688 
20.300000 21.087000 -2.597389 
20.300000 21.187000 -2.597026 
20.300000 21.287000 -2.596647 
20.300000 21.387000 -2.596301 
20.300000 21.487000 -2.596033 
20.300000 21.587000 -2.595879 
20.300000 21.687000 -2.595858 
20.300000 21.787000 -2.595973 
20.300000 21.887000 -2.596208 
20.300000 21.987000 -2.596533 
20.300000 22.087000 -2.596904 
20.300000 22.187000 -2.597273 
20.300000 22.287000 -2.597591 
20.300000 22.387000 -2.597817 
20.300000 22.487000 -2.597919 
20.400000 18.187000 -2.595355 
20.400000 18.287000 -2.595431 
20.400000 18.387000 -2.595614 
20.400000 18.487000 -2.595882 
20.400000 18.587000 -2.596204 
20.400000 18.687000 -2.596539 
20.400000 18.787000 -2.596847 
20.400000 18.887000 -2.597090 
20.400000 18.987000 -2.597239 
20.400000 19.087000 -2.597278 
20.400000 19.187000 -2.597203 
20.400000 19.287000 -2.597027 
20.400000 19.387000 -2.596775 
20.400000 19.487000 -2.596481 
20.400000 19.587000 -2.596188 
20.400000 19.687000 -2.595934 
20.400000 19.787000 -2.595755 
20.400000 19.887000 -2.595676 
20.400000 19.987000 -2.595709 
20.400000 20.087000 -2.595852 
20.400000 20.187000 -2.596087 
20.400000 20.287000 -2.596385 
20.400000 20.387000 -2.596709 
20.400000 20.487000 -2.597017 
20.400000 20.587000 -2.597270 
20.400000 20.687000 -2.597438 
20.400000 20.787000 -2.597497 
20.400000 20.887000 -2.597442 
20.400000 20.987000 -2.597281 
20.400000 21.087000 -2.597034 
20.400000 21.187000 -2.596734 
20.400000 21.287000 -2.596421 
20.400000 21.387000 -2.596134 
20.400000 21.487000 -2.595913 
20.400000 21.587000 -2.595785 
20.400000 21.687000 -2.595767 
20.400000 21.787000 -2.595862 
20.400000 21.887000 -2.596056 
20.400000 21.987000 -2.596324 
20.400000 22.087000 -2.596631 
20.400000 22.187000 -2.596935 
20.400000 22.287000 -2.597198 
20.400000 22.387000 -2.597383 
20.400000 22.487000 -2.597466 
20.500000 18.187000 -2.595315 
20.500000 18.287000 -2.595376 
20.500000 18.387000 -2.595518 
20.500000 18.487000 -2.595724 
20.500000 18.587000 -2.595970 
20.500000 18.687000 -2.596226 
20.500000 18.787000 -2.596462 
20.500000 18.887000 -2.596649 
20.500000 18.987000 -2.596765 
20.500000 19.087000 -2.596799 
20.500000 19.187000 -2.596748 
20.500000 19.287000 -2.596621 
20.500000 19.387000 -2.596437 
20.500000 19.487000 -2.596222 
20.500000 19.587000 -2.596007 
20.500000 19.687000 -2.595821 
20.500000 19.787000 -2.595691 
20.500000 19.887000 -2.595635 
20.500000 19.987000 -2.595663 
20.500000 20.087000 -2.595773 
20.500000 20.187000 -2.595951 
20.500000 20.287000 -2.596177 
20.500000 20.387000 -2.596421 
20.500000 20.487000 -2.596653 
20.500000 20.587000 -2.596844 
20.500000 20.687000 -2.596971 
20.500000 20.787000 -2.597017 
20.500000 20.887000 -2.596977 
20.500000 20.987000 -2.596857 
20.500000 21.087000 -2.596673 
20.500000 21.187000 -2.596450 
20.500000 21.287000 -2.596215 
20.500000 21.387000 -2.596001 
20.500000 21.487000 -2.595836 
20.500000 21.587000 -2.595740 
20.500000 21.687000 -2.595726 
20.500000 21.787000 -2.595796 
20.500000 21.887000 -2.595941 
20.500000 21.987000 -2.596140 
20.500000 22.087000 -2.596369 
20.500000 22.187000 -2.596595 
20.500000 22.287000 -2.596790 
20.500000 22.387000 -2.596926 
20.500000 22.487000 -2.596987 
20.600000 18.187000 -2.595360 
20.600000 18.287000 -2.595405 
20.600000 18.387000 -2.595501 
20.600000 18.487000 -2.595636 
20.600000 18.587000 -2.595796 
20.600000 18.687000 -2.595962 
20.600000 18.787000 -2.596116 
20.600000 18.887000 -2.596239 
20.600000 18.987000 -2.596319 
20.600000 19.087000 -2.596347 
20.600000 19.187000 -2.596323 
20.600000 19.287000 -2.596252 
20.600000 19.387000 -2.596146 
20.600000 19.487000 -2.596020 
20.600000 19.587000 -2.595893 
20.600000 19.687000 -2.595783 
20.600000 19.787000 -2.595708 
20.600000 19.887000 -2.595679 
20.600000 19.987000 -2.595701 
20.600000 20.087000 -2.595773 
20.600000 20.187000 -2.595888 
20.600000 20.287000 -2.596031 
20.600000 20.387000 -2.596185 
20.600000 20.487000 -2.596332 
20.600000 20.587000 -2.596453 
20.600000 20.687000 -2.596533 
20.600000 20.787000 -2.596563 
20.600000 20.887000 -2.596540 
20.600000 20.987000 -2.596468 
20.600000 21.087000 -2.596355 
20.600000 21.187000 -2.596218 
20.600000 21.287000 -2.596073 
20.600000 21.387000 -2.595941 
20.600000 21.487000 -2.595839 
20.600000 21.587000 -2.595779 
20.600000 21.687000 -2.595770 
20.600000 21.787000 -2.595812 
20.600000 21.887000 -2.595901 
20.600000 21.987000 -2.596023 
20.600000 22.087000 -2.596162 
20.600000 22.187000 -2.596300 
20.600000 22.287000 -2.596418 
20.600000 22.387000 -2.596500 
20.600000 22.487000 -2.596535 
20.700000 18.187000 -2.595513 
20.700000 18.287000 -2.595541 
20.700000 18.387000 -2.595587 
20.700000 18.487000 -2.595647 
20.700000 18.587000 -2.595714 
20.700000 18.687000 -2.595785 
20.700000 18.787000 -2.595850 
20.700000 18.887000 -2.595906 
20.700000 18.987000 -2.595946 
20.700000 19.087000 -2.595969 
20.700000 19.187000 -2.595974 
20.700000 19.287000 -2.595963 
20.700000 19.387000 -2.595939 
20.700000 19.487000 -2.595908 
20.700000 19.587000 -2.595876 
20.700000 19.687000 -2.595849 
20.700000 19.787000 -2.595833 
20.700000 19.887000 -2.595832 
20.700000 19.987000 -2.595848 
20.700000 20.087000 -2.595880 
20.700000 20.187000 -2.595926 
20.700000 20.287000 -2.595981 
20.700000 20.387000 -2.596039 
20.700000 20.487000 -2.596093 
20.700000 20.587000 -2.596139 
20.700000 20.687000 -2.596170 
20.700000 20.787000 -2.596183 
20.700000 20.887000 -2.596178 
20.700000 20.987000 -2.596156 
20.700000 21.087000 -2.596120 
20.700000 21.187000 -2.596075 
20.700000 21.287000 -2.596027 
20.700000 21.387000 -2.595982 
20.700000 21.487000 -2.595947 
20.700000 21.587000 -2.595926 
20.700000 21.687000 -2.595922 
20.700000 21.787000 -2.595935 
20.700000 21.887000 -2.595963 
20.700000 21.987000 -2.596002 
20.700000 22.087000 -2.596046 
20.700000 22.187000 -2.596090 
20.700000 22.287000 -2.596126 
20.700000 22.387000 -2.596149 
20.700000 22.487000 -2.596157 
20.800000 18.187000 -2.595783 
20.800000 18.287000 -2.595794 
20.800000 18.387000 -2.595788 
20.800000 18.487000 -2.595770 
20.800000 18.587000 -2.595744 
20.800000 18.687000 -2.595716 
20.800000 18.787000 -2.595692 
20.800000 18.887000 -2.595677 
20.800000 18.987000 -2.595678 
20.800000 19.087000 -2.595695 
20.800000 19.187000 -2.595730 
20.800000 19.287000 -2.595779 
20.800000 19.387000 -2.595840 
20.800000 19.487000 -2.595906 
20.800000 19.587000 -2.595971 
20.800000 19.687000 -2.596028 
20.800000 19.787000 -2.596073 
20.800000 19.887000 -2.596101 
20.800000 19.987000 -2.596110 
20.800000 20.087000 -2.596101 
20.800000 20.187000 -2.596077 
20.800000 20.287000 -2.596042 
20.800000 20.387000 -2.596001 
20.800000 20.487000 -2.595962 
20.800000 20.587000 -2.595930 
20.800000 20.687000 -2.595911 
20.800000 20.787000 -2.595907 
20.800000 20.887000 -2.595921 
20.800000 20.987000 -2.595950 
20.800000 21.087000 -2.595992 
20.800000 21.187000 -2.596041 
20.800000 21.287000 -2.596092 
20.800000 21.387000 -2.596137 
20.800000 21.487000 -2.596171 
20.800000 21.587000 -2.596189 
20.800000 21.687000 -2.596190 
20.800000 21.787000 -2.596173 
20.800000 21.887000 -2.596139 
20.800000 21.987000 -2.596093 
20.800000 22.087000 -2.596041 
20.800000 22.187000 -2.595987 
20.800000 22.287000 -2.595940 
20.800000 22.387000 -2.595903 
20.800000 22.487000 -2.595882 
20.900000 18.187000 -2.596157 
20.900000 18.287000 -2.596150 
20.900000 18.387000 -2.596095 
20.900000 18.487000 -2.596001 
20.900000 18.587000 -2.595883 
20.900000 18.687000 -2.595758 
20.900000 18.787000 -2.595646 
20.900000 18.887000 -2.595564 
20.900000 18.987000 -2.595525 
20.900000 19.087000 -2.595537 
20.900000 19.187000 -2.595600 
20.900000 19.287000 -2.595710 
20.900000 19.387000 -2.595853 
20.900000 19.487000 -2.596014 
20.900000 19.587000 -2.596174 
20.900000 19.687000 -2.596314 
20.900000 19.787000 -2.596417 
20.900000 19.887000 -2.596473 
20.900000 19.987000 -2.596477 
20.900000 20.087000 -2.596428 
20.900000 20.187000 -2.596335 
20.900000 20.287000 -2.596212 
20.900000 20.387000 -2.596075 
20.900000 20.487000 -2.595944 
20.900000 20.587000 -2.595836 
20.900000 20.687000 -2.595767 
20.900000 20.787000 -2.595747 
20.900000 20.887000 -2.595779 
20.900000 20.987000 -2.595859 
20.900000 21.087000 -2.595977 
20.900000 21.187000 -2.596119 
20.900000 21.287000 -2.596265 
20.900000 21.387000 -2.596398 
20.900000 21.487000 -2.596499 
20.900000 21.587000 -2.596557 
20.900000 21.687000 -2.596563 
20.900000 21.787000 -2.596516 
20.900000 21.887000 -2.596422 
20.900000 21.987000 -2.596293 
20.900000 22.087000 -2.596145 
20.900000 22.187000 -2.595997 
20.900000 22.287000 -2.595867 
20.900000 22.387000 -2.595772 
20.900000 22.487000 -2.595724 
21.000000 18.187000 -2.596604 
21.000000 18.287000 -2.596581 
21.000000 18.387000 -2.596479 
21.000000 18.487000 -2.596314 
21.000000 18.587000 -2.596110 
21.000000 18.687000 -2.595896 
21.000000 18.787000 -2.595702 
21.000000 18.887000 -2.595557 
21.000000 18.987000 -2.595481 
21.000000 19.087000 -2.595487 
21.000000 19.187000 -2.595578 
21.000000 19.287000 -2.595743 
21.000000 19.387000 -2.595964 
21.000000 19.487000 -2.596213 
21.000000 19.587000 -2.596461 
21.000000 19.687000 -2.596678 
21.000000 19.787000 -2.596837 
21.000000 19.887000 -2.596920 
21.000000 19.987000 -2.596917 
21.000000 20.087000 -2.596831 
21.000000 20.187000 -2.596674 
21.000000 20.287000 -2.596468 
21.000000 20.387000 -2.596242 
21.000000 20.487000 -2.596025 
21.000000 20.587000 -2.595846 
21.000000 20.687000 -2.595732 
21.000000 20.787000 -2.595696 
21.000000 20.887000 -2.595744 
21.000000 20.987000 -2.595872 
21.000000 21.087000 -2.596061 
21.000000 21.187000 -2.596289 
21.000000 21.287000 -2.596525 
21.000000 21.387000 -2.596740 
21.000000 21.487000 -2.596904 
21.000000 21.587000 -2.596998 
21.000000 21.687000 -2.597008 
21.000000 21.787000 -2.596934 
21.000000 21.887000 -2.596784 
21.000000 21.987000 -2.596577 
21.000000 22.087000 -2.596341 
21.000000 22.187000 -2.596104 
21.000000 22.287000 -2.595898 
21.000000 22.387000 -2.595748 
21.000000 22.487000 -2.595674 
21.100000 18.187000 -2.597078 
21.100000 18.287000 -2.597041 
21.100000 18.387000 -2.596898 
21.100000 18.487000 -2.596671 
21.100000 18.587000 -2.596391 
21.100000 18.687000 -2.596097 
21.100000 18.787000 -2.595831 
21.100000 18.887000 -2.595629 
21.100000 18.987000 -2.595521 
21.100000 19.087000 -2.595523 
21.100000 19.187000 -2.595637 
21.100000 19.287000 -2.595852 
21.100000 19.387000 -2.596141 
21.100000 19.487000 -2.596468 
21.100000 19.587000 -2.596795 
21.100000 19.687000 -2.597079 
21.100000 19.787000 -2.597287 
21.100000 19.887000 -2.597393 
21.100000 19.987000 -2.597385 
21.100000 20.087000 -2.597266 
21.100000 20.187000 -2.597053 
21.100000 20.287000 -2.596774 
21.100000 20.387000 -2.596468 
21.100000 20.487000 -2.596175 
21.100000 20.587000 -2.595935 
21.100000 20.687000 -2.595779 
21.100000 20.787000 -2.595729 
21.100000 20.887000 -2.595793 
21.100000 20.987000 -2.595962 
21.100000 21.087000 -2.596215 
21.100000 21.187000 -2.596519 
21.100000 21.287000 -2.596834 
21.100000 21.387000 -2.597121 
21.100000 21.487000 -2.597341 
21.100000 21.587000 -2.597467 
21.100000 21.687000 -2.597481 
21.100000 21.787000 -2.597382 
21.100000 21.887000 -2.597183 
21.100000 21.987000 -2.596908 
21.100000 22.087000 -2.596592 
21.100000 22.187000 -2.596278 
21.100000 22.287000 -2.596004 
21.100000 22.387000 -2.595806 
21.100000 22.487000 -2.595709 
21.200000 18.187000 -2.597525 
21.200000 18.287000 -2.597476 
21.200000 18.387000 -2.597300 
21.200000 18.487000 -2.597021 
21.200000 18.587000 -2.596678 
21.200000 18.687000 -2.596319 
21.200000 18.787000 -2.595993 
21.200000 18.887000 -2.595745 
21.200000 18.987000 -2.595609 
21.200000 19.087000 -2.595608 
21.200000 19.187000 -2.595742 
21.200000 19.287000 -2.595997 
21.200000 19.387000 -2.596342 
21.200000 19.487000 -2.596735 
21.200000 19.587000 -2.597126 
21.200000 19.687000 -2.597467 
21.200000 19.787000 -2.597715 
21.200000 19.887000 -2.597840 
21.200000 19.987000 -2.597828 
21.200000 20.087000 -2.597681 
21.200000 20.187000 -2.597421 
21.200000 20.287000 -2.597082 
21.200000 20.387000 -2.596711 
21.200000 20.487000 -2.596355 
21.200000 20.587000 -2.596063 
21.200000 20.687000 -2.595874 
21.200000 20.787000 -2.595813 
21.200000 20.887000 -2.595889 
21.200000 20.987000 -2.596092 
21.200000 21.087000 -2.596397 
21.200000 21.187000 -2.596764 
21.200000 21.287000 -2.597145 
21.200000 21.387000 -2.597492 
21.200000 21.487000 -2.597758 
21.200000 21.587000 -2.597910 
21.200000 21.687000 -2.597928 
21.200000 21.787000 -2.597809 
21.200000 21.887000 -2.597568 
21.200000 21.987000 -2.597236 
21.200000 22.087000 -2.596856 
21.200000 22.187000 -2.596477 
21.200000 22.287000 -2.596147 
21.200000 22.387000 -2.595909 
21.200000 22.487000 -2.595793 
21.300000 18.187000 -2.597891 
21.300000 18.287000 -2.597834 
21.300000 18.387000 -2.597632 
21.300000 18.487000 -2.597314 
21.300000 18.587000 -2.596925 
21.300000 18.687000 -2.596517 
21.300000 18.787000 -2.596146 
21.300000 18.887000 -2.595863 
21.300000 18.987000 -2.595708 
21.300000 19.087000 -2.595703 
21.300000 19.187000 -2.595852 
21.300000 19.287000 -2.596138 
21.300000 19.387000 -2.596525 
21.300000 19.487000 -2.596966 
21.300000 19.587000 -2.597405 
21.300000 19.687000 -2.597788 
21.300000 19.787000 -2.598066 
21.300000 19.887000 -2.598205 
21.300000 19.987000 -2.598190 
21.300000 20.087000 -2.598023 
21.300000 20.187000 -2.597728 
21.300000 20.287000 -2.597345 
21.300000 20.387000 -2.596924 
21.300000 20.487000 -2.596522 
21.300000 20.587000 -2.596191 
21.300000 20.687000 -2.595977 
21.300000 20.787000 -2.595907 
21.300000 20.887000 -2.595992 
21.300000 20.987000 -2.596222 
21.300000 21.087000 -2.596565 
21.300000 21.187000 -2.596979 
21.300000 21.287000 -2.597409 
21.300000 21.387000 -2.597800 
21.300000 21.487000 -2.598101 
21.300000 21.587000 -2.598273 
21.300000 21.687000 -2.598293 
21.300000 21.787000 -2.598159 
21.300000 21.887000 -2.597887 
21.300000 21.987000 -2.597513 
21.300000 22.087000 -2.597085 
21.300000 22.187000 -2.596658 
21.300000 22.287000 -2.596286 
21.300000 22.387000 -2.596019 
21.300000 22.487000 -2.595889 
21.400000 18.187000 -2.598129 
21.400000 18.287000 -2.598066 
21.400000 18.387000 -2.597849 
21.400000 18.487000 -2.597507 
21.400000 18.587000 -2.597089 
21.400000 18.687000 -2.596651 
21.400000 18.787000 -2.596252 
21.400000 18.887000 -2.595948 
21.400000 18.987000 -2.595781 
21.400000 19.087000 -2.595774 
21.400000 19.187000 -2.595932 
21.400000 19.287000 -2.596237 
21.400000 19.387000 -2.596650 
21.400000 19.487000 -2.597121 
21.400000 19.587000 -2.597590 
21.400000 19.687000 -2.597998 
21.400000 19.787000 -2.598295 
21.400000 19.887000 -2.598443 
21.400000 19.987000 -2.598426 
21.400000 20.087000 -2.598247 
21.400000 20.187000 -2.597930 
21.400000 20.287000 -2.597519 
21.400000 20.387000 -2.597068 
21.400000 20.487000 -2.596637 
21.400000 20.587000 -2.596282 
21.400000 20.687000 -2.596053 
21.400000 20.787000 -2.595978 
21.400000 20.887000 -2.596069 
21.400000 20.987000 -2.596314 
21.400000 21.087000 -2.596681 
21.400000 21.187000 -2.597124 
21.400000 21.287000 -2.597585 
21.400000 21.387000 -2.598003 
21.400000 21.487000 -2.598325 
21.400000 21.587000 -2.598509 
21.400000 21.687000 -2.598531 
21.400000 21.787000 -2.598387 
21.400000 21.887000 -2.598097 
21.400000 21.987000 -2.597697 
21.400000 22.087000 -2.597239 
21.400000 22.187000 -2.596782 
21.400000 22.287000 -2.596385 
21.400000 22.387000 -2.596098 
21.400000 22.487000 -2.595960 
21.500000 18.187000 -2.598209 
21.500000 18.287000 -2.598144 
21.500000 18.387000 -2.597921 
21.500000 18.487000 -2.597571 
21.500000 18.587000 -2.597143 
21.500000 18.687000 -2.596695 
21.500000 18.787000 -2.596287 
21.500000 18.887000 -2.595976 
21.500000 18.987000 -2.595804 
21.500000 19.087000 -2.595797 
21.500000 19.187000 -2.595958 
21.500000 19.287000 -2.596269 
21.500000 19.387000 -2.596691 
21.500000 19.487000 -2.597172 
21.500000 19.587000 -2.597651 
21.500000 19.687000 -2.598068 
21.500000 19.787000 -2.598371 
21.500000 19.887000 -2.598523 
21.500000 19.987000 -2.598505 
21.500000 20.087000 -2.598321 
21.500000 20.187000 -2.597997 
21.500000 20.287000 -2.597576 
21.500000 20.387000 -2.597115 
21.500000 20.487000 -2.596674 
21.500000 20.587000 -2.596312 
21.500000 20.687000 -2.596077 
21.500000 20.787000 -2.596001 
21.500000 20.887000 -2.596093 
21.500000 20.987000 -2.596344 
21.500000 21.087000 -2.596719 
21.500000 21.187000 -2.597172 
21.500000 21.287000 -2.597643 
21.500000 21.387000 -2.598071 
21.500000 21.487000 -2.598400 
21.500000 21.587000 -2.598588 
21.500000 21.687000 -2.598610 
21.500000 21.787000 -2.598463 
21.500000 21.887000 -2.598167 
21.500000 21.987000 -2.597758 
21.500000 22.087000 -2.597290 
21.500000 22.187000 -2.596822 
21.500000 22.287000 -2.596417 
21.500000 22.387000 -2.596124 
21.500000 22.487000 -2.595982 
21.600000 18.187000 -2.598118 
21.600000 18.287000 -2.598055 
21.600000 18.387000 -2.597837 
21.600000 18.487000 -2.597496 
21.600000 18.587000 -2.597078 
21.600000 18.687000 -2.596639 
21.600000 18.787000 -2.596241 
21.600000 18.887000 -2.595937 
21.600000 18.987000 -2.595769 
21.600000 19.087000 -2.595763 
21.600000 19.187000 -2.595921 
21.600000 19.287000 -2.596225 
21.600000 19.387000 -2.596639 
21.600000 19.487000 -2.597109 
21.600000 19.587000 -2.597578 
21.600000 19.687000 -2.597987 
21.600000 19.787000 -2.598284 
21.600000 19.887000 -2.598432 
21.600000 19.987000 -2.598415 
21.600000 20.087000 -2.598235 
21.600000 20.187000 -2.597919 
21.600000 20.287000 -2.597508 
21.600000 20.387000 -2.597056 
21.600000 20.487000 -2.596625 
21.600000 20.587000 -2.596271 
21.600000 20.687000 -2.596041 
21.600000 20.787000 -2.595967 
21.600000 20.887000 -2.596057 
21.600000 20.987000 -2.596302 
21.600000 21.087000 -2.596670 
21.600000 21.187000 -2.597113 
21.600000 21.287000 -2.597573 
21.600000 21.387000 -2.597992 
21.600000 21.487000 -2.598314 
21.600000 21.587000 -2.598498 
21.600000 21.687000 -2.598520 
21.600000 21.787000 -2.598376 
21.600000 21.887000 -2.598086 
21.600000 21.987000 -2.597686 
21.600000 22.087000 -2.597228 
21.600000 22.187000 -2.596770 
21.600000 22.287000 -2.596373 
21.600000 22.387000 -2.596087 
21.600000 22.487000 -2.595948 
21.700000 18.187000 -2.597868 
21.700000 18.287000 -2.597811 
21.700000 18.387000 -2.597609 
21.700000 18.487000 -2.597291 
21.700000 18.587000 -2.596902 
21.700000 18.687000 -2.596494 
21.700000 18.787000 -2.596123 
21.700000 18.887000 -2.595840 
21.700000 18.987000 -2.595685 
21.700000 19.087000 -2.595680 
21.700000 19.187000 -2.595829 
21.700000 19.287000 -2.596115 
21.700000 19.387000 -2.596502 
21.700000 19.487000 -2.596943 
21.700000 19.587000 -2.597382 
21.700000 19.687000 -2.597765 
21.700000 19.787000 -2.598043 
21.700000 19.887000 -2.598183 
21.700000 19.987000 -2.598167 
21.700000 20.087000 -2.598001 
21.700000 20.187000 -2.597706 
21.700000 20.287000 -2.597322 
21.700000 20.387000 -2.596901 
21.700000 20.487000 -2.596499 
21.700000 20.587000 -2.596168 
21.700000 20.687000 -2.595954 
21.700000 20.787000 -2.595885 
21.700000 20.887000 -2.595970 
21.700000 20.987000 -2.596199 
21.700000 21.087000 -2.596543 
21.700000 21.187000 -2.596956 
21.700000 21.287000 -2.597387 
21.700000 21.387000 -2.597778 
21.700000 21.487000 -2.598079 
21.700000 21.587000 -2.598250 
21.700000 21.687000 -2.598271 
21.700000 21.787000 -2.598136 
21.700000 21.887000 -2.597865 
21.700000 21.987000 -2.597491 
21.700000 22.087000 -2.597063 
21.700000 22.187000 -2.596635 
21.700000 22.287000 -2.596264 
21.700000 22.387000 -2.595996 
21.700000 22.487000 -2.595866 
21.800000 18.187000 -2.597491 
21.800000 18.287000 -2.597442 
21.800000 18.387000 -2.597266 
21.800000 18.487000 -2.596987 
21.800000 18.587000 -2.596644 
21.800000 18.687000 -2.596285 
21.800000 18.787000 -2.595959 
21.800000 18.887000 -2.595710 
21.800000 18.987000 -2.595575 
21.800000 19.087000 -2.595573 
21.800000 19.187000 -2.595708 
21.800000 19.287000 -2.595963 
21.800000 19.387000 -2.596308 
21.800000 19.487000 -2.596701 
21.800000 19.587000 -2.597092 
21.800000 19.687000 -2.597433 
21.800000 19.787000 -2.597681 
21.800000 19.887000 -2.597806 
21.800000 19.987000 -2.597794 
21.800000 20.087000 -2.597647 
21.800000 20.187000 -2.597387 
21.800000 20.287000 -2.597048 
21.800000 20.387000 -2.596676 
21.800000 20.487000 -2.596321 
21.800000 20.587000 -2.596029 
21.800000 20.687000 -2.595840 
21.800000 20.787000 -2.595779 
21.800000 20.887000 -2.595855 
21.800000 20.987000 -2.596058 
21.800000 21.087000 -2.596363 
21.800000 21.187000 -2.596730 
21.800000 21.287000 -2.597111 
21.800000 21.387000 -2.597458 
21.800000 21.487000 -2.597724 
21.800000 21.587000 -2.597876 
21.800000 21.687000 -2.597894 
21.800000 21.787000 -2.597775 
21.800000 21.887000 -2.597534 
21.800000 21.987000 -2.597202 
21.800000 22.087000 -2.596822 
21.800000 22.187000 -2.596443 
21.800000 22.287000 -2.596113 
21.800000 22.387000 -2.595875 
21.800000 22.487000 -2.595759 
21.900000 18.187000 -2.597032 
21.900000 18.287000 -2.596995 
21.900000 18.387000 -2.596853 
21.900000 18.487000 -2.596625 
21.900000 18.587000 -2.596345 
21.900000 18.687000 -2.596052 
21.900000 18.787000 -2.595785 
21.900000 18.887000 -2.595584 
21.900000 18.987000 -2.595475 
21.900000 19.087000 -2.595477 
21.900000 19.187000 -2.595592 
21.900000 19.287000 -2.595806 
21.900000 19.387000 -2.596095 
21.900000 19.487000 -2.596423 
21.900000 19.587000 -2.596749 
21.900000 19.687000 -2.597034 
21.900000 19.787000 -2.597242 
21.900000 19.887000 -2.597348 
21.900000 19.987000 -2.597340 
21.900000 20.087000 -2.597220 
21.900000 20.187000 -2.597007 
21.900000 20.287000 -2.596729 
21.900000 20.387000 -2.596422 
21.900000 20.487000 -2.596130 
21.900000 20.587000 -2.595889 
21.900000 20.687000 -2.595734 
21.900000 20.787000 -2.595684 
21.900000 20.887000 -2.595747 
21.900000 20.987000 -2.595916 
21.900000 21.087000 -2.596169 
21.900000 21.187000 -2.596473 
21.900000 21.287000 -2.596789 
21.900000 21.387000 -2.597076 
21.900000 21.487000 -2.597296 
21.900000 21.587000 -2.597422 
21.900000 21.687000 -2.597436 
21.900000 21.787000 -2.597337 
21.900000 21.887000 -2.597137 
21.900000 21.987000 -2.596862 
21.900000 22.087000 -2.596547 
21.900000 22.187000 -2.596232 
21.900000 22.287000 -2.595959 
21.900000 22.387000 -2.595761 
21.900000 22.487000 -2.595663 
22.000000 18.187000 -2.596547 
22.000000 18.287000 -2.596524 
22.000000 18.387000 -2.596422 
22.000000 18.487000 -2.596258 
22.000000 18.587000 -2.596054 
22.000000 18.687000 -2.595839 
22.000000 18.787000 -2.595646 
22.000000 18.887000 -2.595500 
22.000000 18.987000 -2.595424 
22.000000 19.087000 -2.595431 
22.000000 19.187000 -2.595521 
22.000000 19.287000 -2.595686 
22.000000 19.387000 -2.595907 
22.000000 19.487000 -2.596156 
22.000000 19.587000 -2.596405 
22.000000 19.687000 -2.596621 
22.000000 19.787000 -2.596780 
22.000000 19.887000 -2.596863 
22.000000 19.987000 -2.596860 
22.000000 20.087000 -2.596774 
22.000000 20.187000 -2.596617 
22.000000 20.287000 -2.596411 
22.000000 20.387000 -2.596185 
22.000000 20.487000 -2.595968 
22.000000 20.587000 -2.595790 
22.000000 20.687000 -2.595675 
22.000000 20.787000 -2.595639 
22.000000 20.887000 -2.595687 
22.000000 20.987000 -2.595815 
22.000000 21.087000 -2.596004 
22.000000 21.187000 -2.596232 
22.000000 21.287000 -2.596468 
22.000000 21.387000 -2.596683 
22.000000 21.487000 -2.596847 
22.000000 21.587000 -2.596941 
22.000000 21.687000 -2.596951 
22.000000 21.787000 -2.596877 
22.000000 21.887000 -2.596727 
22.000000 21.987000 -2.596520 
22.000000 22.087000 -2.596284 
22.000000 22.187000 -2.596047 
22.000000 22.287000 -2.595841 
22.000000 22.387000 -2.595691 
22.000000 22.487000 -2.595617 
22.100000 18.187000 -2.596088 
22.100000 18.287000 -2.596082 
22.100000 18.387000 -2.596027 
22.100000 18.487000 -2.595933 
22.100000 18.587000 -2.595814 
22.100000 18.687000 -2.595690 
22.100000 18.787000 -2.595578 
22.100000 18.887000 -2.595496 
22.100000 18.987000 -2.595457 
22.100000 19.087000 -2.595468 
22.100000 19.187000 -2.595532 
22.100000 19.287000 -2.595641 
22.100000 19.387000 -2.595785 
22.100000 19.487000 -2.595946 
22.100000 19.587000 -2.596105 
22.100000 19.687000 -2.596245 
22.100000 19.787000 -2.596349 
22.100000 19.887000 -2.596405 
22.100000 19.987000 -2.596408 
22.100000 20.087000 -2.596359 
22.100000 20.187000 -2.596267 
22.100000 20.287000 -2.596143 
22.100000 20.387000 -2.596006 
22.100000 20.487000 -2.595875 
22.100000 20.587000 -2.595768 
22.100000 20.687000 -2.595699 
22.100000 20.787000 -2.595679 
22.100000 20.887000 -2.595710 
22.100000 20.987000 -2.595790 
22.100000 21.087000 -2.595909 
22.100000 21.187000 -2.596050 
22.100000 21.287000 -2.596197 
22.100000 21.387000 -2.596329 
22.100000 21.487000 -2.596431 
22.100000 21.587000 -2.596488 
22.100000 21.687000 -2.596494 
22.100000 21.787000 -2.596447 
22.100000 21.887000 -2.596353 
22.100000 21.987000 -2.596225 
22.100000 22.087000 -2.596077 
22.100000 22.187000 -2.595929 
22.100000 22.287000 -2.595799 
22.100000 22.387000 -2.595704 
22.100000 22.487000 -2.595655 
22.200000 18.187000 -2.595703 
22.200000 18.287000 -2.595714 
22.200000 18.387000 -2.595708 
22.200000 18.487000 -2.595690 
22.200000 18.587000 -2.595664 
22.200000 18.687000 -2.595636 
22.200000 18.787000 -2.595612 
22.200000 18.887000 -2.595598 
22.200000 18.987000 -2.595598 
22.200000 19.087000 -2.595615 
22.200000 19.187000 -2.595650 
22.200000 19.287000 -2.595699 
22.200000 19.387000 -2.595760 
22.200000 19.487000 -2.595826 
22.200000 19.587000 -2.595891 
22.200000 19.687000 -2.595948 
22.200000 19.787000 -2.595993 
22.200000 19.887000 -2.596021 
22.200000 19.987000 -2.596030 
22.200000 20.087000 -2.596021 
22.200000 20.187000 -2.595997 
22.200000 20.287000 -2.595962 
22.200000 20.387000 -2.595921 
22.200000 20.487000 -2.595882 
22.200000 20.587000 -2.595850 
22.200000 20.687000 -2.595831 
22.200000 20.787000 -2.595827 
22.200000 20.887000 -2.595841 
22.200000 20.987000 -2.595870 
22.200000 21.087000 -2.595912 
22.200000 21.187000 -2.595961 
22.200000 21.287000 -2.596012 
22.200000 21.387000 -2.596057 
22.200000 21.487000 -2.596091 
22.200000 21.587000 -2.596109 
22.200000 21.687000 -2.596110 
22.200000 21.787000 -2.596093 
22.200000 21.887000 -2.596059 
22.200000 21.987000 -2.596014 
22.200000 22.087000 -2.595961 
22.200000 22.187000 -2.595907 
22.200000 22.287000 -2.595860 
22.200000 22.387000 -2.595823 
22.200000 22.487000 -2.595802 
22.300000 18.187000 -2.595422 
22.300000 18.287000 -2.595450 
22.300000 18.387000 -2.595496 
22.300000 18.487000 -2.595555 
22.300000 18.587000 -2.595623 
22.300000 18.687000 -2.595693 
22.300000 18.787000 -2.595759 
22.300000 18.887000 -2.595814 
22.300000 18.987000 -2.595855 
22.300000 19.087000 -2.595878 
22.300000 19.187000 -2.595882 
22.300000 19.287000 -2.595871 
22.300000 19.387000 -2.595847 
22.300000 19.487000 -2.595816 
22.300000 19.587000 -2.595784 
22.300000 19.687000 -2.595757 
22.300000 19.787000 -2.595741 
22.300000 19.887000 -2.595740 
22.300000 19.987000 -2.595756 
22.300000 20.087000 -2.595788 
22.300000 20.187000 -2.595834 
22.300000 20.287000 -2.595889 
22.300000 20.387000 -2.595947 
22.300000 20.487000 -2.596002 
22.300000 20.587000 -2.596047 
22.300000 20.687000 -2.596078 
22.300000 20.787000 -2.596092 
22.300000 20.887000 -2.596087 
22.300000 20.987000 -2.596065 
22.300000 21.087000 -2.596028 
22.300000 21.187000 -2.595983 
22.300000 21.287000 -2.595935 
22.300000 21.387000 -2.595891 
22.300000 21.487000 -2.595855 
22.300000 21.587000 -2.595834 
22.300000 21.687000 -2.595830 
22.300000 21.787000 -2.595843 
22.300000 21.887000 -2.595871 
22.300000 21.987000 -2.595910 
22.300000 22.087000 -2.595955 
22.300000 22.187000 -2.595998 
22.300000 22.287000 -2.596034 
22.300000 22.387000 -2.596058 
22.300000 22.487000 -2.596065 
22.400000 18.187000 -2.595257 
22.400000 18.287000 -2.595302 
22.400000 18.387000 -2.595397 
22.400000 18.487000 -2.595533 
22.400000 18.587000 -2.595693 
22.400000 18.687000 -2.595859 
22.400000 18.787000 -2.596012 
22.400000 18.887000 -2.596136 
22.400000 18.987000 -2.596216 
22.400000 19.087000 -2.596244 
22.400000 19.187000 -2.596220 
22.400000 19.287000 -2.596149 
22.400000 19.387000 -2.596042 
22.400000 19.487000 -2.595916 
22.400000 19.587000 -2.595789 
22.400000 19.687000 -2.595680 
22.400000 19.787000 -2.595605 
22.400000 19.887000 -2.595576 
22.400000 19.987000 -2.595598 
22.400000 20.087000 -2.595670 
22.400000 20.187000 -2.595785 
22.400000 20.287000 -2.595928 
22.400000 20.387000 -2.596082 
22.400000 20.487000 -2.596229 
22.400000 20.587000 -2.596349 
22.400000 20.687000 -2.596430 
22.400000 20.787000 -2.596460 
22.400000 20.887000 -2.596437 
22.400000 20.987000 -2.596364 
22.400000 21.087000 -2.596252 
22.400000 21.187000 -2.596114 
22.400000 21.287000 -2.595970 
22.400000 21.387000 -2.595838 
22.400000 21.487000 -2.595735 
22.400000 21.587000 -2.595675 
22.400000 21.687000 -2.595666 
22.400000 21.787000 -2.595709 
22.400000 21.887000 -2.595797 
22.400000 21.987000 -2.595919 
22.400000 22.087000 -2.596059 
22.400000 22.187000 -2.596197 
22.400000 22.287000 -2.596315 
22.400000 22.387000 -2.596397 
22.400000 22.487000 -2.596432 
