18.434000 17.192000 -1.283348 
18.434000 17.292000 -1.283537 
18.434000 17.392000 -1.284076 
18.434000 17.492000 -1.284928 
18.434000 17.592000 -1.286030 
18.434000 17.692000 -1.287305 
18.434000 17.792000 -1.288666 
18.434000 17.892000 -1.290022 
18.434000 17.992000 -1.291287 
18.434000 18.092000 -1.292382 
18.434000 18.192000 -1.293243 
18.434000 18.292000 -1.293820 
18.434000 18.392000 -1.294081 
18.434000 18.492000 -1.294011 
18.434000 18.592000 -1.293615 
18.434000 18.692000 -1.292915 
18.434000 18.792000 -1.291950 
18.434000 18.892000 -1.290778 
18.434000 18.992000 -1.289469 
18.434000 19.092000 -1.288106 
18.434000 19.192000 -1.286779 
18.434000 19.292000 -1.285576 
18.434000 19.392000 -1.284582 
18.434000 19.492000 -1.283868 
18.434000 19.592000 -1.283486 
18.434000 19.692000 -1.283464 
18.434000 19.792000 -1.283805 
18.434000 19.892000 -1.284481 
18.434000 19.992000 -1.285445 
18.434000 20.092000 -1.286628 
18.434000 20.192000 -1.287945 
18.434000 20.292000 -1.289309 
18.434000 20.392000 -1.290629 
18.434000 20.492000 -1.291822 
18.434000 20.592000 -1.292815 
18.434000 20.692000 -1.293549 
18.434000 20.792000 -1.293983 
18.434000 20.892000 -1.294093 
18.434000 20.992000 -1.293871 
18.434000 21.092000 -1.293330 
18.434000 21.192000 -1.292500 
18.434000 21.292000 -1.291429 
18.434000 21.392000 -1.290180 
18.434000 21.492000 -1.288829 
18.434000 21.592000 -1.287463 
18.434000 21.692000 -1.286171 
18.434000 21.792000 -1.285042 
18.434000 21.892000 -1.284155 
18.434000 21.992000 -1.283573 
18.434000 22.092000 -1.283339 
18.434000 22.192000 -1.283468 
18.434000 22.292000 -1.283952 
18.434000 22.392000 -1.284753 
18.434000 22.492000 -1.285812 
18.434000 22.592000 -1.287054 
18.434000 22.692000 -1.288393 
18.434000 22.792000 -1.289737 
18.434000 22.892000 -1.291000 
18.434000 22.992000 -1.292102 
18.434000 23.092000 -1.292977 
18.434000 23.192000 -1.293572 
18.434000 23.292000 -1.293854 
18.534000 17.192000 -1.283547 
18.534000 17.292000 -1.283690 
18.534000 17.392000 -1.284097 
18.534000 17.492000 -1.284736 
18.534000 17.592000 -1.285561 
18.534000 17.692000 -1.286510 
18.534000 17.792000 -1.287519 
18.534000 17.892000 -1.288520 
18.534000 17.992000 -1.289448 
18.534000 18.092000 -1.290249 
18.534000 18.192000 -1.290876 
18.534000 18.292000 -1.291295 
18.534000 18.392000 -1.291485 
18.534000 18.492000 -1.291436 
18.534000 18.592000 -1.291149 
18.534000 18.692000 -1.290642 
18.534000 18.792000 -1.289940 
18.534000 18.892000 -1.289083 
18.534000 18.992000 -1.288122 
18.534000 19.092000 -1.287116 
18.534000 19.192000 -1.286132 
18.534000 19.292000 -1.285236 
18.534000 19.392000 -1.284493 
18.534000 19.492000 -1.283958 
18.534000 19.592000 -1.283671 
18.534000 19.692000 -1.283655 
18.534000 19.792000 -1.283910 
18.534000 19.892000 -1.284418 
18.534000 19.992000 -1.285139 
18.534000 20.092000 -1.286020 
18.534000 20.192000 -1.286998 
18.534000 20.292000 -1.288005 
18.534000 20.392000 -1.288975 
18.534000 20.492000 -1.289847 
18.534000 20.592000 -1.290570 
18.534000 20.692000 -1.291102 
18.534000 20.792000 -1.291416 
18.534000 20.892000 -1.291494 
18.534000 20.992000 -1.291333 
18.534000 21.092000 -1.290939 
18.534000 21.192000 -1.290335 
18.534000 21.292000 -1.289552 
18.534000 21.392000 -1.288635 
18.534000 21.492000 -1.287639 
18.534000 21.592000 -1.286626 
18.534000 21.692000 -1.285665 
18.534000 21.792000 -1.284820 
18.534000 21.892000 -1.284154 
18.534000 21.992000 -1.283715 
18.534000 22.092000 -1.283537 
18.534000 22.192000 -1.283632 
18.534000 22.292000 -1.283993 
18.534000 22.392000 -1.284590 
18.534000 22.492000 -1.285379 
18.534000 22.592000 -1.286300 
18.534000 22.692000 -1.287289 
18.534000 22.792000 -1.288277 
18.534000 22.892000 -1.289200 
18.534000 22.992000 -1.290001 
18.534000 23.092000 -1.290634 
18.534000 23.192000 -1.291062 
18.534000 23.292000 -1.291262 
18.634000 17.192000 -1.284182 
18.634000 17.292000 -1.284276 
18.634000 17.392000 -1.284540 
18.634000 17.492000 -1.284950 
18.634000 17.592000 -1.285476 
18.634000 17.692000 -1.286075 
18.634000 17.792000 -1.286706 
18.634000 17.892000 -1.287324 
18.634000 17.992000 -1.287891 
18.634000 18.092000 -1.288376 
18.634000 18.192000 -1.288751 
18.634000 18.292000 -1.289002 
18.634000 18.392000 -1.289115 
18.634000 18.492000 -1.289087 
18.634000 18.592000 -1.288919 
18.634000 18.692000 -1.288618 
18.634000 18.792000 -1.288199 
18.634000 18.892000 -1.287681 
18.634000 18.992000 -1.287093 
18.634000 19.092000 -1.286471 
18.634000 19.192000 -1.285856 
18.634000 19.292000 -1.285290 
18.634000 19.392000 -1.284817 
18.634000 19.492000 -1.284474 
18.634000 19.592000 -1.284290 
18.634000 19.692000 -1.284280 
18.634000 19.792000 -1.284444 
18.634000 19.892000 -1.284769 
18.634000 19.992000 -1.285229 
18.634000 20.092000 -1.285786 
18.634000 20.192000 -1.286398 
18.634000 20.292000 -1.287022 
18.634000 20.392000 -1.287616 
18.634000 20.492000 -1.288144 
18.634000 20.592000 -1.288577 
18.634000 20.692000 -1.288892 
18.634000 20.792000 -1.289077 
18.634000 20.892000 -1.289121 
18.634000 20.992000 -1.289024 
18.634000 21.092000 -1.288790 
18.634000 21.192000 -1.288428 
18.634000 21.292000 -1.287955 
18.634000 21.392000 -1.287395 
18.634000 21.492000 -1.286779 
18.634000 21.592000 -1.286147 
18.634000 21.692000 -1.285540 
18.634000 21.792000 -1.285002 
18.634000 21.892000 -1.284573 
18.634000 21.992000 -1.284289 
18.634000 22.092000 -1.284171 
18.634000 22.192000 -1.284229 
18.634000 22.292000 -1.284457 
18.634000 22.392000 -1.284835 
18.634000 22.492000 -1.285333 
18.634000 22.592000 -1.285909 
18.634000 22.692000 -1.286521 
18.634000 22.792000 -1.287126 
18.634000 22.892000 -1.287684 
18.634000 22.992000 -1.288162 
18.634000 23.092000 -1.288535 
18.634000 23.192000 -1.288783 
18.634000 23.292000 -1.288896 
18.734000 17.192000 -1.285289 
18.734000 17.292000 -1.285332 
18.734000 17.392000 -1.285446 
18.734000 17.492000 -1.285617 
18.734000 17.592000 -1.285830 
18.734000 17.692000 -1.286064 
18.734000 17.792000 -1.286299 
18.734000 17.892000 -1.286518 
18.734000 17.992000 -1.286709 
18.734000 18.092000 -1.286863 
18.734000 18.192000 -1.286976 
18.734000 18.292000 -1.287050 
18.734000 18.392000 -1.287084 
18.734000 18.492000 -1.287078 
18.734000 18.592000 -1.287034 
18.734000 18.692000 -1.286949 
18.734000 18.792000 -1.286824 
18.734000 18.892000 -1.286660 
18.734000 18.992000 -1.286462 
18.734000 19.092000 -1.286241 
18.734000 19.192000 -1.286010 
18.734000 19.292000 -1.285790 
18.734000 19.392000 -1.285599 
18.734000 19.492000 -1.285458 
18.734000 19.592000 -1.285381 
18.734000 19.692000 -1.285377 
18.734000 19.792000 -1.285446 
18.734000 19.892000 -1.285580 
18.734000 19.992000 -1.285766 
18.734000 20.092000 -1.285985 
18.734000 20.192000 -1.286215 
18.734000 20.292000 -1.286439 
18.734000 20.392000 -1.286640 
18.734000 20.492000 -1.286809 
18.734000 20.592000 -1.286939 
18.734000 20.692000 -1.287028 
18.734000 20.792000 -1.287078 
18.734000 20.892000 -1.287087 
18.734000 20.992000 -1.287058 
18.734000 21.092000 -1.286989 
18.734000 21.192000 -1.286879 
18.734000 21.292000 -1.286729 
18.734000 21.392000 -1.286542 
18.734000 21.492000 -1.286325 
18.734000 21.592000 -1.286089 
18.734000 21.692000 -1.285853 
18.734000 21.792000 -1.285635 
18.734000 21.892000 -1.285455 
18.734000 21.992000 -1.285332 
18.734000 22.092000 -1.285277 
18.734000 22.192000 -1.285296 
18.734000 22.292000 -1.285386 
18.734000 22.392000 -1.285535 
18.734000 22.492000 -1.285728 
18.734000 22.592000 -1.285944 
18.734000 22.692000 -1.286163 
18.734000 22.792000 -1.286367 
18.734000 22.892000 -1.286544 
18.734000 22.992000 -1.286685 
18.734000 23.092000 -1.286787 
18.734000 23.192000 -1.286848 
18.734000 23.292000 -1.286869 
18.834000 17.192000 -1.286865 
18.834000 17.292000 -1.286857 
18.834000 17.392000 -1.286818 
18.834000 17.492000 -1.286747 
18.834000 17.592000 -1.286642 
18.834000 17.692000 -1.286504 
18.834000 17.792000 -1.286338 
18.834000 17.892000 -1.286152 
18.834000 17.992000 -1.285959 
18.834000 18.092000 -1.285778 
18.834000 18.192000 -1.285627 
18.834000 18.292000 -1.285521 
18.834000 18.392000 -1.285474 
18.834000 18.492000 -1.285492 
18.834000 18.592000 -1.285572 
18.834000 18.692000 -1.285706 
18.834000 18.792000 -1.285880 
18.834000 18.892000 -1.286074 
18.834000 18.992000 -1.286272 
18.834000 19.092000 -1.286458 
18.834000 19.192000 -1.286619 
18.834000 19.292000 -1.286749 
18.834000 19.392000 -1.286846 
18.834000 19.492000 -1.286909 
18.834000 19.592000 -1.286941 
18.834000 19.692000 -1.286943 
18.834000 19.792000 -1.286915 
18.834000 19.892000 -1.286856 
18.834000 19.992000 -1.286764 
18.834000 20.092000 -1.286638 
18.834000 20.192000 -1.286481 
18.834000 20.292000 -1.286298 
18.834000 20.392000 -1.286101 
18.834000 20.492000 -1.285905 
18.834000 20.592000 -1.285728 
18.834000 20.692000 -1.285588 
18.834000 20.792000 -1.285501 
18.834000 20.892000 -1.285475 
18.834000 20.992000 -1.285514 
18.834000 21.092000 -1.285613 
18.834000 21.192000 -1.285759 
18.834000 21.292000 -1.285937 
18.834000 21.392000 -1.286128 
18.834000 21.492000 -1.286314 
18.834000 21.592000 -1.286482 
18.834000 21.692000 -1.286622 
18.834000 21.792000 -1.286729 
18.834000 21.892000 -1.286802 
18.834000 21.992000 -1.286843 
18.834000 22.092000 -1.286852 
18.834000 22.192000 -1.286832 
18.834000 22.292000 -1.286781 
18.834000 22.392000 -1.286698 
18.834000 22.492000 -1.286581 
18.834000 22.592000 -1.286430 
18.834000 22.692000 -1.286250 
18.834000 22.792000 -1.286048 
18.834000 22.892000 -1.285839 
18.834000 22.992000 -1.285638 
18.834000 23.092000 -1.285464 
18.834000 23.192000 -1.285335 
18.834000 23.292000 -1.285263 
18.934000 17.192000 -1.288869 
18.934000 17.292000 -1.288809 
18.934000 17.392000 -1.288619 
18.934000 17.492000 -1.288308 
18.934000 17.592000 -1.287890 
18.934000 17.692000 -1.287385 
18.934000 17.792000 -1.286822 
18.934000 17.892000 -1.286236 
18.934000 17.992000 -1.285666 
18.934000 18.092000 -1.285154 
18.934000 18.192000 -1.284741 
18.934000 18.292000 -1.284459 
18.934000 18.392000 -1.284332 
18.934000 18.492000 -1.284372 
18.934000 18.592000 -1.284576 
18.934000 18.692000 -1.284926 
18.934000 18.792000 -1.285394 
18.934000 18.892000 -1.285943 
18.934000 18.992000 -1.286531 
18.934000 19.092000 -1.287118 
18.934000 19.192000 -1.287666 
18.934000 19.292000 -1.288143 
18.934000 19.392000 -1.288523 
18.934000 19.492000 -1.288789 
18.934000 19.592000 -1.288929 
18.934000 19.692000 -1.288937 
18.934000 19.792000 -1.288813 
18.934000 19.892000 -1.288562 
18.934000 19.992000 -1.288195 
18.934000 20.092000 -1.287730 
18.934000 20.192000 -1.287189 
18.934000 20.292000 -1.286605 
18.934000 20.392000 -1.286014 
18.934000 20.492000 -1.285459 
18.934000 20.592000 -1.284979 
18.934000 20.692000 -1.284613 
18.934000 20.792000 -1.284391 
18.934000 20.892000 -1.284330 
18.934000 20.992000 -1.284437 
18.934000 21.092000 -1.284701 
18.934000 21.192000 -1.285099 
18.934000 21.292000 -1.285601 
18.934000 21.392000 -1.286164 
18.934000 21.492000 -1.286750 
18.934000 21.592000 -1.287316 
18.934000 21.692000 -1.287828 
18.934000 21.792000 -1.288257 
18.934000 21.892000 -1.288580 
18.934000 21.992000 -1.288782 
18.934000 22.092000 -1.288855 
18.934000 22.192000 -1.288796 
18.934000 22.292000 -1.288606 
18.934000 22.392000 -1.288292 
18.934000 22.492000 -1.287869 
18.934000 22.592000 -1.287356 
18.934000 22.692000 -1.286782 
18.934000 22.792000 -1.286179 
18.934000 22.892000 -1.285588 
18.934000 22.992000 -1.285050 
18.934000 23.092000 -1.284605 
18.934000 23.192000 -1.284288 
18.934000 23.292000 -1.284125 
19.034000 17.192000 -1.291220 
19.034000 17.292000 -1.291111 
19.034000 17.392000 -1.290777 
19.034000 17.492000 -1.290235 
19.034000 17.592000 -1.289514 
19.034000 17.692000 -1.288657 
19.034000 17.792000 -1.287713 
19.034000 17.892000 -1.286743 
19.034000 17.992000 -1.285811 
19.034000 18.092000 -1.284982 
19.034000 18.192000 -1.284317 
19.034000 18.292000 -1.283866 
19.034000 18.392000 -1.283663 
19.034000 18.492000 -1.283725 
19.034000 18.592000 -1.284047 
19.034000 18.692000 -1.284604 
19.034000 18.792000 -1.285354 
19.034000 18.892000 -1.286243 
19.034000 18.992000 -1.287206 
19.034000 19.092000 -1.288179 
19.034000 19.192000 -1.289098 
19.034000 19.292000 -1.289908 
19.034000 19.392000 -1.290561 
19.034000 19.492000 -1.291021 
19.034000 19.592000 -1.291265 
19.034000 19.692000 -1.291279 
19.034000 19.792000 -1.291063 
19.034000 19.892000 -1.290628 
19.034000 19.992000 -1.289997 
19.034000 20.092000 -1.289204 
19.034000 20.192000 -1.288295 
19.034000 20.292000 -1.287326 
19.034000 20.392000 -1.286358 
19.034000 20.492000 -1.285457 
19.034000 20.592000 -1.284687 
19.034000 20.692000 -1.284105 
19.034000 20.792000 -1.283753 
19.034000 20.892000 -1.283659 
19.034000 20.992000 -1.283830 
19.034000 21.092000 -1.284252 
19.034000 21.192000 -1.284893 
19.034000 21.292000 -1.285705 
19.034000 21.392000 -1.286627 
19.034000 21.492000 -1.287594 
19.034000 21.592000 -1.288543 
19.034000 21.692000 -1.289413 
19.034000 21.792000 -1.290150 
19.034000 21.892000 -1.290713 
19.034000 21.992000 -1.291072 
19.034000 22.092000 -1.291206 
19.034000 22.192000 -1.291109 
19.034000 22.292000 -1.290785 
19.034000 22.392000 -1.290250 
19.034000 22.492000 -1.289533 
19.034000 22.592000 -1.288673 
19.034000 22.692000 -1.287719 
19.034000 22.792000 -1.286732 
19.034000 22.892000 -1.285774 
19.034000 22.992000 -1.284913 
19.034000 23.092000 -1.284208 
19.034000 23.192000 -1.283711 
19.034000 23.292000 -1.283460 
19.134000 17.192000 -1.293808 
19.134000 17.292000 -1.293653 
19.134000 17.392000 -1.293184 
19.134000 17.492000 -1.292426 
19.134000 17.592000 -1.291424 
19.134000 17.692000 -1.290237 
19.134000 17.792000 -1.288938 
19.134000 17.892000 -1.287610 
19.134000 17.992000 -1.286340 
19.134000 18.092000 -1.285216 
19.134000 18.192000 -1.284317 
19.134000 18.292000 -1.283709 
19.134000 18.392000 -1.283435 
19.134000 18.492000 -1.283517 
19.134000 18.592000 -1.283948 
19.134000 18.692000 -1.284698 
19.134000 18.792000 -1.285712 
19.134000 18.892000 -1.286917 
19.134000 18.992000 -1.288230 
19.134000 19.092000 -1.289562 
19.134000 19.192000 -1.290828 
19.134000 19.292000 -1.291949 
19.134000 19.392000 -1.292856 
19.134000 19.492000 -1.293498 
19.134000 19.592000 -1.293838 
19.134000 19.692000 -1.293858 
19.134000 19.792000 -1.293556 
19.134000 19.892000 -1.292949 
19.134000 19.992000 -1.292071 
19.134000 20.092000 -1.290973 
19.134000 20.192000 -1.289721 
19.134000 20.292000 -1.288392 
19.134000 20.392000 -1.287073 
19.134000 20.492000 -1.285850 
19.134000 20.592000 -1.284810 
19.134000 20.692000 -1.284025 
19.134000 20.792000 -1.283553 
19.134000 20.892000 -1.283428 
19.134000 20.992000 -1.283659 
19.134000 21.092000 -1.284229 
19.134000 21.192000 -1.285096 
19.134000 21.292000 -1.286196 
19.134000 21.392000 -1.287452 
19.134000 21.492000 -1.288776 
19.134000 21.592000 -1.290082 
19.134000 21.692000 -1.291285 
19.134000 21.792000 -1.292311 
19.134000 21.892000 -1.293098 
19.134000 21.992000 -1.293602 
19.134000 22.092000 -1.293793 
19.134000 22.192000 -1.293661 
19.134000 22.292000 -1.293212 
19.134000 22.392000 -1.292471 
19.134000 22.492000 -1.291479 
19.134000 22.592000 -1.290294 
19.134000 22.692000 -1.288987 
19.134000 22.792000 -1.287641 
19.134000 22.892000 -1.286342 
19.134000 22.992000 -1.285179 
19.134000 23.092000 -1.284232 
19.134000 23.192000 -1.283568 
19.134000 23.292000 -1.283235 
19.234000 17.192000 -1.296499 
19.234000 17.292000 -1.296302 
19.234000 17.392000 -1.295710 
19.234000 17.492000 -1.294757 
19.234000 17.592000 -1.293500 
19.234000 17.692000 -1.292015 
19.234000 17.792000 -1.290395 
19.234000 17.892000 -1.288743 
19.234000 17.992000 -1.287168 
19.234000 18.092000 -1.285777 
19.234000 18.192000 -1.284667 
19.234000 18.292000 -1.283916 
19.234000 18.392000 -1.283578 
19.234000 18.492000 -1.283678 
19.234000 18.592000 -1.284209 
19.234000 18.692000 -1.285133 
19.234000 18.792000 -1.286384 
19.234000 18.892000 -1.287875 
19.234000 18.992000 -1.289504 
19.234000 19.092000 -1.291162 
19.234000 19.192000 -1.292742 
19.234000 19.292000 -1.294143 
19.234000 19.392000 -1.295281 
19.234000 19.492000 -1.296088 
19.234000 19.592000 -1.296516 
19.234000 19.692000 -1.296540 
19.234000 19.792000 -1.296160 
19.234000 19.892000 -1.295398 
19.234000 19.992000 -1.294297 
19.234000 20.092000 -1.292923 
19.234000 20.192000 -1.291360 
19.234000 20.292000 -1.289706 
19.234000 20.392000 -1.288068 
19.234000 20.492000 -1.286555 
19.234000 20.592000 -1.285270 
19.234000 20.692000 -1.284303 
19.234000 20.792000 -1.283722 
19.234000 20.892000 -1.283569 
19.234000 20.992000 -1.283855 
19.234000 21.092000 -1.284558 
19.234000 21.192000 -1.285628 
19.234000 21.292000 -1.286989 
19.234000 21.392000 -1.288547 
19.234000 21.492000 -1.290194 
19.234000 21.592000 -1.291822 
19.234000 21.692000 -1.293327 
19.234000 21.792000 -1.294614 
19.234000 21.892000 -1.295605 
19.234000 21.992000 -1.296240 
19.234000 22.092000 -1.296483 
19.234000 22.192000 -1.296319 
19.234000 22.292000 -1.295757 
19.234000 22.392000 -1.294829 
19.234000 22.492000 -1.293588 
19.234000 22.592000 -1.292109 
19.234000 22.692000 -1.290483 
19.234000 22.792000 -1.288812 
19.234000 22.892000 -1.287205 
19.234000 22.992000 -1.285769 
19.234000 23.092000 -1.284603 
19.234000 23.192000 -1.283788 
19.234000 23.292000 -1.283382 
19.334000 17.192000 -1.299143 
19.334000 17.292000 -1.298910 
19.334000 17.392000 -1.298210 
19.334000 17.492000 -1.297087 
19.334000 17.592000 -1.295607 
19.334000 17.692000 -1.293862 
19.334000 17.792000 -1.291961 
19.334000 17.892000 -1.290026 
19.334000 17.992000 -1.288185 
19.334000 18.092000 -1.286561 
19.334000 18.192000 -1.285266 
19.334000 18.292000 -1.284391 
19.334000 18.392000 -1.283997 
19.334000 18.492000 -1.284113 
19.334000 18.592000 -1.284731 
19.334000 18.692000 -1.285807 
19.334000 18.792000 -1.287265 
19.334000 18.892000 -1.289006 
19.334000 18.992000 -1.290911 
19.334000 19.092000 -1.292853 
19.334000 19.192000 -1.294706 
19.334000 19.292000 -1.296354 
19.334000 19.392000 -1.297693 
19.334000 19.492000 -1.298644 
19.334000 19.592000 -1.299148 
19.334000 19.692000 -1.299178 
19.334000 19.792000 -1.298729 
19.334000 19.892000 -1.297830 
19.334000 19.992000 -1.296534 
19.334000 20.092000 -1.294919 
19.334000 20.192000 -1.293084 
19.334000 20.292000 -1.291146 
19.334000 20.392000 -1.289231 
19.334000 20.492000 -1.287464 
19.334000 20.592000 -1.285966 
19.334000 20.692000 -1.284839 
19.334000 20.792000 -1.284164 
19.334000 20.892000 -1.283986 
19.334000 20.992000 -1.284319 
19.334000 21.092000 -1.285139 
19.334000 21.192000 -1.286387 
19.334000 21.292000 -1.287976 
19.334000 21.392000 -1.289796 
19.334000 21.492000 -1.291726 
19.334000 21.592000 -1.293636 
19.334000 21.692000 -1.295404 
19.334000 21.792000 -1.296920 
19.334000 21.892000 -1.298088 
19.334000 21.992000 -1.298839 
19.334000 22.092000 -1.299127 
19.334000 22.192000 -1.298935 
19.334000 22.292000 -1.298274 
19.334000 22.392000 -1.297182 
19.334000 22.492000 -1.295724 
19.334000 22.592000 -1.293989 
19.334000 22.692000 -1.292083 
19.334000 22.792000 -1.290128 
19.334000 22.892000 -1.288252 
19.334000 22.992000 -1.286578 
19.334000 23.092000 -1.285221 
19.334000 23.192000 -1.284274 
19.334000 23.292000 -1.283803 
19.434000 17.192000 -1.301591 
19.434000 17.292000 -1.301326 
19.434000 17.392000 -1.300537 
19.434000 17.492000 -1.299270 
19.434000 17.592000 -1.297603 
19.434000 17.692000 -1.295640 
19.434000 17.792000 -1.293503 
19.434000 17.892000 -1.291331 
19.434000 17.992000 -1.289266 
19.434000 18.092000 -1.287447 
19.434000 18.192000 -1.285998 
19.434000 18.292000 -1.285019 
19.434000 18.392000 -1.284578 
19.434000 18.492000 -1.284708 
19.434000 18.592000 -1.285398 
19.434000 18.692000 -1.286601 
19.434000 18.792000 -1.288233 
19.434000 18.892000 -1.290183 
19.434000 18.992000 -1.292319 
19.434000 19.092000 -1.294500 
19.434000 19.192000 -1.296583 
19.434000 19.292000 -1.298437 
19.434000 19.392000 -1.299946 
19.434000 19.492000 -1.301017 
19.434000 19.592000 -1.301586 
19.434000 19.692000 -1.301619 
19.434000 19.792000 -1.301113 
19.434000 19.892000 -1.300100 
19.434000 19.992000 -1.298640 
19.434000 20.092000 -1.296822 
19.434000 20.192000 -1.294760 
19.434000 20.292000 -1.292584 
19.434000 20.392000 -1.290435 
19.434000 20.492000 -1.288455 
19.434000 20.592000 -1.286778 
19.434000 20.692000 -1.285519 
19.434000 20.792000 -1.284764 
19.434000 20.892000 -1.284566 
19.434000 20.992000 -1.284938 
19.434000 21.092000 -1.285855 
19.434000 21.192000 -1.287252 
19.434000 21.292000 -1.289032 
19.434000 21.392000 -1.291073 
19.434000 21.492000 -1.293239 
19.434000 21.592000 -1.295386 
19.434000 21.692000 -1.297376 
19.434000 21.792000 -1.299082 
19.434000 21.892000 -1.300400 
19.434000 21.992000 -1.301247 
19.434000 22.092000 -1.301574 
19.434000 22.192000 -1.301358 
19.434000 22.292000 -1.300614 
19.434000 22.392000 -1.299385 
19.434000 22.492000 -1.297745 
19.434000 22.592000 -1.295794 
19.434000 22.692000 -1.293654 
19.434000 22.792000 -1.291461 
19.434000 22.892000 -1.289359 
19.434000 22.992000 -1.287486 
19.434000 23.092000 -1.285969 
19.434000 23.192000 -1.284912 
19.434000 23.292000 -1.284387 
19.534000 17.192000 -1.303697 
19.534000 17.292000 -1.303409 
19.534000 17.392000 -1.302548 
19.534000 17.492000 -1.301167 
19.534000 17.592000 -1.299351 
19.534000 17.692000 -1.297214 
19.534000 17.792000 -1.294890 
19.534000 17.892000 -1.292530 
19.534000 17.992000 -1.290288 
19.534000 18.092000 -1.288314 
19.534000 18.192000 -1.286742 
19.534000 18.292000 -1.285680 
19.534000 18.392000 -1.285202 
19.534000 18.492000 -1.285342 
19.534000 18.592000 -1.286090 
19.534000 18.692000 -1.287394 
19.534000 18.792000 -1.289164 
19.534000 18.892000 -1.291280 
19.534000 18.992000 -1.293600 
19.534000 19.092000 -1.295970 
19.534000 19.192000 -1.298236 
19.534000 19.292000 -1.300254 
19.534000 19.392000 -1.301898 
19.534000 19.492000 -1.303065 
19.534000 19.592000 -1.303685 
19.534000 19.692000 -1.303721 
19.534000 19.792000 -1.303170 
19.534000 19.892000 -1.302066 
19.534000 19.992000 -1.300475 
19.534000 20.092000 -1.298496 
19.534000 20.192000 -1.296252 
19.534000 20.292000 -1.293887 
19.534000 20.392000 -1.291553 
19.534000 20.492000 -1.289405 
19.534000 20.592000 -1.287586 
19.534000 20.692000 -1.286221 
19.534000 20.792000 -1.285403 
19.534000 20.892000 -1.285189 
19.534000 20.992000 -1.285593 
19.534000 21.092000 -1.286587 
19.534000 21.192000 -1.288102 
19.534000 21.292000 -1.290033 
19.534000 21.392000 -1.292250 
19.534000 21.492000 -1.294603 
19.534000 21.592000 -1.296938 
19.534000 21.692000 -1.299104 
19.534000 21.792000 -1.300963 
19.534000 21.892000 -1.302399 
19.534000 21.992000 -1.303324 
19.534000 22.092000 -1.303680 
19.534000 22.192000 -1.303446 
19.534000 22.292000 -1.302636 
19.534000 22.392000 -1.301297 
19.534000 22.492000 -1.299512 
19.534000 22.592000 -1.297390 
19.534000 22.692000 -1.295063 
19.534000 22.792000 -1.292682 
19.534000 22.892000 -1.290400 
19.534000 22.992000 -1.288369 
19.534000 23.092000 -1.286725 
19.534000 23.192000 -1.285581 
19.534000 23.292000 -1.285013 
19.634000 17.192000 -1.305338 
19.634000 17.292000 -1.305032 
19.634000 17.392000 -1.304118 
19.634000 17.492000 -1.302654 
19.634000 17.592000 -1.300729 
19.634000 17.692000 -1.298465 
19.634000 17.792000 -1.296004 
19.634000 17.892000 -1.293505 
19.634000 17.992000 -1.291134 
19.634000 18.092000 -1.289046 
19.634000 18.192000 -1.287385 
19.634000 18.292000 -1.286263 
19.634000 18.392000 -1.285758 
19.634000 18.492000 -1.285905 
19.634000 18.592000 -1.286695 
19.634000 18.692000 -1.288073 
19.634000 18.792000 -1.289944 
19.634000 18.892000 -1.292182 
19.634000 18.992000 -1.294636 
19.634000 19.092000 -1.297145 
19.634000 19.192000 -1.299545 
19.634000 19.292000 -1.301683 
19.634000 19.392000 -1.303425 
19.634000 19.492000 -1.304663 
19.634000 19.592000 -1.305321 
19.634000 19.692000 -1.305358 
19.634000 19.792000 -1.304774 
19.634000 19.892000 -1.303603 
19.634000 19.992000 -1.301917 
19.634000 20.092000 -1.299820 
19.634000 20.192000 -1.297444 
19.634000 20.292000 -1.294940 
19.634000 20.392000 -1.292471 
19.634000 20.492000 -1.290199 
19.634000 20.592000 -1.288276 
19.634000 20.692000 -1.286833 
19.634000 20.792000 -1.285969 
19.634000 20.892000 -1.285743 
19.634000 20.992000 -1.286170 
19.634000 21.092000 -1.287221 
19.634000 21.192000 -1.288822 
19.634000 21.292000 -1.290865 
19.634000 21.392000 -1.293210 
19.634000 21.492000 -1.295700 
19.634000 21.592000 -1.298173 
19.634000 21.692000 -1.300468 
19.634000 21.792000 -1.302438 
19.634000 21.892000 -1.303961 
19.634000 21.992000 -1.304942 
19.634000 22.092000 -1.305321 
19.634000 22.192000 -1.305073 
19.634000 22.292000 -1.304214 
19.634000 22.392000 -1.302796 
19.634000 22.492000 -1.300904 
19.634000 22.592000 -1.298656 
19.634000 22.692000 -1.296194 
19.634000 22.792000 -1.293674 
19.634000 22.892000 -1.291261 
19.634000 22.992000 -1.289114 
19.634000 23.092000 -1.287378 
19.634000 23.192000 -1.286169 
19.634000 23.292000 -1.285570 
19.734000 17.192000 -1.306415 
19.734000 17.292000 -1.306097 
19.734000 17.392000 -1.305150 
19.734000 17.492000 -1.303634 
19.734000 17.592000 -1.301640 
19.734000 17.692000 -1.299296 
19.734000 17.792000 -1.296749 
19.734000 17.892000 -1.294164 
19.734000 17.992000 -1.291710 
19.734000 18.092000 -1.289552 
19.734000 18.192000 -1.287834 
19.734000 18.292000 -1.286674 
19.734000 18.392000 -1.286152 
19.734000 18.492000 -1.286304 
19.734000 18.592000 -1.287121 
19.734000 18.692000 -1.288545 
19.734000 18.792000 -1.290479 
19.734000 18.892000 -1.292794 
19.734000 18.992000 -1.295332 
19.734000 19.092000 -1.297928 
19.734000 19.192000 -1.300412 
19.734000 19.292000 -1.302626 
19.734000 19.392000 -1.304430 
19.734000 19.492000 -1.305712 
19.734000 19.592000 -1.306393 
19.734000 19.692000 -1.306432 
19.734000 19.792000 -1.305827 
19.734000 19.892000 -1.304614 
19.734000 19.992000 -1.302868 
19.734000 20.092000 -1.300697 
19.734000 20.192000 -1.298237 
19.734000 20.292000 -1.295646 
19.734000 20.392000 -1.293092 
19.734000 20.492000 -1.290742 
19.734000 20.592000 -1.288755 
19.734000 20.692000 -1.287264 
19.734000 20.792000 -1.286370 
19.734000 20.892000 -1.286137 
19.734000 20.992000 -1.286578 
19.734000 21.092000 -1.287664 
19.734000 21.192000 -1.289320 
19.734000 21.292000 -1.291432 
19.734000 21.392000 -1.293858 
19.734000 21.492000 -1.296435 
19.734000 21.592000 -1.298994 
19.734000 21.692000 -1.301369 
19.734000 21.792000 -1.303410 
19.734000 21.892000 -1.304988 
19.734000 21.992000 -1.306004 
19.734000 22.092000 -1.306397 
19.734000 22.192000 -1.306141 
19.734000 22.292000 -1.305251 
19.734000 22.392000 -1.303782 
19.734000 22.492000 -1.301824 
19.734000 22.592000 -1.299497 
19.734000 22.692000 -1.296949 
19.734000 22.792000 -1.294342 
19.734000 22.892000 -1.291847 
19.734000 22.992000 -1.289628 
19.734000 23.092000 -1.287832 
19.734000 23.192000 -1.286583 
19.734000 23.292000 -1.285965 
19.834000 17.192000 -1.306861 
19.834000 17.292000 -1.306539 
19.834000 17.392000 -1.305579 
19.834000 17.492000 -1.304041 
19.834000 17.592000 -1.302020 
19.834000 17.692000 -1.299643 
19.834000 17.792000 -1.297061 
19.834000 17.892000 -1.294441 
19.834000 17.992000 -1.291954 
19.834000 18.092000 -1.289767 
19.834000 18.192000 -1.288026 
19.834000 18.292000 -1.286851 
19.834000 18.392000 -1.286322 
19.834000 18.492000 -1.286476 
19.834000 18.592000 -1.287303 
19.834000 18.692000 -1.288746 
19.834000 18.792000 -1.290707 
19.834000 18.892000 -1.293052 
19.834000 18.992000 -1.295625 
19.834000 19.092000 -1.298256 
19.834000 19.192000 -1.300774 
19.834000 19.292000 -1.303018 
19.834000 19.392000 -1.304847 
19.834000 19.492000 -1.306147 
19.834000 19.592000 -1.306838 
19.834000 19.692000 -1.306878 
19.834000 19.792000 -1.306264 
19.834000 19.892000 -1.305034 
19.834000 19.992000 -1.303263 
19.834000 20.092000 -1.301062 
19.834000 20.192000 -1.298569 
19.834000 20.292000 -1.295943 
19.834000 20.392000 -1.293354 
19.834000 20.492000 -1.290973 
19.834000 20.592000 -1.288959 
19.834000 20.692000 -1.287448 
19.834000 20.792000 -1.286543 
19.834000 20.892000 -1.286306 
19.834000 20.992000 -1.286754 
19.834000 21.092000 -1.287854 
19.834000 21.192000 -1.289532 
19.834000 21.292000 -1.291672 
19.834000 21.392000 -1.294131 
19.834000 21.492000 -1.296743 
19.834000 21.592000 -1.299337 
19.834000 21.692000 -1.301745 
19.834000 21.792000 -1.303814 
19.834000 21.892000 -1.305414 
19.834000 21.992000 -1.306445 
19.834000 22.092000 -1.306843 
19.834000 22.192000 -1.306583 
19.834000 22.292000 -1.305682 
19.834000 22.392000 -1.304192 
19.834000 22.492000 -1.302207 
19.834000 22.592000 -1.299848 
19.834000 22.692000 -1.297265 
19.834000 22.792000 -1.294624 
19.834000 22.892000 -1.292095 
19.834000 22.992000 -1.289846 
19.834000 23.092000 -1.288027 
19.834000 23.192000 -1.286762 
19.834000 23.292000 -1.286135 
19.934000 17.192000 -1.306650 
19.934000 17.292000 -1.306330 
19.934000 17.392000 -1.305376 
19.934000 17.492000 -1.303848 
19.934000 17.592000 -1.301840 
19.934000 17.692000 -1.299479 
19.934000 17.792000 -1.296913 
19.934000 17.892000 -1.294310 
19.934000 17.992000 -1.291839 
19.934000 18.092000 -1.289665 
19.934000 18.192000 -1.287935 
19.934000 18.292000 -1.286767 
19.934000 18.392000 -1.286241 
19.934000 18.492000 -1.286395 
19.934000 18.592000 -1.287217 
19.934000 18.692000 -1.288651 
19.934000 18.792000 -1.290599 
19.934000 18.892000 -1.292929 
19.934000 18.992000 -1.295486 
19.934000 19.092000 -1.298101 
19.934000 19.192000 -1.300603 
19.934000 19.292000 -1.302833 
19.934000 19.392000 -1.304650 
19.934000 19.492000 -1.305941 
19.934000 19.592000 -1.306628 
19.934000 19.692000 -1.306667 
19.934000 19.792000 -1.306058 
19.934000 19.892000 -1.304835 
19.934000 19.992000 -1.303076 
19.934000 20.092000 -1.300889 
19.934000 20.192000 -1.298412 
19.934000 20.292000 -1.295802 
19.934000 20.392000 -1.293230 
19.934000 20.492000 -1.290864 
19.934000 20.592000 -1.288862 
19.934000 20.692000 -1.287360 
19.934000 20.792000 -1.286461 
19.934000 20.892000 -1.286226 
19.934000 20.992000 -1.286670 
19.934000 21.092000 -1.287764 
19.934000 21.192000 -1.289432 
19.934000 21.292000 -1.291559 
19.934000 21.392000 -1.294001 
19.934000 21.492000 -1.296597 
19.934000 21.592000 -1.299175 
19.934000 21.692000 -1.301567 
19.934000 21.792000 -1.303623 
19.934000 21.892000 -1.305213 
19.934000 21.992000 -1.306237 
19.934000 22.092000 -1.306632 
19.934000 22.192000 -1.306374 
19.934000 22.292000 -1.305478 
19.934000 22.392000 -1.303999 
19.934000 22.492000 -1.302026 
19.934000 22.592000 -1.299682 
19.934000 22.692000 -1.297116 
19.934000 22.792000 -1.294490 
19.934000 22.892000 -1.291977 
19.934000 22.992000 -1.289742 
19.934000 23.092000 -1.287935 
19.934000 23.192000 -1.286677 
19.934000 23.292000 -1.286054 
20.034000 17.192000 -1.305795 
20.034000 17.292000 -1.305484 
20.034000 17.392000 -1.304556 
20.034000 17.492000 -1.303069 
20.034000 17.592000 -1.301115 
20.034000 17.692000 -1.298816 
20.034000 17.792000 -1.296319 
20.034000 17.892000 -1.293783 
20.034000 17.992000 -1.291376 
20.034000 18.092000 -1.289258 
20.034000 18.192000 -1.287573 
20.034000 18.292000 -1.286434 
20.034000 18.392000 -1.285922 
20.034000 18.492000 -1.286072 
20.034000 18.592000 -1.286873 
20.034000 18.692000 -1.288271 
20.034000 18.792000 -1.290169 
20.034000 18.892000 -1.292440 
20.034000 18.992000 -1.294930 
20.034000 19.092000 -1.297476 
20.034000 19.192000 -1.299912 
20.034000 19.292000 -1.302083 
20.034000 19.392000 -1.303851 
20.034000 19.492000 -1.305108 
20.034000 19.592000 -1.305776 
20.034000 19.692000 -1.305814 
20.034000 19.792000 -1.305221 
20.034000 19.892000 -1.304032 
20.034000 19.992000 -1.302320 
20.034000 20.092000 -1.300191 
20.034000 20.192000 -1.297779 
20.034000 20.292000 -1.295238 
20.034000 20.392000 -1.292732 
20.034000 20.492000 -1.290427 
20.034000 20.592000 -1.288477 
20.034000 20.692000 -1.287013 
20.034000 20.792000 -1.286137 
20.034000 20.892000 -1.285907 
20.034000 20.992000 -1.286341 
20.034000 21.092000 -1.287406 
20.034000 21.192000 -1.289031 
20.034000 21.292000 -1.291104 
20.034000 21.392000 -1.293483 
20.034000 21.492000 -1.296011 
20.034000 21.592000 -1.298520 
20.034000 21.692000 -1.300850 
20.034000 21.792000 -1.302850 
20.034000 21.892000 -1.304397 
20.034000 21.992000 -1.305393 
20.034000 22.092000 -1.305777 
20.034000 22.192000 -1.305526 
20.034000 22.292000 -1.304654 
20.034000 22.392000 -1.303214 
20.034000 22.492000 -1.301294 
20.034000 22.592000 -1.299012 
20.034000 22.692000 -1.296513 
20.034000 22.792000 -1.293956 
20.034000 22.892000 -1.291508 
20.034000 22.992000 -1.289330 
20.034000 23.092000 -1.287568 
20.034000 23.192000 -1.286342 
20.034000 23.292000 -1.285734 
20.134000 17.192000 -1.304348 
20.134000 17.292000 -1.304052 
20.134000 17.392000 -1.303170 
20.134000 17.492000 -1.301755 
20.134000 17.592000 -1.299896 
20.134000 17.692000 -1.297707 
20.134000 17.792000 -1.295328 
20.134000 17.892000 -1.292912 
20.134000 17.992000 -1.290618 
20.134000 18.092000 -1.288598 
20.134000 18.192000 -1.286990 
20.134000 18.292000 -1.285904 
20.134000 18.392000 -1.285416 
20.134000 18.492000 -1.285559 
20.134000 18.592000 -1.286323 
20.134000 18.692000 -1.287657 
20.134000 18.792000 -1.289468 
20.134000 18.892000 -1.291633 
20.134000 18.992000 -1.294007 
20.134000 19.092000 -1.296433 
20.134000 19.192000 -1.298753 
20.134000 19.292000 -1.300819 
20.134000 19.392000 -1.302502 
20.134000 19.492000 -1.303698 
20.134000 19.592000 -1.304333 
20.134000 19.692000 -1.304370 
20.134000 19.792000 -1.303805 
20.134000 19.892000 -1.302674 
20.134000 19.992000 -1.301045 
20.134000 20.092000 -1.299019 
20.134000 20.192000 -1.296722 
20.134000 20.292000 -1.294301 
20.134000 20.392000 -1.291912 
20.134000 20.492000 -1.289714 
20.134000 20.592000 -1.287854 
20.134000 20.692000 -1.286457 
20.134000 20.792000 -1.285621 
20.134000 20.892000 -1.285401 
20.134000 20.992000 -1.285815 
20.134000 21.092000 -1.286832 
20.134000 21.192000 -1.288382 
20.134000 21.292000 -1.290358 
20.134000 21.392000 -1.292626 
20.134000 21.492000 -1.295035 
20.134000 21.592000 -1.297425 
20.134000 21.692000 -1.299643 
20.134000 21.792000 -1.301547 
20.134000 21.892000 -1.303018 
20.134000 21.992000 -1.303965 
20.134000 22.092000 -1.304330 
20.134000 22.192000 -1.304091 
20.134000 22.292000 -1.303261 
20.134000 22.392000 -1.301890 
20.134000 22.492000 -1.300062 
20.134000 22.592000 -1.297889 
20.134000 22.692000 -1.295508 
20.134000 22.792000 -1.293071 
20.134000 22.892000 -1.290737 
20.134000 22.992000 -1.288659 
20.134000 23.092000 -1.286978 
20.134000 23.192000 -1.285807 
20.134000 23.292000 -1.285227 
20.234000 17.192000 -1.302395 
20.234000 17.292000 -1.302122 
20.234000 17.392000 -1.301304 
20.234000 17.492000 -1.299993 
20.234000 17.592000 -1.298268 
20.234000 17.692000 -1.296236 
20.234000 17.792000 -1.294027 
20.234000 17.892000 -1.291781 
20.234000 17.992000 -1.289647 
20.234000 18.092000 -1.287768 
20.234000 18.192000 -1.286271 
20.234000 18.292000 -1.285259 
20.234000 18.392000 -1.284804 
20.234000 18.492000 -1.284938 
20.234000 18.592000 -1.285650 
20.234000 18.692000 -1.286893 
20.234000 18.792000 -1.288579 
20.234000 18.892000 -1.290594 
20.234000 18.992000 -1.292802 
20.234000 19.092000 -1.295056 
20.234000 19.192000 -1.297211 
20.234000 19.292000 -1.299129 
20.234000 19.392000 -1.300690 
20.234000 19.492000 -1.301799 
20.234000 19.592000 -1.302388 
20.234000 19.692000 -1.302422 
20.234000 19.792000 -1.301899 
20.234000 19.892000 -1.300850 
20.234000 19.992000 -1.299338 
20.234000 20.092000 -1.297458 
20.234000 20.192000 -1.295325 
20.234000 20.292000 -1.293075 
20.234000 20.392000 -1.290854 
20.234000 20.492000 -1.288808 
20.234000 20.592000 -1.287076 
20.234000 20.692000 -1.285775 
20.234000 20.792000 -1.284995 
20.234000 20.892000 -1.284791 
20.234000 20.992000 -1.285176 
20.234000 21.092000 -1.286123 
20.234000 21.192000 -1.287566 
20.234000 21.292000 -1.289405 
20.234000 21.392000 -1.291515 
20.234000 21.492000 -1.293754 
20.234000 21.592000 -1.295974 
20.234000 21.692000 -1.298033 
20.234000 21.792000 -1.299799 
20.234000 21.892000 -1.301163 
20.234000 21.992000 -1.302040 
20.234000 22.092000 -1.302378 
20.234000 22.192000 -1.302156 
20.234000 22.292000 -1.301386 
20.234000 22.392000 -1.300114 
20.234000 22.492000 -1.298417 
20.234000 22.592000 -1.296399 
20.234000 22.692000 -1.294186 
20.234000 22.792000 -1.291920 
20.234000 22.892000 -1.289748 
20.234000 22.992000 -1.287813 
20.234000 23.092000 -1.286247 
20.234000 23.192000 -1.285155 
20.234000 23.292000 -1.284613 
20.334000 17.192000 -1.300055 
20.334000 17.292000 -1.299810 
20.334000 17.392000 -1.299076 
20.334000 17.492000 -1.297897 
20.334000 17.592000 -1.296346 
20.334000 17.692000 -1.294517 
20.334000 17.792000 -1.292526 
20.334000 17.892000 -1.290500 
20.334000 17.992000 -1.288573 
20.334000 18.092000 -1.286874 
20.334000 18.192000 -1.285521 
20.334000 18.292000 -1.284606 
20.334000 18.392000 -1.284194 
20.334000 18.492000 -1.284315 
20.334000 18.592000 -1.284960 
20.334000 18.692000 -1.286085 
20.334000 18.792000 -1.287610 
20.334000 18.892000 -1.289431 
20.334000 18.992000 -1.291424 
20.334000 19.092000 -1.293458 
20.334000 19.192000 -1.295399 
20.334000 19.292000 -1.297126 
20.334000 19.392000 -1.298530 
20.334000 19.492000 -1.299527 
20.334000 19.592000 -1.300056 
20.334000 19.692000 -1.300087 
20.334000 19.792000 -1.299617 
20.334000 19.892000 -1.298674 
20.334000 19.992000 -1.297315 
20.334000 20.092000 -1.295622 
20.334000 20.192000 -1.293700 
20.334000 20.292000 -1.291671 
20.334000 20.392000 -1.289666 
20.334000 20.492000 -1.287818 
20.334000 20.592000 -1.286251 
20.334000 20.692000 -1.285074 
20.334000 20.792000 -1.284368 
20.334000 20.892000 -1.284182 
20.334000 20.992000 -1.284530 
20.334000 21.092000 -1.285387 
20.334000 21.192000 -1.286692 
20.334000 21.292000 -1.288355 
20.334000 21.392000 -1.290260 
20.334000 21.492000 -1.292279 
20.334000 21.592000 -1.294281 
20.334000 21.692000 -1.296134 
20.334000 21.792000 -1.297722 
20.334000 21.892000 -1.298948 
20.334000 21.992000 -1.299735 
20.334000 22.092000 -1.300038 
20.334000 22.192000 -1.299837 
20.334000 22.292000 -1.299144 
20.334000 22.392000 -1.298000 
20.334000 22.492000 -1.296472 
20.334000 22.592000 -1.294654 
20.334000 22.692000 -1.292659 
20.334000 22.792000 -1.290613 
20.334000 22.892000 -1.288650 
20.334000 22.992000 -1.286900 
20.334000 23.092000 -1.285482 
20.334000 23.192000 -1.284493 
20.334000 23.292000 -1.284001 
20.434000 17.192000 -1.297464 
20.434000 17.292000 -1.297253 
20.434000 17.392000 -1.296621 
20.434000 17.492000 -1.295603 
20.434000 17.592000 -1.294262 
20.434000 17.692000 -1.292679 
20.434000 17.792000 -1.290953 
20.434000 17.892000 -1.289194 
20.434000 17.992000 -1.287519 
20.434000 18.092000 -1.286040 
20.434000 18.192000 -1.284860 
20.434000 18.292000 -1.284062 
20.434000 18.392000 -1.283703 
20.434000 18.492000 -1.283809 
20.434000 18.592000 -1.284373 
20.434000 18.692000 -1.285354 
20.434000 18.792000 -1.286684 
20.434000 18.892000 -1.288269 
20.434000 18.992000 -1.290002 
20.434000 19.092000 -1.291767 
20.434000 19.192000 -1.293450 
20.434000 19.292000 -1.294945 
20.434000 19.392000 -1.296159 
20.434000 19.492000 -1.297020 
20.434000 19.592000 -1.297476 
20.434000 19.692000 -1.297503 
20.434000 19.792000 -1.297097 
20.434000 19.892000 -1.296283 
20.434000 19.992000 -1.295108 
20.434000 20.092000 -1.293643 
20.434000 20.192000 -1.291978 
20.434000 20.292000 -1.290217 
20.434000 20.392000 -1.288474 
20.434000 20.492000 -1.286865 
20.434000 20.592000 -1.285499 
20.434000 20.692000 -1.284472 
20.434000 20.792000 -1.283855 
20.434000 20.892000 -1.283693 
20.434000 20.992000 -1.283997 
20.434000 21.092000 -1.284744 
20.434000 21.192000 -1.285881 
20.434000 21.292000 -1.287328 
20.434000 21.392000 -1.288985 
20.434000 21.492000 -1.290739 
20.434000 21.592000 -1.292474 
20.434000 21.692000 -1.294078 
20.434000 21.792000 -1.295451 
20.434000 21.892000 -1.296509 
20.434000 21.992000 -1.297188 
20.434000 22.092000 -1.297448 
20.434000 22.192000 -1.297274 
20.434000 22.292000 -1.296674 
20.434000 22.392000 -1.295684 
20.434000 22.492000 -1.294361 
20.434000 22.592000 -1.292786 
20.434000 22.692000 -1.291054 
20.434000 22.792000 -1.289276 
20.434000 22.892000 -1.287567 
20.434000 22.992000 -1.286041 
20.434000 23.092000 -1.284803 
20.434000 23.192000 -1.283938 
20.434000 23.292000 -1.283507 
20.534000 17.192000 -1.294773 
20.534000 17.292000 -1.294602 
20.534000 17.392000 -1.294087 
20.534000 17.492000 -1.293256 
20.534000 17.592000 -1.292159 
20.534000 17.692000 -1.290861 
20.534000 17.792000 -1.289442 
20.534000 17.892000 -1.287993 
20.534000 17.992000 -1.286609 
20.534000 18.092000 -1.285385 
20.534000 18.192000 -1.284408 
20.534000 18.292000 -1.283746 
20.534000 18.392000 -1.283448 
20.534000 18.492000 -1.283537 
20.534000 18.592000 -1.284006 
20.534000 18.692000 -1.284820 
20.534000 18.792000 -1.285923 
20.534000 18.892000 -1.287234 
20.534000 18.992000 -1.288665 
20.534000 19.092000 -1.290119 
20.534000 19.192000 -1.291503 
20.534000 19.292000 -1.292728 
20.534000 19.392000 -1.293721 
20.534000 19.492000 -1.294425 
20.534000 19.592000 -1.294798 
20.534000 19.692000 -1.294819 
20.534000 19.792000 -1.294488 
20.534000 19.892000 -1.293823 
20.534000 19.992000 -1.292862 
20.534000 20.092000 -1.291661 
20.534000 20.192000 -1.290293 
20.534000 20.292000 -1.288843 
20.534000 20.392000 -1.287404 
20.534000 20.492000 -1.286073 
20.534000 20.592000 -1.284941 
20.534000 20.692000 -1.284089 
20.534000 20.792000 -1.283576 
20.534000 20.892000 -1.283440 
20.534000 20.992000 -1.283692 
20.534000 21.092000 -1.284312 
20.534000 21.192000 -1.285254 
20.534000 21.292000 -1.286452 
20.534000 21.392000 -1.287820 
20.534000 21.492000 -1.289266 
20.534000 21.592000 -1.290692 
20.534000 21.692000 -1.292007 
20.534000 21.792000 -1.293130 
20.534000 21.892000 -1.293994 
20.534000 21.992000 -1.294547 
20.534000 22.092000 -1.294757 
20.534000 22.192000 -1.294613 
20.534000 22.292000 -1.294122 
20.534000 22.392000 -1.293311 
20.534000 22.492000 -1.292226 
20.534000 22.592000 -1.290932 
20.534000 22.692000 -1.289506 
20.534000 22.792000 -1.288038 
20.534000 22.892000 -1.286624 
20.534000 22.992000 -1.285359 
20.534000 23.092000 -1.284330 
20.534000 23.192000 -1.283610 
20.534000 23.292000 -1.283250 
20.634000 17.192000 -1.292131 
20.634000 17.292000 -1.292005 
20.634000 17.392000 -1.291621 
20.634000 17.492000 -1.290999 
20.634000 17.592000 -1.290175 
20.634000 17.692000 -1.289195 
20.634000 17.792000 -1.288120 
20.634000 17.892000 -1.287018 
20.634000 17.992000 -1.285961 
20.634000 18.092000 -1.285023 
20.634000 18.192000 -1.284272 
20.634000 18.292000 -1.283762 
20.634000 18.392000 -1.283533 
20.634000 18.492000 -1.283603 
20.634000 18.592000 -1.283965 
20.634000 18.692000 -1.284593 
20.634000 18.792000 -1.285441 
20.634000 18.892000 -1.286446 
20.634000 18.992000 -1.287539 
20.634000 19.092000 -1.288645 
20.634000 19.192000 -1.289692 
20.634000 19.292000 -1.290617 
20.634000 19.392000 -1.291364 
20.634000 19.492000 -1.291891 
20.634000 19.592000 -1.292170 
20.634000 19.692000 -1.292186 
20.634000 19.792000 -1.291939 
20.634000 19.892000 -1.291440 
20.634000 19.992000 -1.290718 
20.634000 20.092000 -1.289813 
20.634000 20.192000 -1.288777 
20.634000 20.292000 -1.287675 
20.634000 20.392000 -1.286577 
20.634000 20.492000 -1.285557 
20.634000 20.592000 -1.284687 
20.634000 20.692000 -1.284030 
20.634000 20.792000 -1.283633 
20.634000 20.892000 -1.283528 
20.634000 20.992000 -1.283721 
20.634000 21.092000 -1.284198 
20.634000 21.192000 -1.284923 
20.634000 21.292000 -1.285841 
20.634000 21.392000 -1.286886 
20.634000 21.492000 -1.287986 
20.634000 21.592000 -1.289067 
20.634000 21.692000 -1.290059 
20.634000 21.792000 -1.290903 
20.634000 21.892000 -1.291549 
20.634000 21.992000 -1.291961 
20.634000 22.092000 -1.292117 
20.634000 22.192000 -1.292007 
20.634000 22.292000 -1.291636 
20.634000 22.392000 -1.291026 
20.634000 22.492000 -1.290207 
20.634000 22.592000 -1.289226 
20.634000 22.692000 -1.288142 
20.634000 22.792000 -1.287022 
20.634000 22.892000 -1.285939 
20.634000 22.992000 -1.284966 
20.634000 23.092000 -1.284171 
20.634000 23.192000 -1.283613 
20.634000 23.292000 -1.283331 
20.734000 17.192000 -1.289680 
20.734000 17.292000 -1.289603 
20.734000 17.392000 -1.289360 
20.734000 17.492000 -1.288964 
20.734000 17.592000 -1.288435 
20.734000 17.692000 -1.287801 
20.734000 17.792000 -1.287099 
20.734000 17.892000 -1.286372 
20.734000 17.992000 -1.285670 
20.734000 18.092000 -1.285042 
20.734000 18.192000 -1.284536 
20.734000 18.292000 -1.284192 
20.734000 18.392000 -1.284038 
20.734000 18.492000 -1.284086 
20.734000 18.592000 -1.284333 
20.734000 18.692000 -1.284759 
20.734000 18.792000 -1.285330 
20.734000 18.892000 -1.286003 
20.734000 18.992000 -1.286729 
20.734000 19.092000 -1.287457 
20.734000 19.192000 -1.288141 
20.734000 19.292000 -1.288740 
20.734000 19.392000 -1.289220 
20.734000 19.492000 -1.289557 
20.734000 19.592000 -1.289735 
20.734000 19.692000 -1.289745 
20.734000 19.792000 -1.289587 
20.734000 19.892000 -1.289269 
20.734000 19.992000 -1.288806 
20.734000 20.092000 -1.288220 
20.734000 20.192000 -1.287545 
20.734000 20.292000 -1.286820 
20.734000 20.392000 -1.286091 
20.734000 20.492000 -1.285409 
20.734000 20.592000 -1.284823 
20.734000 20.692000 -1.284377 
20.734000 20.792000 -1.284108 
20.734000 20.892000 -1.284035 
20.734000 20.992000 -1.284165 
20.734000 21.092000 -1.284487 
20.734000 21.192000 -1.284975 
20.734000 21.292000 -1.285589 
20.734000 21.392000 -1.286284 
20.734000 21.492000 -1.287010 
20.734000 21.592000 -1.287716 
20.734000 21.692000 -1.288359 
20.734000 21.792000 -1.288901 
20.734000 21.892000 -1.289312 
20.734000 21.992000 -1.289571 
20.734000 22.092000 -1.289667 
20.734000 22.192000 -1.289593 
20.734000 22.292000 -1.289354 
20.734000 22.392000 -1.288960 
20.734000 22.492000 -1.288429 
20.734000 22.592000 -1.287789 
20.734000 22.692000 -1.287076 
20.734000 22.792000 -1.286332 
20.734000 22.892000 -1.285607 
20.734000 22.992000 -1.284950 
20.734000 23.092000 -1.284410 
20.734000 23.192000 -1.284028 
20.734000 23.292000 -1.283832 
20.834000 17.192000 -1.287540 
20.834000 17.292000 -1.287513 
20.834000 17.392000 -1.287420 
20.834000 17.492000 -1.287262 
20.834000 17.592000 -1.287043 
20.834000 17.692000 -1.286772 
20.834000 17.792000 -1.286462 
20.834000 17.892000 -1.286131 
20.834000 17.992000 -1.285801 
20.834000 18.092000 -1.285500 
20.834000 18.192000 -1.285253 
20.834000 18.292000 -1.285084 
20.834000 18.392000 -1.285008 
20.834000 18.492000 -1.285034 
20.834000 18.592000 -1.285159 
20.834000 18.692000 -1.285371 
20.834000 18.792000 -1.285652 
20.834000 18.892000 -1.285975 
20.834000 18.992000 -1.286315 
20.834000 19.092000 -1.286646 
20.834000 19.192000 -1.286948 
20.834000 19.292000 -1.287203 
20.834000 19.392000 -1.287403 
20.834000 19.492000 -1.287540 
20.834000 19.592000 -1.287611 
20.834000 19.692000 -1.287615 
20.834000 19.792000 -1.287552 
20.834000 19.892000 -1.287424 
20.834000 19.992000 -1.287232 
20.834000 20.092000 -1.286983 
20.834000 20.192000 -1.286686 
20.834000 20.292000 -1.286358 
20.834000 20.392000 -1.286018 
20.834000 20.492000 -1.285691 
20.834000 20.592000 -1.285405 
20.834000 20.692000 -1.285183 
20.834000 20.792000 -1.285046 
20.834000 20.892000 -1.285008 
20.834000 20.992000 -1.285071 
20.834000 21.092000 -1.285230 
20.834000 21.192000 -1.285468 
20.834000 21.292000 -1.285763 
20.834000 21.392000 -1.286089 
20.834000 21.492000 -1.286421 
20.834000 21.592000 -1.286733 
20.834000 21.692000 -1.287008 
20.834000 21.792000 -1.287232 
20.834000 21.892000 -1.287396 
20.834000 21.992000 -1.287495 
20.834000 22.092000 -1.287528 
20.834000 22.192000 -1.287493 
20.834000 22.292000 -1.287391 
20.834000 22.392000 -1.287225 
20.834000 22.492000 -1.286997 
20.834000 22.592000 -1.286715 
20.834000 22.692000 -1.286391 
20.834000 22.792000 -1.286044 
20.834000 22.892000 -1.285696 
20.834000 22.992000 -1.285373 
20.834000 23.092000 -1.285101 
20.834000 23.192000 -1.284904 
20.834000 23.292000 -1.284798 
20.934000 17.192000 -1.285803 
20.934000 17.292000 -1.285828 
20.934000 17.392000 -1.285887 
20.934000 17.492000 -1.285971 
20.934000 17.592000 -1.286070 
20.934000 17.692000 -1.286170 
20.934000 17.792000 -1.286261 
20.934000 17.892000 -1.286334 
20.934000 17.992000 -1.286387 
20.934000 18.092000 -1.286420 
20.934000 18.192000 -1.286439 
20.934000 18.292000 -1.286448 
20.934000 18.392000 -1.286453 
20.934000 18.492000 -1.286455 
20.934000 18.592000 -1.286456 
20.934000 18.692000 -1.286450 
20.934000 18.792000 -1.286432 
20.934000 18.892000 -1.286397 
20.934000 18.992000 -1.286342 
20.934000 19.092000 -1.286267 
20.934000 19.192000 -1.286177 
20.934000 19.292000 -1.286083 
20.934000 19.392000 -1.285995 
20.934000 19.492000 -1.285928 
20.934000 19.592000 -1.285890 
20.934000 19.692000 -1.285888 
20.934000 19.792000 -1.285922 
20.934000 19.892000 -1.285987 
20.934000 19.992000 -1.286073 
20.934000 20.092000 -1.286168 
20.934000 20.192000 -1.286259 
20.934000 20.292000 -1.286336 
20.934000 20.392000 -1.286394 
20.934000 20.492000 -1.286431 
20.934000 20.592000 -1.286451 
20.934000 20.692000 -1.286458 
20.934000 20.792000 -1.286458 
20.934000 20.892000 -1.286455 
20.934000 20.992000 -1.286450 
20.934000 21.092000 -1.286442 
20.934000 21.192000 -1.286424 
20.934000 21.292000 -1.286392 
20.934000 21.392000 -1.286341 
20.934000 21.492000 -1.286269 
20.934000 21.592000 -1.286179 
20.934000 21.692000 -1.286077 
20.934000 21.792000 -1.285976 
20.934000 21.892000 -1.285887 
20.934000 21.992000 -1.285823 
20.934000 22.092000 -1.285791 
20.934000 22.192000 -1.285796 
20.934000 22.292000 -1.285835 
20.934000 22.392000 -1.285901 
20.934000 22.492000 -1.285982 
20.934000 22.592000 -1.286066 
20.934000 22.692000 -1.286142 
20.934000 22.792000 -1.286200 
20.934000 22.892000 -1.286238 
20.934000 22.992000 -1.286257 
20.934000 23.092000 -1.286259 
20.934000 23.192000 -1.286251 
20.934000 23.292000 -1.286239 
21.034000 17.192000 -1.284525 
21.034000 17.292000 -1.284601 
21.034000 17.392000 -1.284811 
21.034000 17.492000 -1.285137 
21.034000 17.592000 -1.285551 
21.034000 17.692000 -1.286020 
21.034000 17.792000 -1.286510 
21.034000 17.892000 -1.286986 
21.034000 17.992000 -1.287419 
21.034000 18.092000 -1.287785 
21.034000 18.192000 -1.288068 
21.034000 18.292000 -1.288255 
21.034000 18.392000 -1.288340 
21.034000 18.492000 -1.288320 
21.034000 18.592000 -1.288196 
21.034000 18.692000 -1.287972 
21.034000 18.792000 -1.287658 
21.034000 18.892000 -1.287266 
21.034000 18.992000 -1.286817 
21.034000 19.092000 -1.286338 
21.034000 19.192000 -1.285860 
21.034000 19.292000 -1.285417 
21.034000 19.392000 -1.285045 
21.034000 19.492000 -1.284774 
21.034000 19.592000 -1.284628 
21.034000 19.692000 -1.284620 
21.034000 19.792000 -1.284750 
21.034000 19.892000 -1.285007 
21.034000 19.992000 -1.285369 
21.034000 20.092000 -1.285806 
21.034000 20.192000 -1.286282 
21.034000 20.292000 -1.286763 
21.034000 20.392000 -1.287217 
21.034000 20.492000 -1.287617 
21.034000 20.592000 -1.287942 
21.034000 20.692000 -1.288177 
21.034000 20.792000 -1.288313 
21.034000 20.892000 -1.288345 
21.034000 20.992000 -1.288272 
21.034000 21.092000 -1.288097 
21.034000 21.192000 -1.287824 
21.034000 21.292000 -1.287467 
21.034000 21.392000 -1.287040 
21.034000 21.492000 -1.286566 
21.034000 21.592000 -1.286075 
21.034000 21.692000 -1.285600 
21.034000 21.792000 -1.285176 
21.034000 21.892000 -1.284836 
21.034000 21.992000 -1.284609 
21.034000 22.092000 -1.284514 
21.034000 22.192000 -1.284558 
21.034000 22.292000 -1.284737 
21.034000 22.392000 -1.285034 
21.034000 22.492000 -1.285422 
21.034000 22.592000 -1.285870 
21.034000 22.692000 -1.286342 
21.034000 22.792000 -1.286804 
21.034000 22.892000 -1.287227 
21.034000 22.992000 -1.287585 
21.034000 23.092000 -1.287861 
21.034000 23.192000 -1.288042 
21.034000 23.292000 -1.288122 
21.134000 17.192000 -1.283723 
21.134000 17.292000 -1.283849 
21.134000 17.392000 -1.284205 
21.134000 17.492000 -1.284763 
21.134000 17.592000 -1.285482 
21.134000 17.692000 -1.286308 
21.134000 17.792000 -1.287183 
21.134000 17.892000 -1.288049 
21.134000 17.992000 -1.288850 
21.134000 18.092000 -1.289539 
21.134000 18.192000 -1.290077 
21.134000 18.292000 -1.290437 
21.134000 18.392000 -1.290599 
21.134000 18.492000 -1.290557 
21.134000 18.592000 -1.290313 
21.134000 18.692000 -1.289879 
21.134000 18.792000 -1.289276 
21.134000 18.892000 -1.288539 
21.134000 18.992000 -1.287710 
21.134000 19.092000 -1.286840 
21.134000 19.192000 -1.285986 
21.134000 19.292000 -1.285206 
21.134000 19.392000 -1.284559 
21.134000 19.492000 -1.284092 
21.134000 19.592000 -1.283841 
21.134000 19.692000 -1.283827 
21.134000 19.792000 -1.284050 
21.134000 19.892000 -1.284493 
21.134000 19.992000 -1.285122 
21.134000 20.092000 -1.285889 
21.134000 20.192000 -1.286737 
21.134000 20.292000 -1.287609 
21.134000 20.392000 -1.288446 
21.134000 20.492000 -1.289197 
21.134000 20.592000 -1.289817 
21.134000 20.692000 -1.290273 
21.134000 20.792000 -1.290541 
21.134000 20.892000 -1.290607 
21.134000 20.992000 -1.290469 
21.134000 21.092000 -1.290132 
21.134000 21.192000 -1.289613 
21.134000 21.292000 -1.288939 
21.134000 21.392000 -1.288149 
21.134000 21.492000 -1.287287 
21.134000 21.592000 -1.286409 
21.134000 21.692000 -1.285572 
21.134000 21.792000 -1.284836 
21.134000 21.892000 -1.284254 
21.134000 21.992000 -1.283869 
21.134000 22.092000 -1.283712 
21.134000 22.192000 -1.283794 
21.134000 22.292000 -1.284108 
21.134000 22.392000 -1.284628 
21.134000 22.492000 -1.285314 
21.134000 22.592000 -1.286114 
21.134000 22.692000 -1.286969 
21.134000 22.792000 -1.287822 
21.134000 22.892000 -1.288616 
21.134000 22.992000 -1.289303 
21.134000 23.092000 -1.289844 
21.134000 23.192000 -1.290208 
21.134000 23.292000 -1.290378 
21.234000 17.192000 -1.283373 
21.234000 17.292000 -1.283546 
21.234000 17.392000 -1.284039 
21.234000 17.492000 -1.284817 
21.234000 17.592000 -1.285822 
21.234000 17.692000 -1.286983 
21.234000 17.792000 -1.288221 
21.234000 17.892000 -1.289452 
21.234000 17.992000 -1.290600 
21.234000 18.092000 -1.291592 
21.234000 18.192000 -1.292371 
21.234000 18.292000 -1.292893 
21.234000 18.392000 -1.293129 
21.234000 18.492000 -1.293066 
21.234000 18.592000 -1.292708 
21.234000 18.692000 -1.292075 
21.234000 18.792000 -1.291203 
21.234000 18.892000 -1.290141 
21.234000 18.992000 -1.288954 
21.234000 19.092000 -1.287716 
21.234000 19.192000 -1.286508 
21.234000 19.292000 -1.285413 
21.234000 19.392000 -1.284507 
21.234000 19.492000 -1.283855 
21.234000 19.592000 -1.283506 
21.234000 19.692000 -1.283487 
21.234000 19.792000 -1.283797 
21.234000 19.892000 -1.284415 
21.234000 19.992000 -1.285294 
21.234000 20.092000 -1.286371 
21.234000 20.192000 -1.287570 
21.234000 20.292000 -1.288808 
21.234000 20.392000 -1.290006 
21.234000 20.492000 -1.291087 
21.234000 20.592000 -1.291985 
21.234000 20.692000 -1.292649 
21.234000 20.792000 -1.293041 
21.234000 20.892000 -1.293139 
21.234000 20.992000 -1.292939 
21.234000 21.092000 -1.292449 
21.234000 21.192000 -1.291699 
21.234000 21.292000 -1.290728 
21.234000 21.392000 -1.289595 
21.234000 21.492000 -1.288368 
21.234000 21.592000 -1.287126 
21.234000 21.692000 -1.285950 
21.234000 21.792000 -1.284920 
21.234000 21.892000 -1.284110 
21.234000 21.992000 -1.283579 
21.234000 22.092000 -1.283364 
21.234000 22.192000 -1.283481 
21.234000 22.292000 -1.283922 
21.234000 22.392000 -1.284651 
21.234000 22.492000 -1.285616 
21.234000 22.592000 -1.286746 
21.234000 22.692000 -1.287962 
21.234000 22.792000 -1.289182 
21.234000 22.892000 -1.290326 
21.234000 22.992000 -1.291323 
21.234000 23.092000 -1.292113 
21.234000 23.192000 -1.292650 
21.234000 23.292000 -1.292903 
21.334000 17.192000 -1.283418 
21.334000 17.292000 -1.283633 
21.334000 17.392000 -1.284251 
21.334000 17.492000 -1.285228 
21.334000 17.592000 -1.286493 
21.334000 17.692000 -1.287960 
21.334000 17.792000 -1.289529 
21.334000 17.892000 -1.291094 
21.334000 17.992000 -1.292558 
21.334000 18.092000 -1.293827 
21.334000 18.192000 -1.294826 
21.334000 18.292000 -1.295496 
21.334000 18.392000 -1.295799 
21.334000 18.492000 -1.295717 
21.334000 18.592000 -1.295256 
21.334000 18.692000 -1.294442 
21.334000 18.792000 -1.293322 
21.334000 18.892000 -1.291963 
21.334000 18.992000 -1.290450 
21.334000 19.092000 -1.288877 
21.334000 19.192000 -1.287347 
21.334000 19.292000 -1.285963 
21.334000 19.392000 -1.284821 
21.334000 19.492000 -1.284002 
21.334000 19.592000 -1.283564 
21.334000 19.692000 -1.283539 
21.334000 19.792000 -1.283929 
21.334000 19.892000 -1.284706 
21.334000 19.992000 -1.285813 
21.334000 20.092000 -1.287173 
21.334000 20.192000 -1.288691 
21.334000 20.292000 -1.290264 
21.334000 20.392000 -1.291791 
21.334000 20.492000 -1.293172 
21.334000 20.592000 -1.294325 
21.334000 20.692000 -1.295179 
21.334000 20.792000 -1.295684 
21.334000 20.892000 -1.295812 
21.334000 20.992000 -1.295554 
21.334000 21.092000 -1.294926 
21.334000 21.192000 -1.293963 
21.334000 21.292000 -1.292722 
21.334000 21.392000 -1.291277 
21.334000 21.492000 -1.289717 
21.334000 21.592000 -1.288142 
21.334000 21.692000 -1.286656 
21.334000 21.792000 -1.285360 
21.334000 21.892000 -1.284342 
21.334000 21.992000 -1.283676 
21.334000 22.092000 -1.283409 
21.334000 22.192000 -1.283559 
21.334000 22.292000 -1.284115 
21.334000 22.392000 -1.285035 
21.334000 22.492000 -1.286254 
21.334000 22.592000 -1.287685 
21.334000 22.692000 -1.289230 
21.334000 22.792000 -1.290785 
21.334000 22.892000 -1.292248 
21.334000 22.992000 -1.293528 
21.334000 23.092000 -1.294545 
21.334000 23.192000 -1.295239 
21.334000 23.292000 -1.295570 
21.434000 17.192000 -1.283766 
21.434000 17.292000 -1.284019 
21.434000 17.392000 -1.284747 
21.434000 17.492000 -1.285899 
21.434000 17.592000 -1.287395 
21.434000 17.692000 -1.289131 
21.434000 17.792000 -1.290991 
21.434000 17.892000 -1.292852 
21.434000 17.992000 -1.294594 
21.434000 18.092000 -1.296108 
21.434000 18.192000 -1.297301 
21.434000 18.292000 -1.298102 
21.434000 18.392000 -1.298464 
21.434000 18.492000 -1.298365 
21.434000 18.592000 -1.297813 
21.434000 18.692000 -1.296838 
21.434000 18.792000 -1.295500 
21.434000 18.892000 -1.293880 
21.434000 18.992000 -1.292078 
21.434000 19.092000 -1.290209 
21.434000 19.192000 -1.288395 
21.434000 19.292000 -1.286758 
21.434000 19.392000 -1.285408 
21.434000 19.492000 -1.284441 
21.434000 19.592000 -1.283925 
21.434000 19.692000 -1.283895 
21.434000 19.792000 -1.284355 
21.434000 19.892000 -1.285272 
21.434000 19.992000 -1.286580 
21.434000 20.092000 -1.288189 
21.434000 20.192000 -1.289988 
21.434000 20.292000 -1.291857 
21.434000 20.392000 -1.293674 
21.434000 20.492000 -1.295322 
21.434000 20.592000 -1.296698 
21.434000 20.692000 -1.297720 
21.434000 20.792000 -1.298325 
21.434000 20.892000 -1.298479 
21.434000 20.992000 -1.298171 
21.434000 21.092000 -1.297421 
21.434000 21.192000 -1.296270 
21.434000 21.292000 -1.294790 
21.434000 21.392000 -1.293069 
21.434000 21.492000 -1.291215 
21.434000 21.592000 -1.289347 
21.434000 21.692000 -1.287588 
21.434000 21.792000 -1.286056 
21.434000 21.892000 -1.284857 
21.434000 21.992000 -1.284072 
21.434000 22.092000 -1.283758 
21.434000 22.192000 -1.283937 
21.434000 22.292000 -1.284594 
21.434000 22.392000 -1.285683 
21.434000 22.492000 -1.287126 
21.434000 22.592000 -1.288823 
21.434000 22.692000 -1.290657 
21.434000 22.792000 -1.292508 
21.434000 22.892000 -1.294253 
21.434000 22.992000 -1.295782 
21.434000 23.092000 -1.297000 
21.434000 23.192000 -1.297834 
21.434000 23.292000 -1.298232 
21.534000 17.192000 -1.284309 
21.534000 17.292000 -1.284594 
21.534000 17.392000 -1.285415 
21.534000 17.492000 -1.286716 
21.534000 17.592000 -1.288407 
21.534000 17.692000 -1.290371 
21.534000 17.792000 -1.292479 
21.534000 17.892000 -1.294590 
21.534000 17.992000 -1.296568 
21.534000 18.092000 -1.298290 
21.534000 18.192000 -1.299648 
21.534000 18.292000 -1.300561 
21.534000 18.392000 -1.300973 
21.534000 18.492000 -1.300860 
21.534000 18.592000 -1.300230 
21.534000 18.692000 -1.299119 
21.534000 18.792000 -1.297596 
21.534000 18.892000 -1.295753 
21.534000 18.992000 -1.293707 
21.534000 19.092000 -1.291587 
21.534000 19.192000 -1.289532 
21.534000 19.292000 -1.287679 
21.534000 19.392000 -1.286153 
21.534000 19.492000 -1.285061 
21.534000 19.592000 -1.284478 
21.534000 19.692000 -1.284444 
21.534000 19.792000 -1.284963 
21.534000 19.892000 -1.285999 
21.534000 19.992000 -1.287477 
21.534000 20.092000 -1.289298 
21.534000 20.192000 -1.291336 
21.534000 20.292000 -1.293456 
21.534000 20.392000 -1.295518 
21.534000 20.492000 -1.297392 
21.534000 20.592000 -1.298959 
21.534000 20.692000 -1.300123 
21.534000 20.792000 -1.300814 
21.534000 20.892000 -1.300990 
21.534000 20.992000 -1.300640 
21.534000 21.092000 -1.299784 
21.534000 21.192000 -1.298475 
21.534000 21.292000 -1.296791 
21.534000 21.392000 -1.294836 
21.534000 21.492000 -1.292733 
21.534000 21.592000 -1.290617 
21.534000 21.692000 -1.288626 
21.534000 21.792000 -1.286894 
21.534000 21.892000 -1.285540 
21.534000 21.992000 -1.284655 
21.534000 22.092000 -1.284302 
21.534000 22.192000 -1.284504 
21.534000 22.292000 -1.285248 
21.534000 22.392000 -1.286479 
21.534000 22.492000 -1.288112 
21.534000 22.592000 -1.290034 
21.534000 22.692000 -1.292115 
21.534000 22.792000 -1.294216 
21.534000 22.892000 -1.296200 
21.534000 22.992000 -1.297941 
21.534000 23.092000 -1.299331 
21.534000 23.192000 -1.300282 
21.534000 23.292000 -1.300739 
21.634000 17.192000 -1.284928 
21.634000 17.292000 -1.285238 
21.634000 17.392000 -1.286134 
21.634000 17.492000 -1.287555 
21.634000 17.592000 -1.289403 
21.634000 17.692000 -1.291552 
21.634000 17.792000 -1.293860 
21.634000 17.892000 -1.296173 
21.634000 17.992000 -1.298343 
21.634000 18.092000 -1.300232 
21.634000 18.192000 -1.301724 
21.634000 18.292000 -1.302727 
21.634000 18.392000 -1.303179 
21.634000 18.492000 -1.303055 
21.634000 18.592000 -1.302362 
21.634000 18.692000 -1.301141 
21.634000 18.792000 -1.299468 
21.634000 18.892000 -1.297445 
21.634000 18.992000 -1.295201 
21.634000 19.092000 -1.292878 
21.634000 19.192000 -1.290629 
21.634000 19.292000 -1.288602 
21.634000 19.392000 -1.286935 
21.634000 19.492000 -1.285741 
21.634000 19.592000 -1.285104 
21.634000 19.692000 -1.285068 
21.634000 19.792000 -1.285635 
21.634000 19.892000 -1.286766 
21.634000 19.992000 -1.288382 
21.634000 20.092000 -1.290373 
21.634000 20.192000 -1.292604 
21.634000 20.292000 -1.294926 
21.634000 20.392000 -1.297188 
21.634000 20.492000 -1.299244 
21.634000 20.592000 -1.300965 
21.634000 20.692000 -1.302244 
21.634000 20.792000 -1.303004 
21.634000 20.892000 -1.303197 
21.634000 20.992000 -1.302813 
21.634000 21.092000 -1.301873 
21.634000 21.192000 -1.300436 
21.634000 21.292000 -1.298587 
21.634000 21.392000 -1.296443 
21.634000 21.492000 -1.294138 
21.634000 21.592000 -1.291821 
21.634000 21.692000 -1.289643 
21.634000 21.792000 -1.287751 
21.634000 21.892000 -1.286271 
21.634000 21.992000 -1.285305 
21.634000 22.092000 -1.284921 
21.634000 22.192000 -1.285143 
21.634000 22.292000 -1.285956 
21.634000 22.392000 -1.287302 
21.634000 22.492000 -1.289088 
21.634000 22.592000 -1.291192 
21.634000 22.692000 -1.293472 
21.634000 22.792000 -1.295775 
21.634000 22.892000 -1.297953 
21.634000 22.992000 -1.299865 
21.634000 23.092000 -1.301392 
21.634000 23.192000 -1.302440 
21.634000 23.292000 -1.302943 
21.734000 17.192000 -1.285507 
21.734000 17.292000 -1.285836 
21.734000 17.392000 -1.286789 
21.734000 17.492000 -1.288300 
21.734000 17.592000 -1.290266 
21.734000 17.692000 -1.292554 
21.734000 17.792000 -1.295011 
21.734000 17.892000 -1.297476 
21.734000 17.992000 -1.299790 
21.734000 18.092000 -1.301806 
21.734000 18.192000 -1.303398 
21.734000 18.292000 -1.304468 
21.734000 18.392000 -1.304952 
21.734000 18.492000 -1.304819 
21.734000 18.592000 -1.304078 
21.734000 18.692000 -1.302775 
21.734000 18.792000 -1.300989 
21.734000 18.892000 -1.298831 
21.734000 18.992000 -1.296438 
21.734000 19.092000 -1.293963 
21.734000 19.192000 -1.291567 
21.734000 19.292000 -1.289410 
21.734000 19.392000 -1.287636 
21.734000 19.492000 -1.286366 
21.734000 19.592000 -1.285689 
21.734000 19.692000 -1.285650 
21.734000 19.792000 -1.286253 
21.734000 19.892000 -1.287456 
21.734000 19.992000 -1.289176 
21.734000 20.092000 -1.291295 
21.734000 20.192000 -1.293670 
21.734000 20.292000 -1.296145 
21.734000 20.392000 -1.298556 
21.734000 20.492000 -1.300750 
21.734000 20.592000 -1.302587 
21.734000 20.692000 -1.303953 
21.734000 20.792000 -1.304764 
21.734000 20.892000 -1.304971 
21.734000 20.992000 -1.304560 
21.734000 21.092000 -1.303557 
21.734000 21.192000 -1.302023 
21.734000 21.292000 -1.300051 
21.734000 21.392000 -1.297764 
21.734000 21.492000 -1.295308 
21.734000 21.592000 -1.292840 
21.734000 21.692000 -1.290522 
21.734000 21.792000 -1.288508 
21.734000 21.892000 -1.286935 
21.734000 21.992000 -1.285908 
21.734000 22.092000 -1.285500 
21.734000 22.192000 -1.285737 
21.734000 22.292000 -1.286602 
21.734000 22.392000 -1.288034 
21.734000 22.492000 -1.289936 
21.734000 22.592000 -1.292176 
21.734000 22.692000 -1.294605 
21.734000 22.792000 -1.297061 
21.734000 22.892000 -1.299384 
21.734000 22.992000 -1.301425 
21.734000 23.092000 -1.303056 
21.734000 23.192000 -1.304176 
21.734000 23.292000 -1.304714 
21.834000 17.192000 -1.285947 
21.834000 17.292000 -1.286289 
21.834000 17.392000 -1.287280 
21.834000 17.492000 -1.288851 
21.834000 17.592000 -1.290895 
21.834000 17.692000 -1.293274 
21.834000 17.792000 -1.295831 
21.834000 17.892000 -1.298397 
21.834000 17.992000 -1.300806 
21.834000 18.092000 -1.302906 
21.834000 18.192000 -1.304565 
21.834000 18.292000 -1.305680 
21.834000 18.392000 -1.306184 
21.834000 18.492000 -1.306045 
21.834000 18.592000 -1.305273 
21.834000 18.692000 -1.303914 
21.834000 18.792000 -1.302054 
21.834000 18.892000 -1.299807 
21.834000 18.992000 -1.297315 
21.834000 19.092000 -1.294739 
21.834000 19.192000 -1.292246 
21.834000 19.292000 -1.290002 
21.834000 19.392000 -1.288158 
21.834000 19.492000 -1.286838 
21.834000 19.592000 -1.286133 
21.834000 19.692000 -1.286093 
21.834000 19.792000 -1.286720 
21.834000 19.892000 -1.287970 
21.834000 19.992000 -1.289758 
21.834000 20.092000 -1.291962 
21.834000 20.192000 -1.294434 
21.834000 20.292000 -1.297009 
21.834000 20.392000 -1.299520 
21.834000 20.492000 -1.301805 
21.834000 20.592000 -1.303718 
21.834000 20.692000 -1.305142 
21.834000 20.792000 -1.305988 
21.834000 20.892000 -1.306203 
21.834000 20.992000 -1.305776 
21.834000 21.092000 -1.304731 
21.834000 21.192000 -1.303132 
21.834000 21.292000 -1.301078 
21.834000 21.392000 -1.298697 
21.834000 21.492000 -1.296140 
21.834000 21.592000 -1.293572 
21.834000 21.692000 -1.291161 
21.834000 21.792000 -1.289067 
21.834000 21.892000 -1.287432 
21.834000 21.992000 -1.286365 
21.834000 22.092000 -1.285941 
21.834000 22.192000 -1.286187 
21.834000 22.292000 -1.287087 
21.834000 22.392000 -1.288577 
21.834000 22.492000 -1.290555 
21.834000 22.592000 -1.292886 
21.834000 22.692000 -1.295413 
21.834000 22.792000 -1.297970 
21.834000 22.892000 -1.300389 
21.834000 22.992000 -1.302516 
21.834000 23.092000 -1.304216 
21.834000 23.192000 -1.305383 
21.834000 23.292000 -1.305945 
21.934000 17.192000 -1.286178 
21.934000 17.292000 -1.286526 
21.934000 17.392000 -1.287535 
21.934000 17.492000 -1.289135 
21.934000 17.592000 -1.291217 
21.934000 17.692000 -1.293641 
21.934000 17.792000 -1.296247 
21.934000 17.892000 -1.298862 
21.934000 17.992000 -1.301318 
21.934000 18.092000 -1.303458 
21.934000 18.192000 -1.305149 
21.934000 18.292000 -1.306287 
21.934000 18.392000 -1.306800 
21.934000 18.492000 -1.306658 
21.934000 18.592000 -1.305871 
21.934000 18.692000 -1.304486 
21.934000 18.792000 -1.302589 
21.934000 18.892000 -1.300298 
21.934000 18.992000 -1.297758 
21.934000 19.092000 -1.295133 
21.934000 19.192000 -1.292593 
21.934000 19.292000 -1.290307 
21.934000 19.392000 -1.288428 
21.934000 19.492000 -1.287083 
21.934000 19.592000 -1.286366 
21.934000 19.692000 -1.286325 
21.934000 19.792000 -1.286963 
21.934000 19.892000 -1.288237 
21.934000 19.992000 -1.290058 
21.934000 20.092000 -1.292304 
21.934000 20.192000 -1.294822 
21.934000 20.292000 -1.297447 
21.934000 20.392000 -1.300006 
21.934000 20.492000 -1.302335 
21.934000 20.592000 -1.304286 
21.934000 20.692000 -1.305738 
21.934000 20.792000 -1.306600 
21.934000 20.892000 -1.306820 
21.934000 20.992000 -1.306384 
21.934000 21.092000 -1.305319 
21.934000 21.192000 -1.303688 
21.934000 21.292000 -1.301594 
21.934000 21.392000 -1.299168 
21.934000 21.492000 -1.296562 
21.934000 21.592000 -1.293945 
21.934000 21.692000 -1.291489 
21.934000 21.792000 -1.289356 
21.934000 21.892000 -1.287689 
21.934000 21.992000 -1.286603 
21.934000 22.092000 -1.286171 
21.934000 22.192000 -1.286422 
21.934000 22.292000 -1.287339 
21.934000 22.392000 -1.288857 
21.934000 22.492000 -1.290872 
21.934000 22.592000 -1.293247 
21.934000 22.692000 -1.295823 
21.934000 22.792000 -1.298429 
21.934000 22.892000 -1.300895 
21.934000 22.992000 -1.303064 
21.934000 23.092000 -1.304797 
21.934000 23.192000 -1.305988 
21.934000 23.292000 -1.306560 
22.034000 17.192000 -1.286161 
22.034000 17.292000 -1.286509 
22.034000 17.392000 -1.287517 
22.034000 17.492000 -1.289115 
22.034000 17.592000 -1.291196 
22.034000 17.692000 -1.293618 
22.034000 17.792000 -1.296221 
22.034000 17.892000 -1.298833 
22.034000 17.992000 -1.301286 
22.034000 18.092000 -1.303425 
22.034000 18.192000 -1.305114 
22.034000 18.292000 -1.306250 
22.034000 18.392000 -1.306763 
22.034000 18.492000 -1.306622 
22.034000 18.592000 -1.305835 
22.034000 18.692000 -1.304451 
22.034000 18.792000 -1.302556 
22.034000 18.892000 -1.300268 
22.034000 18.992000 -1.297731 
22.034000 19.092000 -1.295108 
22.034000 19.192000 -1.292570 
22.034000 19.292000 -1.290286 
22.034000 19.392000 -1.288409 
22.034000 19.492000 -1.287066 
22.034000 19.592000 -1.286349 
22.034000 19.692000 -1.286308 
22.034000 19.792000 -1.286946 
22.034000 19.892000 -1.288218 
22.034000 19.992000 -1.290038 
22.034000 20.092000 -1.292281 
22.034000 20.192000 -1.294797 
22.034000 20.292000 -1.297419 
22.034000 20.392000 -1.299976 
22.034000 20.492000 -1.302302 
22.034000 20.592000 -1.304252 
22.034000 20.692000 -1.305702 
22.034000 20.792000 -1.306564 
22.034000 20.892000 -1.306783 
22.034000 20.992000 -1.306348 
22.034000 21.092000 -1.305283 
22.034000 21.192000 -1.303655 
22.034000 21.292000 -1.301563 
22.034000 21.392000 -1.299138 
22.034000 21.492000 -1.296535 
22.034000 21.592000 -1.293921 
22.034000 21.692000 -1.291467 
22.034000 21.792000 -1.289336 
22.034000 21.892000 -1.287672 
22.034000 21.992000 -1.286586 
22.034000 22.092000 -1.286155 
22.034000 22.192000 -1.286406 
22.034000 22.292000 -1.287321 
22.034000 22.392000 -1.288838 
22.034000 22.492000 -1.290851 
22.034000 22.592000 -1.293224 
22.034000 22.692000 -1.295797 
22.034000 22.792000 -1.298400 
22.034000 22.892000 -1.300864 
22.034000 22.992000 -1.303030 
22.034000 23.092000 -1.304762 
22.034000 23.192000 -1.305951 
22.034000 23.292000 -1.306524 
22.134000 17.192000 -1.285900 
22.134000 17.292000 -1.286241 
22.134000 17.392000 -1.287229 
22.134000 17.492000 -1.288795 
22.134000 17.592000 -1.290833 
22.134000 17.692000 -1.293206 
22.134000 17.792000 -1.295755 
22.134000 17.892000 -1.298313 
22.134000 17.992000 -1.300715 
22.134000 18.092000 -1.302808 
22.134000 18.192000 -1.304462 
22.134000 18.292000 -1.305573 
22.134000 18.392000 -1.306075 
22.134000 18.492000 -1.305937 
22.134000 18.592000 -1.305167 
22.134000 18.692000 -1.303813 
22.134000 18.792000 -1.301958 
22.134000 18.892000 -1.299718 
22.134000 18.992000 -1.297234 
22.134000 19.092000 -1.294666 
22.134000 19.192000 -1.292181 
22.134000 19.292000 -1.289943 
22.134000 19.392000 -1.288104 
22.134000 19.492000 -1.286788 
22.134000 19.592000 -1.286086 
22.134000 19.692000 -1.286046 
22.134000 19.792000 -1.286671 
22.134000 19.892000 -1.287917 
22.134000 19.992000 -1.289700 
22.134000 20.092000 -1.291898 
22.134000 20.192000 -1.294362 
22.134000 20.292000 -1.296929 
22.134000 20.392000 -1.299432 
22.134000 20.492000 -1.301710 
22.134000 20.592000 -1.303618 
22.134000 20.692000 -1.305037 
22.134000 20.792000 -1.305880 
22.134000 20.892000 -1.306095 
22.134000 20.992000 -1.305669 
22.134000 21.092000 -1.304627 
22.134000 21.192000 -1.303033 
22.134000 21.292000 -1.300985 
22.134000 21.392000 -1.298612 
22.134000 21.492000 -1.296063 
22.134000 21.592000 -1.293502 
22.134000 21.692000 -1.291099 
22.134000 21.792000 -1.289011 
22.134000 21.892000 -1.287380 
22.134000 21.992000 -1.286316 
22.134000 22.092000 -1.285893 
22.134000 22.192000 -1.286139 
22.134000 22.292000 -1.287036 
22.134000 22.392000 -1.288521 
22.134000 22.492000 -1.290493 
22.134000 22.592000 -1.292818 
22.134000 22.692000 -1.295337 
22.134000 22.792000 -1.297886 
22.134000 22.892000 -1.300298 
22.134000 22.992000 -1.302419 
22.134000 23.092000 -1.304113 
22.134000 23.192000 -1.305277 
22.134000 23.292000 -1.305836 
22.234000 17.192000 -1.285434 
22.234000 17.292000 -1.285762 
22.234000 17.392000 -1.286710 
22.234000 17.492000 -1.288214 
22.234000 17.592000 -1.290169 
22.234000 17.692000 -1.292446 
22.234000 17.792000 -1.294890 
22.234000 17.892000 -1.297342 
22.234000 17.992000 -1.299644 
22.234000 18.092000 -1.301649 
22.234000 18.192000 -1.303233 
22.234000 18.292000 -1.304297 
22.234000 18.392000 -1.304778 
22.234000 18.492000 -1.304646 
22.234000 18.592000 -1.303909 
22.234000 18.692000 -1.302613 
22.234000 18.792000 -1.300836 
22.234000 18.892000 -1.298690 
22.234000 18.992000 -1.296310 
22.234000 19.092000 -1.293848 
22.234000 19.192000 -1.291464 
22.234000 19.292000 -1.289318 
22.234000 19.392000 -1.287553 
22.234000 19.492000 -1.286290 
22.234000 19.592000 -1.285616 
22.234000 19.692000 -1.285577 
22.234000 19.792000 -1.286177 
22.234000 19.892000 -1.287374 
22.234000 19.992000 -1.289085 
22.234000 20.092000 -1.291193 
22.234000 20.192000 -1.293556 
22.234000 20.292000 -1.296018 
22.234000 20.392000 -1.298417 
22.234000 20.492000 -1.300598 
22.234000 20.592000 -1.302426 
22.234000 20.692000 -1.303784 
22.234000 20.792000 -1.304591 
22.234000 20.892000 -1.304797 
22.234000 20.992000 -1.304389 
22.234000 21.092000 -1.303391 
22.234000 21.192000 -1.301865 
22.234000 21.292000 -1.299903 
22.234000 21.392000 -1.297629 
22.234000 21.492000 -1.295185 
22.234000 21.592000 -1.292730 
22.234000 21.692000 -1.290424 
22.234000 21.792000 -1.288421 
22.234000 21.892000 -1.286855 
22.234000 21.992000 -1.285834 
22.234000 22.092000 -1.285427 
22.234000 22.192000 -1.285663 
22.234000 22.292000 -1.286523 
22.234000 22.392000 -1.287949 
22.234000 22.492000 -1.289841 
22.234000 22.592000 -1.292070 
22.234000 22.692000 -1.294485 
22.234000 22.792000 -1.296928 
22.234000 22.892000 -1.299239 
22.234000 22.992000 -1.301269 
22.234000 23.092000 -1.302892 
22.234000 23.192000 -1.304005 
22.234000 23.292000 -1.304540 
22.334000 17.192000 -1.284839 
22.334000 17.292000 -1.285147 
22.334000 17.392000 -1.286037 
22.334000 17.492000 -1.287447 
22.334000 17.592000 -1.289281 
22.334000 17.692000 -1.291414 
22.334000 17.792000 -1.293703 
22.334000 17.892000 -1.295998 
22.334000 17.992000 -1.298151 
22.334000 18.092000 -1.300026 
22.334000 18.192000 -1.301506 
22.334000 18.292000 -1.302500 
22.334000 18.392000 -1.302949 
22.334000 18.492000 -1.302826 
22.334000 18.592000 -1.302138 
22.334000 18.692000 -1.300927 
22.334000 18.792000 -1.299267 
22.334000 18.892000 -1.297261 
22.334000 18.992000 -1.295034 
22.334000 19.092000 -1.292730 
22.334000 19.192000 -1.290497 
22.334000 19.292000 -1.288486 
22.334000 19.392000 -1.286831 
22.334000 19.492000 -1.285647 
22.334000 19.592000 -1.285014 
22.334000 19.692000 -1.284978 
22.334000 19.792000 -1.285541 
22.334000 19.892000 -1.286663 
22.334000 19.992000 -1.288267 
22.334000 20.092000 -1.290243 
22.334000 20.192000 -1.292457 
22.334000 20.292000 -1.294761 
22.334000 20.392000 -1.297005 
22.334000 20.492000 -1.299045 
22.334000 20.592000 -1.300753 
22.334000 20.692000 -1.302022 
22.334000 20.792000 -1.302775 
22.334000 20.892000 -1.302967 
22.334000 20.992000 -1.302586 
22.334000 21.092000 -1.301654 
22.334000 21.192000 -1.300227 
22.334000 21.292000 -1.298393 
22.334000 21.392000 -1.296266 
22.334000 21.492000 -1.293979 
22.334000 21.592000 -1.291680 
22.334000 21.692000 -1.289519 
22.334000 21.792000 -1.287641 
22.334000 21.892000 -1.286172 
22.334000 21.992000 -1.285214 
22.334000 22.092000 -1.284832 
22.334000 22.192000 -1.285052 
22.334000 22.292000 -1.285859 
22.334000 22.392000 -1.287195 
22.334000 22.492000 -1.288968 
22.334000 22.592000 -1.291055 
22.334000 22.692000 -1.293317 
22.334000 22.792000 -1.295603 
22.334000 22.892000 -1.297763 
22.334000 22.992000 -1.299660 
22.334000 23.092000 -1.301175 
22.334000 23.192000 -1.302214 
22.334000 23.292000 -1.302713 
22.434000 17.192000 -1.284215 
22.434000 17.292000 -1.284497 
22.434000 17.392000 -1.285310 
22.434000 17.492000 -1.286597 
22.434000 17.592000 -1.288269 
22.434000 17.692000 -1.290213 
22.434000 17.792000 -1.292298 
22.434000 17.892000 -1.294386 
22.434000 17.992000 -1.296343 
22.434000 18.092000 -1.298046 
22.434000 18.192000 -1.299389 
22.434000 18.292000 -1.300291 
22.434000 18.392000 -1.300699 
22.434000 18.492000 -1.300587 
22.434000 18.592000 -1.299964 
22.434000 18.692000 -1.298866 
22.434000 18.792000 -1.297359 
22.434000 18.892000 -1.295537 
22.434000 18.992000 -1.293513 
22.434000 19.092000 -1.291416 
22.434000 19.192000 -1.289383 
22.434000 19.292000 -1.287550 
22.434000 19.392000 -1.286040 
22.434000 19.492000 -1.284959 
22.434000 19.592000 -1.284382 
22.434000 19.692000 -1.284349 
22.434000 19.792000 -1.284863 
22.434000 19.892000 -1.285887 
22.434000 19.992000 -1.287351 
22.434000 20.092000 -1.289152 
22.434000 20.192000 -1.291168 
22.434000 20.292000 -1.293265 
22.434000 20.392000 -1.295305 
22.434000 20.492000 -1.297158 
22.434000 20.592000 -1.298708 
22.434000 20.692000 -1.299859 
22.434000 20.792000 -1.300541 
22.434000 20.892000 -1.300715 
22.434000 20.992000 -1.300369 
22.434000 21.092000 -1.299523 
22.434000 21.192000 -1.298229 
22.434000 21.292000 -1.296563 
22.434000 21.392000 -1.294630 
22.434000 21.492000 -1.292549 
22.434000 21.592000 -1.290456 
22.434000 21.692000 -1.288486 
22.434000 21.792000 -1.286773 
22.434000 21.892000 -1.285432 
22.434000 21.992000 -1.284557 
22.434000 22.092000 -1.284207 
22.434000 22.192000 -1.284408 
22.434000 22.292000 -1.285143 
22.434000 22.392000 -1.286362 
22.434000 22.492000 -1.287977 
22.434000 22.592000 -1.289879 
22.434000 22.692000 -1.291937 
22.434000 22.792000 -1.294015 
22.434000 22.892000 -1.295977 
22.434000 22.992000 -1.297699 
22.434000 23.092000 -1.299073 
22.434000 23.192000 -1.300014 
22.434000 23.292000 -1.300465 
22.534000 17.192000 -1.283679 
22.534000 17.292000 -1.283928 
22.534000 17.392000 -1.284646 
22.534000 17.492000 -1.285781 
22.534000 17.592000 -1.287255 
22.534000 17.692000 -1.288967 
22.534000 17.792000 -1.290799 
22.534000 17.892000 -1.292632 
22.534000 17.992000 -1.294348 
22.534000 18.092000 -1.295839 
22.534000 18.192000 -1.297014 
22.534000 18.292000 -1.297803 
22.534000 18.392000 -1.298159 
22.534000 18.492000 -1.298063 
22.534000 18.592000 -1.297518 
22.534000 18.692000 -1.296559 
22.534000 18.792000 -1.295241 
22.534000 18.892000 -1.293646 
22.534000 18.992000 -1.291871 
22.534000 19.092000 -1.290029 
22.534000 19.192000 -1.288242 
22.534000 19.292000 -1.286628 
22.534000 19.392000 -1.285298 
22.534000 19.492000 -1.284345 
22.534000 19.592000 -1.283835 
22.534000 19.692000 -1.283806 
22.534000 19.792000 -1.284260 
22.534000 19.892000 -1.285163 
22.534000 19.992000 -1.286453 
22.534000 20.092000 -1.288038 
22.534000 20.192000 -1.289812 
22.534000 20.292000 -1.291653 
22.534000 20.392000 -1.293442 
22.534000 20.492000 -1.295065 
22.534000 20.592000 -1.296421 
22.534000 20.692000 -1.297427 
22.534000 20.792000 -1.298023 
22.534000 20.892000 -1.298174 
22.534000 20.992000 -1.297871 
22.534000 21.092000 -1.297132 
22.534000 21.192000 -1.295999 
22.534000 21.292000 -1.294541 
22.534000 21.392000 -1.292846 
22.534000 21.492000 -1.291020 
22.534000 21.592000 -1.289179 
22.534000 21.692000 -1.287446 
22.534000 21.792000 -1.285936 
22.534000 21.892000 -1.284753 
22.534000 21.992000 -1.283980 
22.534000 22.092000 -1.283670 
22.534000 22.192000 -1.283846 
22.534000 22.292000 -1.284494 
22.534000 22.392000 -1.285567 
22.534000 22.492000 -1.286989 
22.534000 22.592000 -1.288661 
22.534000 22.692000 -1.290469 
22.534000 22.792000 -1.292291 
22.534000 22.892000 -1.294010 
22.534000 22.992000 -1.295516 
22.534000 23.092000 -1.296715 
22.534000 23.192000 -1.297536 
22.534000 23.292000 -1.297928 
22.634000 17.192000 -1.283348 
22.634000 17.292000 -1.283559 
22.634000 17.392000 -1.284165 
22.634000 17.492000 -1.285123 
22.634000 17.592000 -1.286364 
22.634000 17.692000 -1.287802 
22.634000 17.792000 -1.289339 
22.634000 17.892000 -1.290873 
22.634000 17.992000 -1.292306 
22.634000 18.092000 -1.293549 
22.634000 18.192000 -1.294527 
22.634000 18.292000 -1.295183 
22.634000 18.392000 -1.295479 
22.634000 18.492000 -1.295399 
22.634000 18.592000 -1.294948 
22.634000 18.692000 -1.294151 
22.634000 18.792000 -1.293055 
22.634000 18.892000 -1.291724 
22.634000 18.992000 -1.290242 
22.634000 19.092000 -1.288700 
22.634000 19.192000 -1.287201 
22.634000 19.292000 -1.285845 
22.634000 19.392000 -1.284726 
22.634000 19.492000 -1.283922 
22.634000 19.592000 -1.283493 
22.634000 19.692000 -1.283468 
22.634000 19.792000 -1.283851 
22.634000 19.892000 -1.284612 
22.634000 19.992000 -1.285698 
22.634000 20.092000 -1.287031 
22.634000 20.192000 -1.288518 
22.634000 20.292000 -1.290060 
22.634000 20.392000 -1.291555 
22.634000 20.492000 -1.292908 
22.634000 20.592000 -1.294037 
22.634000 20.692000 -1.294872 
22.634000 20.792000 -1.295367 
22.634000 20.892000 -1.295492 
22.634000 20.992000 -1.295240 
22.634000 21.092000 -1.294625 
22.634000 21.192000 -1.293682 
22.634000 21.292000 -1.292467 
22.634000 21.392000 -1.291051 
22.634000 21.492000 -1.289523 
22.634000 21.592000 -1.287980 
22.634000 21.692000 -1.286523 
22.634000 21.792000 -1.285252 
22.634000 21.892000 -1.284255 
22.634000 21.992000 -1.283601 
22.634000 22.092000 -1.283339 
22.634000 22.192000 -1.283486 
22.634000 22.292000 -1.284031 
22.634000 22.392000 -1.284933 
22.634000 22.492000 -1.286128 
22.634000 22.592000 -1.287531 
22.634000 22.692000 -1.289044 
22.634000 22.792000 -1.290567 
22.634000 22.892000 -1.292000 
22.634000 22.992000 -1.293253 
22.634000 23.092000 -1.294248 
22.634000 23.192000 -1.294928 
22.634000 23.292000 -1.295251 
22.734000 17.192000 -1.283332 
22.734000 17.292000 -1.283500 
22.734000 17.392000 -1.283980 
22.734000 17.492000 -1.284736 
22.734000 17.592000 -1.285713 
22.734000 17.692000 -1.286842 
22.734000 17.792000 -1.288045 
22.734000 17.892000 -1.289242 
22.734000 17.992000 -1.290355 
22.734000 18.092000 -1.291318 
22.734000 18.192000 -1.292074 
22.734000 18.292000 -1.292580 
22.734000 18.392000 -1.292809 
22.734000 18.492000 -1.292748 
22.734000 18.592000 -1.292402 
22.734000 18.692000 -1.291788 
22.734000 18.792000 -1.290941 
22.734000 18.892000 -1.289911 
22.734000 18.992000 -1.288758 
22.734000 19.092000 -1.287556 
22.734000 19.192000 -1.286382 
22.734000 19.292000 -1.285317 
22.734000 19.392000 -1.284436 
22.734000 19.492000 -1.283802 
22.734000 19.592000 -1.283463 
22.734000 19.692000 -1.283444 
22.734000 19.792000 -1.283746 
22.734000 19.892000 -1.284347 
22.734000 19.992000 -1.285202 
22.734000 20.092000 -1.286249 
22.734000 20.192000 -1.287414 
22.734000 20.292000 -1.288617 
22.734000 20.392000 -1.289780 
22.734000 20.492000 -1.290829 
22.734000 20.592000 -1.291700 
22.734000 20.692000 -1.292344 
22.734000 20.792000 -1.292724 
22.734000 20.892000 -1.292819 
22.734000 20.992000 -1.292625 
22.734000 21.092000 -1.292150 
22.734000 21.192000 -1.291422 
22.734000 21.292000 -1.290480 
22.734000 21.392000 -1.289380 
22.734000 21.492000 -1.288189 
22.734000 21.592000 -1.286981 
22.734000 21.692000 -1.285837 
22.734000 21.792000 -1.284836 
22.734000 21.892000 -1.284048 
22.734000 21.992000 -1.283531 
22.734000 22.092000 -1.283322 
22.734000 22.192000 -1.283436 
22.734000 22.292000 -1.283864 
22.734000 22.392000 -1.284574 
22.734000 22.492000 -1.285511 
22.734000 22.592000 -1.286610 
22.734000 22.692000 -1.287791 
22.734000 22.792000 -1.288975 
22.734000 22.892000 -1.290086 
22.734000 22.992000 -1.291053 
22.734000 23.092000 -1.291819 
22.734000 23.192000 -1.292339 
22.734000 23.292000 -1.292584 
22.834000 17.192000 -1.283716 
22.834000 17.292000 -1.283838 
22.834000 17.392000 -1.284179 
22.834000 17.492000 -1.284715 
22.834000 17.592000 -1.285404 
22.834000 17.692000 -1.286195 
22.834000 17.792000 -1.287033 
22.834000 17.892000 -1.287860 
22.834000 17.992000 -1.288625 
22.834000 18.092000 -1.289282 
22.834000 18.192000 -1.289796 
22.834000 18.292000 -1.290138 
22.834000 18.392000 -1.290293 
22.834000 18.492000 -1.290254 
22.834000 18.592000 -1.290021 
22.834000 18.692000 -1.289607 
22.834000 18.792000 -1.289033 
22.834000 18.892000 -1.288330 
22.834000 18.992000 -1.287538 
22.834000 19.092000 -1.286706 
22.834000 19.192000 -1.285888 
22.834000 19.292000 -1.285142 
22.834000 19.392000 -1.284521 
22.834000 19.492000 -1.284073 
22.834000 19.592000 -1.283833 
22.834000 19.692000 -1.283819 
22.834000 19.792000 -1.284033 
22.834000 19.892000 -1.284458 
22.834000 19.992000 -1.285061 
22.834000 20.092000 -1.285795 
22.834000 20.192000 -1.286608 
22.834000 20.292000 -1.287441 
22.834000 20.392000 -1.288241 
22.834000 20.492000 -1.288957 
22.834000 20.592000 -1.289549 
22.834000 20.692000 -1.289983 
22.834000 20.792000 -1.290238 
22.834000 20.892000 -1.290301 
22.834000 20.992000 -1.290169 
22.834000 21.092000 -1.289848 
22.834000 21.192000 -1.289353 
22.834000 21.292000 -1.288710 
22.834000 21.392000 -1.287955 
22.834000 21.492000 -1.287131 
22.834000 21.592000 -1.286291 
22.834000 21.692000 -1.285490 
22.834000 21.792000 -1.284784 
22.834000 21.892000 -1.284225 
22.834000 21.992000 -1.283857 
22.834000 22.092000 -1.283706 
22.834000 22.192000 -1.283784 
22.834000 22.292000 -1.284084 
22.834000 22.392000 -1.284583 
22.834000 22.492000 -1.285240 
22.834000 22.592000 -1.286005 
22.834000 22.692000 -1.286823 
22.834000 22.792000 -1.287638 
22.834000 22.892000 -1.288395 
22.834000 22.992000 -1.289050 
22.834000 23.092000 -1.289565 
22.834000 23.192000 -1.289912 
22.834000 23.292000 -1.290072 
22.934000 17.192000 -1.284558 
22.934000 17.292000 -1.284629 
22.934000 17.392000 -1.284824 
22.934000 17.492000 -1.285126 
22.934000 17.592000 -1.285509 
22.934000 17.692000 -1.285941 
22.934000 17.792000 -1.286391 
22.934000 17.892000 -1.286827 
22.934000 17.992000 -1.287223 
22.934000 18.092000 -1.287556 
22.934000 18.192000 -1.287812 
22.934000 18.292000 -1.287982 
22.934000 18.392000 -1.288059 
22.934000 18.492000 -1.288041 
22.934000 18.592000 -1.287930 
22.934000 18.692000 -1.287728 
22.934000 18.792000 -1.287442 
22.934000 18.892000 -1.287086 
22.934000 18.992000 -1.286676 
22.934000 19.092000 -1.286237 
22.934000 19.192000 -1.285797 
22.934000 19.292000 -1.285389 
22.934000 19.392000 -1.285045 
22.934000 19.492000 -1.284794 
22.934000 19.592000 -1.284659 
22.934000 19.692000 -1.284651 
22.934000 19.792000 -1.284772 
22.934000 19.892000 -1.285010 
22.934000 19.992000 -1.285345 
22.934000 20.092000 -1.285747 
22.934000 20.192000 -1.286186 
22.934000 20.292000 -1.286627 
22.934000 20.392000 -1.287042 
22.934000 20.492000 -1.287406 
22.934000 20.592000 -1.287700 
22.934000 20.692000 -1.287913 
22.934000 20.792000 -1.288035 
22.934000 20.892000 -1.288064 
22.934000 20.992000 -1.287998 
22.934000 21.092000 -1.287839 
22.934000 21.192000 -1.287592 
22.934000 21.292000 -1.287266 
22.934000 21.392000 -1.286876 
22.934000 21.492000 -1.286443 
22.934000 21.592000 -1.285992 
22.934000 21.692000 -1.285554 
22.934000 21.792000 -1.285161 
22.934000 21.892000 -1.284847 
22.934000 21.992000 -1.284636 
22.934000 22.092000 -1.284547 
22.934000 22.192000 -1.284587 
22.934000 22.292000 -1.284752 
22.934000 22.392000 -1.285026 
22.934000 22.492000 -1.285384 
22.934000 22.592000 -1.285796 
22.934000 22.692000 -1.286229 
22.934000 22.792000 -1.286651 
22.934000 22.892000 -1.287035 
22.934000 22.992000 -1.287360 
22.934000 23.092000 -1.287608 
22.934000 23.192000 -1.287771 
22.934000 23.292000 -1.287842 
23.034000 17.192000 -1.285876 
23.034000 17.292000 -1.285895 
23.034000 17.392000 -1.285939 
23.034000 17.492000 -1.285999 
23.034000 17.592000 -1.286066 
23.034000 17.692000 -1.286129 
23.034000 17.792000 -1.286179 
23.034000 17.892000 -1.286212 
23.034000 17.992000 -1.286226 
23.034000 18.092000 -1.286226 
23.034000 18.192000 -1.286218 
23.034000 18.292000 -1.286209 
23.034000 18.392000 -1.286206 
23.034000 18.492000 -1.286211 
23.034000 18.592000 -1.286224 
23.034000 18.692000 -1.286240 
23.034000 18.792000 -1.286252 
23.034000 18.892000 -1.286253 
23.034000 18.992000 -1.286237 
23.034000 19.092000 -1.286203 
23.034000 19.192000 -1.286152 
23.034000 19.292000 -1.286093 
23.034000 19.392000 -1.286034 
23.034000 19.492000 -1.285987 
23.034000 19.592000 -1.285960 
23.034000 19.692000 -1.285959 
23.034000 19.792000 -1.285983 
23.034000 19.892000 -1.286029 
23.034000 19.992000 -1.286087 
23.034000 20.092000 -1.286147 
23.034000 20.192000 -1.286199 
23.034000 20.292000 -1.286236 
23.034000 20.392000 -1.286254 
23.034000 20.492000 -1.286255 
23.034000 20.592000 -1.286244 
23.034000 20.692000 -1.286228 
23.034000 20.792000 -1.286214 
23.034000 20.892000 -1.286208 
23.034000 20.992000 -1.286210 
23.034000 21.092000 -1.286218 
23.034000 21.192000 -1.286226 
23.034000 21.292000 -1.286227 
23.034000 21.392000 -1.286213 
23.034000 21.492000 -1.286182 
23.034000 21.592000 -1.286132 
23.034000 21.692000 -1.286069 
23.034000 21.792000 -1.286000 
23.034000 21.892000 -1.285936 
23.034000 21.992000 -1.285888 
23.034000 22.092000 -1.285863 
23.034000 22.192000 -1.285864 
23.034000 22.292000 -1.285889 
23.034000 22.392000 -1.285932 
23.034000 22.492000 -1.285982 
23.034000 22.592000 -1.286029 
23.034000 22.692000 -1.286065 
23.034000 22.792000 -1.286083 
23.034000 22.892000 -1.286082 
23.034000 22.992000 -1.286066 
23.034000 23.092000 -1.286041 
23.034000 23.192000 -1.286014 
23.034000 23.292000 -1.285993 
23.134000 17.192000 -1.287648 
23.134000 17.292000 -1.287616 
23.134000 17.392000 -1.287507 
23.134000 17.492000 -1.287325 
23.134000 17.592000 -1.287075 
23.134000 17.692000 -1.286767 
23.134000 17.792000 -1.286417 
23.134000 17.892000 -1.286045 
23.134000 17.992000 -1.285678 
23.134000 18.092000 -1.285344 
23.134000 18.192000 -1.285071 
23.134000 18.292000 -1.284884 
23.134000 18.392000 -1.284800 
23.134000 18.492000 -1.284828 
23.134000 18.592000 -1.284965 
23.134000 18.692000 -1.285199 
23.134000 18.792000 -1.285509 
23.134000 18.892000 -1.285868 
23.134000 18.992000 -1.286247 
23.134000 19.092000 -1.286619 
23.134000 19.192000 -1.286959 
23.134000 19.292000 -1.287249 
23.134000 19.392000 -1.287477 
23.134000 19.492000 -1.287634 
23.134000 19.592000 -1.287716 
23.134000 19.692000 -1.287721 
23.134000 19.792000 -1.287649 
23.134000 19.892000 -1.287501 
23.134000 19.992000 -1.287282 
23.134000 20.092000 -1.286998 
23.134000 20.192000 -1.286663 
23.134000 20.292000 -1.286295 
23.134000 20.392000 -1.285915 
23.134000 20.492000 -1.285553 
23.134000 20.592000 -1.285236 
23.134000 20.692000 -1.284991 
23.134000 20.792000 -1.284841 
23.134000 20.892000 -1.284799 
23.134000 20.992000 -1.284869 
23.134000 21.092000 -1.285045 
23.134000 21.192000 -1.285308 
23.134000 21.292000 -1.285636 
23.134000 21.392000 -1.285999 
23.134000 21.492000 -1.286371 
23.134000 21.592000 -1.286723 
23.134000 21.692000 -1.287036 
23.134000 21.792000 -1.287291 
23.134000 21.892000 -1.287480 
23.134000 21.992000 -1.287596 
23.134000 22.092000 -1.287635 
23.134000 22.192000 -1.287596 
23.134000 22.292000 -1.287481 
23.134000 22.392000 -1.287291 
23.134000 22.492000 -1.287032 
23.134000 22.592000 -1.286714 
23.134000 22.692000 -1.286351 
23.134000 22.792000 -1.285964 
23.134000 22.892000 -1.285578 
23.134000 22.992000 -1.285221 
23.134000 23.092000 -1.284921 
23.134000 23.192000 -1.284705 
23.134000 23.292000 -1.284591 
23.234000 17.192000 -1.289816 
23.234000 17.292000 -1.289733 
23.234000 17.392000 -1.289476 
23.234000 17.492000 -1.289057 
23.234000 17.592000 -1.288497 
23.234000 17.692000 -1.287828 
23.234000 17.792000 -1.287087 
23.234000 17.892000 -1.286322 
23.234000 17.992000 -1.285583 
23.234000 18.092000 -1.284923 
23.234000 18.192000 -1.284392 
23.234000 18.292000 -1.284031 
23.234000 18.392000 -1.283869 
23.234000 18.492000 -1.283919 
23.234000 18.592000 -1.284178 
23.234000 18.692000 -1.284625 
23.234000 18.792000 -1.285224 
23.234000 18.892000 -1.285932 
23.234000 18.992000 -1.286695 
23.234000 19.092000 -1.287462 
23.234000 19.192000 -1.288184 
23.234000 19.292000 -1.288816 
23.234000 19.392000 -1.289323 
23.234000 19.492000 -1.289680 
23.234000 19.592000 -1.289868 
23.234000 19.692000 -1.289879 
23.234000 19.792000 -1.289712 
23.234000 19.892000 -1.289375 
23.234000 19.992000 -1.288885 
23.234000 20.092000 -1.288267 
23.234000 20.192000 -1.287554 
23.234000 20.292000 -1.286790 
23.234000 20.392000 -1.286024 
23.234000 20.492000 -1.285307 
23.234000 20.592000 -1.284692 
23.234000 20.692000 -1.284225 
23.234000 20.792000 -1.283942 
23.234000 20.892000 -1.283866 
23.234000 20.992000 -1.284002 
23.234000 21.092000 -1.284340 
23.234000 21.192000 -1.284852 
23.234000 21.292000 -1.285498 
23.234000 21.392000 -1.286229 
23.234000 21.492000 -1.286993 
23.234000 21.592000 -1.287738 
23.234000 21.692000 -1.288417 
23.234000 21.792000 -1.288990 
23.234000 21.892000 -1.289425 
23.234000 21.992000 -1.289700 
23.234000 22.092000 -1.289801 
23.234000 22.192000 -1.289724 
23.234000 22.292000 -1.289472 
23.234000 22.392000 -1.289055 
23.234000 22.492000 -1.288495 
23.234000 22.592000 -1.287820 
23.234000 22.692000 -1.287069 
23.234000 22.792000 -1.286286 
23.234000 22.892000 -1.285524 
23.234000 22.992000 -1.284835 
23.234000 23.092000 -1.284269 
23.234000 23.192000 -1.283868 
23.234000 23.292000 -1.283664 
23.334000 17.192000 -1.292283 
23.334000 17.292000 -1.292152 
23.334000 17.392000 -1.291754 
23.334000 17.492000 -1.291111 
23.334000 17.592000 -1.290258 
23.334000 17.692000 -1.289246 
23.334000 17.792000 -1.288135 
23.334000 17.892000 -1.286996 
23.334000 17.992000 -1.285905 
23.334000 18.092000 -1.284937 
23.334000 18.192000 -1.284162 
23.334000 18.292000 -1.283637 
23.334000 18.392000 -1.283401 
23.334000 18.492000 -1.283472 
23.334000 18.592000 -1.283845 
23.334000 18.692000 -1.284493 
23.334000 18.792000 -1.285367 
23.334000 18.892000 -1.286405 
23.334000 18.992000 -1.287533 
23.334000 19.092000 -1.288675 
23.334000 19.192000 -1.289757 
23.334000 19.292000 -1.290713 
23.334000 19.392000 -1.291486 
23.334000 19.492000 -1.292031 
23.334000 19.592000 -1.292320 
23.334000 19.692000 -1.292337 
23.334000 19.792000 -1.292081 
23.334000 19.892000 -1.291565 
23.334000 19.992000 -1.290818 
23.334000 20.092000 -1.289881 
23.334000 20.192000 -1.288811 
23.334000 20.292000 -1.287673 
23.334000 20.392000 -1.286539 
23.334000 20.492000 -1.285487 
23.334000 20.592000 -1.284590 
23.334000 20.692000 -1.283912 
23.334000 20.792000 -1.283504 
23.334000 20.892000 -1.283395 
23.334000 20.992000 -1.283594 
23.334000 21.092000 -1.284086 
23.334000 21.192000 -1.284833 
23.334000 21.292000 -1.285781 
23.334000 21.392000 -1.286860 
23.334000 21.492000 -1.287996 
23.334000 21.592000 -1.289112 
23.334000 21.692000 -1.290139 
23.334000 21.792000 -1.291012 
23.334000 21.892000 -1.291680 
23.334000 21.992000 -1.292107 
23.334000 22.092000 -1.292268 
23.334000 22.192000 -1.292155 
23.334000 22.292000 -1.291772 
23.334000 22.392000 -1.291140 
23.334000 22.492000 -1.290294 
23.334000 22.592000 -1.289281 
23.334000 22.692000 -1.288161 
23.334000 22.792000 -1.287005 
23.334000 22.892000 -1.285887 
23.334000 22.992000 -1.284883 
23.334000 23.092000 -1.284064 
23.334000 23.192000 -1.283489 
23.334000 23.292000 -1.283200 
