19.600000 19.053000 -16.228094 
19.600000 19.153000 -16.228129 
19.600000 19.253000 -16.228160 
19.600000 19.353000 -16.228189 
19.600000 19.453000 -16.228214 
19.600000 19.553000 -16.228237 
19.600000 19.653000 -16.228257 
19.600000 19.753000 -16.228274 
19.600000 19.853000 -16.228287 
19.600000 19.953000 -16.228296 
19.600000 20.053000 -16.228300 
19.600000 20.153000 -16.228299 
19.600000 20.253000 -16.228292 
19.600000 20.353000 -16.228280 
19.600000 20.453000 -16.228262 
19.600000 20.553000 -16.228238 
19.600000 20.653000 -16.228210 
19.600000 20.753000 -16.228176 
19.700000 19.053000 -16.228104 
19.700000 19.153000 -16.228138 
19.700000 19.253000 -16.228170 
19.700000 19.353000 -16.228198 
19.700000 19.453000 -16.228224 
19.700000 19.553000 -16.228247 
19.700000 19.653000 -16.228267 
19.700000 19.753000 -16.228284 
19.700000 19.853000 -16.228297 
19.700000 19.953000 -16.228306 
19.700000 20.053000 -16.228310 
19.700000 20.153000 -16.228309 
19.700000 20.253000 -16.228302 
19.700000 20.353000 -16.228289 
19.700000 20.453000 -16.228271 
19.700000 20.553000 -16.228248 
19.700000 20.653000 -16.228219 
19.700000 20.753000 -16.228186 
19.800000 19.053000 -16.228111 
19.800000 19.153000 -16.228145 
19.800000 19.253000 -16.228176 
19.800000 19.353000 -16.228205 
19.800000 19.453000 -16.228230 
19.800000 19.553000 -16.228254 
19.800000 19.653000 -16.228274 
19.800000 19.753000 -16.228291 
19.800000 19.853000 -16.228304 
19.800000 19.953000 -16.228313 
19.800000 20.053000 -16.228317 
19.800000 20.153000 -16.228315 
19.800000 20.253000 -16.228309 
19.800000 20.353000 -16.228296 
19.800000 20.453000 -16.228278 
19.800000 20.553000 -16.228254 
19.800000 20.653000 -16.228226 
19.800000 20.753000 -16.228193 
19.900000 19.053000 -16.228115 
19.900000 19.153000 -16.228149 
19.900000 19.253000 -16.228180 
19.900000 19.353000 -16.228209 
19.900000 19.453000 -16.228235 
19.900000 19.553000 -16.228258 
19.900000 19.653000 -16.228278 
19.900000 19.753000 -16.228295 
19.900000 19.853000 -16.228308 
19.900000 19.953000 -16.228317 
19.900000 20.053000 -16.228321 
19.900000 20.153000 -16.228319 
19.900000 20.253000 -16.228313 
19.900000 20.353000 -16.228300 
19.900000 20.453000 -16.228282 
19.900000 20.553000 -16.228258 
19.900000 20.653000 -16.228230 
19.900000 20.753000 -16.228197 
20.000000 19.053000 -16.228116 
20.000000 19.153000 -16.228150 
20.000000 19.253000 -16.228182 
20.000000 19.353000 -16.228210 
20.000000 19.453000 -16.228236 
20.000000 19.553000 -16.228259 
20.000000 19.653000 -16.228279 
20.000000 19.753000 -16.228296 
20.000000 19.853000 -16.228309 
20.000000 19.953000 -16.228318 
20.000000 20.053000 -16.228322 
20.000000 20.153000 -16.228321 
20.000000 20.253000 -16.228314 
20.000000 20.353000 -16.228302 
20.000000 20.453000 -16.228283 
20.000000 20.553000 -16.228260 
20.000000 20.653000 -16.228231 
20.000000 20.753000 -16.228198 
20.100000 19.053000 -16.228115 
20.100000 19.153000 -16.228149 
20.100000 19.253000 -16.228180 
20.100000 19.353000 -16.228209 
20.100000 19.453000 -16.228235 
20.100000 19.553000 -16.228258 
20.100000 19.653000 -16.228278 
20.100000 19.753000 -16.228295 
20.100000 19.853000 -16.228308 
20.100000 19.953000 -16.228317 
20.100000 20.053000 -16.228321 
20.100000 20.153000 -16.228319 
20.100000 20.253000 -16.228313 
20.100000 20.353000 -16.228300 
20.100000 20.453000 -16.228282 
20.100000 20.553000 -16.228258 
20.100000 20.653000 -16.228230 
20.100000 20.753000 -16.228197 
20.200000 19.053000 -16.228111 
20.200000 19.153000 -16.228145 
20.200000 19.253000 -16.228176 
20.200000 19.353000 -16.228205 
20.200000 19.453000 -16.228230 
20.200000 19.553000 -16.228254 
20.200000 19.653000 -16.228274 
20.200000 19.753000 -16.228291 
20.200000 19.853000 -16.228304 
20.200000 19.953000 -16.228313 
20.200000 20.053000 -16.228317 
20.200000 20.153000 -16.228315 
20.200000 20.253000 -16.228309 
20.200000 20.353000 -16.228296 
20.200000 20.453000 -16.228278 
20.200000 20.553000 -16.228254 
20.200000 20.653000 -16.228226 
20.200000 20.753000 -16.228193 
20.300000 19.053000 -16.228104 
20.300000 19.153000 -16.228138 
20.300000 19.253000 -16.228170 
20.300000 19.353000 -16.228198 
20.300000 19.453000 -16.228224 
20.300000 19.553000 -16.228247 
20.300000 19.653000 -16.228267 
20.300000 19.753000 -16.228284 
20.300000 19.853000 -16.228297 
20.300000 19.953000 -16.228306 
20.300000 20.053000 -16.228310 
20.300000 20.153000 -16.228309 
20.300000 20.253000 -16.228302 
20.300000 20.353000 -16.228289 
20.300000 20.453000 -16.228271 
20.300000 20.553000 -16.228248 
20.300000 20.653000 -16.228219 
20.300000 20.753000 -16.228186 
20.400000 19.053000 -16.228094 
20.400000 19.153000 -16.228129 
20.400000 19.253000 -16.228160 
20.400000 19.353000 -16.228189 
20.400000 19.453000 -16.228214 
20.400000 19.553000 -16.228237 
20.400000 19.653000 -16.228257 
20.400000 19.753000 -16.228274 
20.400000 19.853000 -16.228287 
20.400000 19.953000 -16.228296 
20.400000 20.053000 -16.228300 
20.400000 20.153000 -16.228299 
20.400000 20.253000 -16.228292 
20.400000 20.353000 -16.228280 
20.400000 20.453000 -16.228262 
20.400000 20.553000 -16.228238 
20.400000 20.653000 -16.228210 
20.400000 20.753000 -16.228176 
20.500000 19.053000 -16.228082 
20.500000 19.153000 -16.228117 
20.500000 19.253000 -16.228148 
20.500000 19.353000 -16.228176 
20.500000 19.453000 -16.228202 
20.500000 19.553000 -16.228225 
20.500000 19.653000 -16.228245 
20.500000 19.753000 -16.228262 
20.500000 19.853000 -16.228275 
20.500000 19.953000 -16.228284 
20.500000 20.053000 -16.228288 
20.500000 20.153000 -16.228287 
20.500000 20.253000 -16.228280 
20.500000 20.353000 -16.228268 
20.500000 20.453000 -16.228249 
20.500000 20.553000 -16.228226 
20.500000 20.653000 -16.228197 
20.500000 20.753000 -16.228164 
20.600000 19.053000 -16.228067 
20.600000 19.153000 -16.228102 
20.600000 19.253000 -16.228133 
20.600000 19.353000 -16.228161 
20.600000 19.453000 -16.228187 
20.600000 19.553000 -16.228210 
20.600000 19.653000 -16.228230 
20.600000 19.753000 -16.228247 
20.600000 19.853000 -16.228260 
20.600000 19.953000 -16.228269 
20.600000 20.053000 -16.228273 
20.600000 20.153000 -16.228272 
20.600000 20.253000 -16.228265 
20.600000 20.353000 -16.228253 
20.600000 20.453000 -16.228234 
20.600000 20.553000 -16.228211 
20.600000 20.653000 -16.228182 
20.600000 20.753000 -16.228149 
20.700000 19.053000 -16.228049 
20.700000 19.153000 -16.228084 
20.700000 19.253000 -16.228115 
20.700000 19.353000 -16.228144 
20.700000 19.453000 -16.228169 
20.700000 19.553000 -16.228192 
20.700000 19.653000 -16.228212 
20.700000 19.753000 -16.228229 
20.700000 19.853000 -16.228242 
20.700000 19.953000 -16.228251 
20.700000 20.053000 -16.228255 
20.700000 20.153000 -16.228254 
20.700000 20.253000 -16.228247 
20.700000 20.353000 -16.228235 
20.700000 20.453000 -16.228217 
20.700000 20.553000 -16.228193 
20.700000 20.653000 -16.228164 
20.700000 20.753000 -16.228131 
20.800000 19.053000 -16.228029 
20.800000 19.153000 -16.228063 
20.800000 19.253000 -16.228095 
20.800000 19.353000 -16.228123 
20.800000 19.453000 -16.228149 
20.800000 19.553000 -16.228172 
20.800000 19.653000 -16.228192 
20.800000 19.753000 -16.228209 
20.800000 19.853000 -16.228222 
20.800000 19.953000 -16.228231 
20.800000 20.053000 -16.228235 
20.800000 20.153000 -16.228234 
20.800000 20.253000 -16.228227 
20.800000 20.353000 -16.228214 
20.800000 20.453000 -16.228196 
20.800000 20.553000 -16.228173 
20.800000 20.653000 -16.228144 
20.800000 20.753000 -16.228111 
20.900000 19.053000 -16.228005 
20.900000 19.153000 -16.228040 
20.900000 19.253000 -16.228071 
20.900000 19.353000 -16.228100 
20.900000 19.453000 -16.228125 
20.900000 19.553000 -16.228148 
20.900000 19.653000 -16.228168 
20.900000 19.753000 -16.228185 
20.900000 19.853000 -16.228199 
20.900000 19.953000 -16.228207 
20.900000 20.053000 -16.228211 
20.900000 20.153000 -16.228210 
20.900000 20.253000 -16.228203 
20.900000 20.353000 -16.228191 
20.900000 20.453000 -16.228173 
20.900000 20.553000 -16.228149 
20.900000 20.653000 -16.228121 
20.900000 20.753000 -16.228088 
