18.200000 16.974000 -1.317099 
18.200000 17.074000 -1.317289 
18.200000 17.174000 -1.317819 
18.200000 17.274000 -1.318651 
18.200000 17.374000 -1.319723 
18.200000 17.474000 -1.320960 
18.200000 17.574000 -1.322276 
18.200000 17.674000 -1.323581 
18.200000 17.774000 -1.324790 
18.200000 17.874000 -1.325828 
18.200000 17.974000 -1.326630 
18.200000 18.074000 -1.327150 
18.200000 18.174000 -1.327358 
18.200000 18.274000 -1.327241 
18.200000 18.374000 -1.326807 
18.200000 18.474000 -1.326082 
18.200000 18.574000 -1.325109 
18.200000 18.674000 -1.323948 
18.200000 18.774000 -1.322672 
18.200000 18.874000 -1.321365 
18.200000 18.974000 -1.320114 
18.200000 19.074000 -1.319007 
18.200000 19.174000 -1.318124 
18.200000 19.274000 -1.317530 
18.200000 19.374000 -1.317267 
18.200000 19.474000 -1.317357 
18.200000 19.574000 -1.317792 
18.200000 19.674000 -1.318541 
18.200000 19.774000 -1.319547 
18.200000 19.874000 -1.320739 
18.200000 19.974000 -1.322032 
18.200000 20.074000 -1.323338 
18.200000 20.174000 -1.324569 
18.200000 20.274000 -1.325647 
18.200000 20.374000 -1.326505 
18.200000 20.474000 -1.327092 
18.200000 20.574000 -1.327372 
18.200000 20.674000 -1.327329 
18.200000 20.774000 -1.326965 
18.200000 20.874000 -1.326302 
18.200000 20.974000 -1.325378 
18.200000 21.074000 -1.324249 
18.200000 21.174000 -1.322984 
18.200000 21.274000 -1.321666 
18.200000 21.374000 -1.320382 
18.200000 21.474000 -1.319221 
18.200000 21.574000 -1.318263 
18.200000 21.674000 -1.317579 
18.200000 21.774000 -1.317219 
18.200000 21.874000 -1.317209 
18.200000 21.974000 -1.317549 
18.200000 22.074000 -1.318213 
18.200000 22.174000 -1.319151 
18.200000 22.274000 -1.320295 
18.200000 22.374000 -1.321563 
18.200000 22.474000 -1.322866 
18.200000 22.574000 -1.324117 
18.200000 22.674000 -1.325235 
18.200000 22.774000 -1.326148 
18.200000 22.874000 -1.326802 
18.200000 22.974000 -1.327157 
18.300000 16.974000 -1.317293 
18.300000 17.074000 -1.317438 
18.300000 17.174000 -1.317838 
18.300000 17.274000 -1.318460 
18.300000 17.374000 -1.319259 
18.300000 17.474000 -1.320177 
18.300000 17.574000 -1.321148 
18.300000 17.674000 -1.322107 
18.300000 17.774000 -1.322992 
18.300000 17.874000 -1.323747 
18.300000 17.974000 -1.324330 
18.300000 18.074000 -1.324707 
18.300000 18.174000 -1.324857 
18.300000 18.274000 -1.324774 
18.300000 18.374000 -1.324462 
18.300000 18.474000 -1.323939 
18.300000 18.574000 -1.323233 
18.300000 18.674000 -1.322388 
18.300000 18.774000 -1.321454 
18.300000 18.874000 -1.320494 
18.300000 18.974000 -1.319571 
18.300000 19.074000 -1.318751 
18.300000 19.174000 -1.318095 
18.300000 19.274000 -1.317652 
18.300000 19.374000 -1.317456 
18.300000 19.474000 -1.317523 
18.300000 19.574000 -1.317848 
18.300000 19.674000 -1.318406 
18.300000 19.774000 -1.319154 
18.300000 19.874000 -1.320036 
18.300000 19.974000 -1.320989 
18.300000 20.074000 -1.321947 
18.300000 20.174000 -1.322846 
18.300000 20.274000 -1.323630 
18.300000 20.374000 -1.324252 
18.300000 20.474000 -1.324675 
18.300000 20.574000 -1.324877 
18.300000 20.674000 -1.324846 
18.300000 20.774000 -1.324583 
18.300000 20.874000 -1.324103 
18.300000 20.974000 -1.323432 
18.300000 21.074000 -1.322609 
18.300000 21.174000 -1.321683 
18.300000 21.274000 -1.320713 
18.300000 21.374000 -1.319763 
18.300000 21.474000 -1.318900 
18.300000 21.574000 -1.318186 
18.300000 21.674000 -1.317674 
18.300000 21.774000 -1.317402 
18.300000 21.874000 -1.317392 
18.300000 21.974000 -1.317642 
18.300000 22.074000 -1.318134 
18.300000 22.174000 -1.318829 
18.300000 22.274000 -1.319674 
18.300000 22.374000 -1.320607 
18.300000 22.474000 -1.321562 
18.300000 22.574000 -1.322475 
18.300000 22.674000 -1.323287 
18.300000 22.774000 -1.323948 
18.300000 22.874000 -1.324419 
18.300000 22.974000 -1.324674 
18.400000 16.974000 -1.317910 
18.400000 17.074000 -1.318008 
18.400000 17.174000 -1.318266 
18.400000 17.274000 -1.318664 
18.400000 17.374000 -1.319169 
18.400000 17.474000 -1.319743 
18.400000 17.574000 -1.320345 
18.400000 17.674000 -1.320932 
18.400000 17.774000 -1.321468 
18.400000 17.874000 -1.321921 
18.400000 17.974000 -1.322267 
18.400000 18.074000 -1.322491 
18.400000 18.174000 -1.322581 
18.400000 18.274000 -1.322534 
18.400000 18.374000 -1.322352 
18.400000 18.474000 -1.322045 
18.400000 18.574000 -1.321626 
18.400000 18.674000 -1.321120 
18.400000 18.774000 -1.320554 
18.400000 18.874000 -1.319966 
18.400000 18.974000 -1.319395 
18.400000 19.074000 -1.318884 
18.400000 19.174000 -1.318471 
18.400000 19.274000 -1.318192 
18.400000 19.374000 -1.318068 
18.400000 19.474000 -1.318111 
18.400000 19.574000 -1.318318 
18.400000 19.674000 -1.318670 
18.400000 19.774000 -1.319139 
18.400000 19.874000 -1.319688 
18.400000 19.974000 -1.320276 
18.400000 20.074000 -1.320860 
18.400000 20.174000 -1.321403 
18.400000 20.274000 -1.321871 
18.400000 20.374000 -1.322239 
18.400000 20.474000 -1.322488 
18.400000 20.574000 -1.322606 
18.400000 20.674000 -1.322587 
18.400000 20.774000 -1.322433 
18.400000 20.874000 -1.322149 
18.400000 20.974000 -1.321750 
18.400000 21.074000 -1.321255 
18.400000 21.174000 -1.320692 
18.400000 21.274000 -1.320096 
18.400000 21.374000 -1.319506 
18.400000 21.474000 -1.318964 
18.400000 21.574000 -1.318512 
18.400000 21.674000 -1.318184 
18.400000 21.774000 -1.318008 
18.400000 21.874000 -1.317997 
18.400000 21.974000 -1.318152 
18.400000 22.074000 -1.318459 
18.400000 22.174000 -1.318892 
18.400000 22.274000 -1.319415 
18.400000 22.374000 -1.319988 
18.400000 22.474000 -1.320569 
18.400000 22.574000 -1.321119 
18.400000 22.674000 -1.321602 
18.400000 22.774000 -1.321992 
18.400000 22.874000 -1.322267 
18.400000 22.974000 -1.322415 
18.500000 16.974000 -1.318987 
18.500000 17.074000 -1.319035 
18.500000 17.174000 -1.319146 
18.500000 17.274000 -1.319308 
18.500000 17.374000 -1.319507 
18.500000 17.474000 -1.319723 
18.500000 17.574000 -1.319938 
18.500000 17.674000 -1.320137 
18.500000 17.774000 -1.320310 
18.500000 17.874000 -1.320447 
18.500000 17.974000 -1.320548 
18.500000 18.074000 -1.320611 
18.500000 18.174000 -1.320638 
18.500000 18.274000 -1.320629 
18.500000 18.374000 -1.320583 
18.500000 18.474000 -1.320501 
18.500000 18.574000 -1.320382 
18.500000 18.674000 -1.320229 
18.500000 18.774000 -1.320047 
18.500000 18.874000 -1.319848 
18.500000 18.974000 -1.319644 
18.500000 19.074000 -1.319455 
18.500000 19.174000 -1.319297 
18.500000 19.274000 -1.319188 
18.500000 19.374000 -1.319140 
18.500000 19.474000 -1.319158 
18.500000 19.574000 -1.319240 
18.500000 19.674000 -1.319378 
18.500000 19.774000 -1.319557 
18.500000 19.874000 -1.319758 
18.500000 19.974000 -1.319964 
18.500000 20.074000 -1.320159 
18.500000 20.174000 -1.320330 
18.500000 20.274000 -1.320469 
18.500000 20.374000 -1.320573 
18.500000 20.474000 -1.320639 
18.500000 20.574000 -1.320670 
18.500000 20.674000 -1.320664 
18.500000 20.774000 -1.320622 
18.500000 20.874000 -1.320543 
18.500000 20.974000 -1.320426 
18.500000 21.074000 -1.320274 
18.500000 21.174000 -1.320090 
18.500000 21.274000 -1.319884 
18.500000 21.374000 -1.319670 
18.500000 21.474000 -1.319463 
18.500000 21.574000 -1.319284 
18.500000 21.674000 -1.319149 
18.500000 21.774000 -1.319072 
18.500000 21.874000 -1.319061 
18.500000 21.974000 -1.319116 
18.500000 22.074000 -1.319230 
18.500000 22.174000 -1.319389 
18.500000 22.274000 -1.319576 
18.500000 22.374000 -1.319774 
18.500000 22.474000 -1.319965 
18.500000 22.574000 -1.320136 
18.500000 22.674000 -1.320277 
18.500000 22.774000 -1.320384 
18.500000 22.874000 -1.320455 
18.500000 22.974000 -1.320491 
18.600000 16.974000 -1.320521 
18.600000 17.074000 -1.320518 
18.600000 17.174000 -1.320479 
18.600000 17.274000 -1.320403 
18.600000 17.374000 -1.320290 
18.600000 17.474000 -1.320142 
18.600000 17.574000 -1.319966 
18.600000 17.674000 -1.319772 
18.600000 17.774000 -1.319576 
18.600000 17.874000 -1.319394 
18.600000 17.974000 -1.319246 
18.600000 18.074000 -1.319147 
18.600000 18.174000 -1.319110 
18.600000 18.274000 -1.319138 
18.600000 18.374000 -1.319230 
18.600000 18.474000 -1.319376 
18.600000 18.574000 -1.319561 
18.600000 18.674000 -1.319766 
18.600000 18.774000 -1.319974 
18.600000 18.874000 -1.320168 
18.600000 18.974000 -1.320338 
18.600000 19.074000 -1.320475 
18.600000 19.174000 -1.320576 
18.600000 19.274000 -1.320640 
18.600000 19.374000 -1.320668 
18.600000 19.474000 -1.320661 
18.600000 19.574000 -1.320617 
18.600000 19.674000 -1.320537 
18.600000 19.774000 -1.320421 
18.600000 19.874000 -1.320269 
18.600000 19.974000 -1.320089 
18.600000 20.074000 -1.319888 
18.600000 20.174000 -1.319683 
18.600000 20.274000 -1.319488 
18.600000 20.374000 -1.319324 
18.600000 20.474000 -1.319206 
18.600000 20.574000 -1.319148 
18.600000 20.674000 -1.319155 
18.600000 20.774000 -1.319227 
18.600000 20.874000 -1.319355 
18.600000 20.974000 -1.319525 
18.600000 21.074000 -1.319720 
18.600000 21.174000 -1.319920 
18.600000 21.274000 -1.320110 
18.600000 21.374000 -1.320276 
18.600000 21.474000 -1.320410 
18.600000 21.574000 -1.320508 
18.600000 21.674000 -1.320569 
18.600000 21.774000 -1.320593 
18.600000 21.874000 -1.320582 
18.600000 21.974000 -1.320535 
18.600000 22.074000 -1.320452 
18.600000 22.174000 -1.320334 
18.600000 22.274000 -1.320181 
18.600000 22.374000 -1.319998 
18.600000 22.474000 -1.319793 
18.600000 22.574000 -1.319579 
18.600000 22.674000 -1.319374 
18.600000 22.774000 -1.319195 
18.600000 22.874000 -1.319059 
18.600000 22.974000 -1.318981 
18.700000 16.974000 -1.322469 
18.700000 17.074000 -1.322415 
18.700000 17.174000 -1.322229 
18.700000 17.274000 -1.321917 
18.700000 17.374000 -1.321497 
18.700000 17.474000 -1.320990 
18.700000 17.574000 -1.320428 
18.700000 17.674000 -1.319847 
18.700000 17.774000 -1.319287 
18.700000 17.874000 -1.318790 
18.700000 17.974000 -1.318397 
18.700000 18.074000 -1.318138 
18.700000 18.174000 -1.318038 
18.700000 18.274000 -1.318104 
18.700000 18.374000 -1.318332 
18.700000 18.474000 -1.318702 
18.700000 18.574000 -1.319186 
18.700000 18.674000 -1.319744 
18.700000 18.774000 -1.320335 
18.700000 18.874000 -1.320919 
18.700000 18.974000 -1.321456 
18.700000 19.074000 -1.321916 
18.700000 19.174000 -1.322272 
18.700000 19.274000 -1.322507 
18.700000 19.374000 -1.322611 
18.700000 19.474000 -1.322578 
18.700000 19.574000 -1.322410 
18.700000 19.674000 -1.322115 
18.700000 19.774000 -1.321707 
18.700000 19.874000 -1.321208 
18.700000 19.974000 -1.320646 
18.700000 20.074000 -1.320056 
18.700000 20.174000 -1.319479 
18.700000 20.274000 -1.318956 
18.700000 20.374000 -1.318527 
18.700000 20.474000 -1.318228 
18.700000 20.574000 -1.318082 
18.700000 20.674000 -1.318102 
18.700000 20.774000 -1.318286 
18.700000 20.874000 -1.318619 
18.700000 20.974000 -1.319071 
18.700000 21.074000 -1.319608 
18.700000 21.174000 -1.320187 
18.700000 21.274000 -1.320767 
18.700000 21.374000 -1.321308 
18.700000 21.474000 -1.321778 
18.700000 21.574000 -1.322150 
18.700000 21.674000 -1.322404 
18.700000 21.774000 -1.322528 
18.700000 21.874000 -1.322517 
18.700000 21.974000 -1.322370 
18.700000 22.074000 -1.322093 
18.700000 22.174000 -1.321701 
18.700000 22.274000 -1.321211 
18.700000 22.374000 -1.320652 
18.700000 22.474000 -1.320057 
18.700000 22.574000 -1.319465 
18.700000 22.674000 -1.318918 
18.700000 22.774000 -1.318457 
18.700000 22.874000 -1.318118 
18.700000 22.974000 -1.317928 
18.800000 16.974000 -1.324751 
18.800000 17.074000 -1.324649 
18.800000 17.174000 -1.324321 
18.800000 17.274000 -1.323783 
18.800000 17.374000 -1.323068 
18.800000 17.474000 -1.322217 
18.800000 17.574000 -1.321285 
18.800000 17.674000 -1.320332 
18.800000 17.774000 -1.319424 
18.800000 17.874000 -1.318626 
18.800000 17.974000 -1.317997 
18.800000 18.074000 -1.317586 
18.800000 18.174000 -1.317426 
18.800000 18.274000 -1.317528 
18.800000 18.374000 -1.317885 
18.800000 18.474000 -1.318471 
18.800000 18.574000 -1.319241 
18.800000 18.674000 -1.320137 
18.800000 18.774000 -1.321096 
18.800000 18.874000 -1.322052 
18.800000 18.974000 -1.322943 
18.800000 19.074000 -1.323711 
18.800000 19.174000 -1.324313 
18.800000 19.274000 -1.324712 
18.800000 19.374000 -1.324888 
18.800000 19.474000 -1.324831 
18.800000 19.574000 -1.324544 
18.800000 19.674000 -1.324043 
18.800000 19.774000 -1.323355 
18.800000 19.874000 -1.322522 
18.800000 19.974000 -1.321594 
18.800000 20.074000 -1.320631 
18.800000 20.174000 -1.319697 
18.800000 20.274000 -1.318859 
18.800000 20.374000 -1.318178 
18.800000 20.474000 -1.317705 
18.800000 20.574000 -1.317476 
18.800000 20.674000 -1.317508 
18.800000 20.774000 -1.317800 
18.800000 20.874000 -1.318328 
18.800000 20.974000 -1.319051 
18.800000 21.074000 -1.319915 
18.800000 21.174000 -1.320856 
18.800000 21.274000 -1.321810 
18.800000 21.374000 -1.322712 
18.800000 21.474000 -1.323504 
18.800000 21.574000 -1.324139 
18.800000 21.674000 -1.324578 
18.800000 21.774000 -1.324798 
18.800000 21.874000 -1.324787 
18.800000 21.974000 -1.324543 
18.800000 22.074000 -1.324081 
18.800000 22.174000 -1.323425 
18.800000 22.274000 -1.322613 
18.800000 22.374000 -1.321694 
18.800000 22.474000 -1.320725 
18.800000 22.574000 -1.319770 
18.800000 22.674000 -1.318896 
18.800000 22.774000 -1.318164 
18.800000 22.874000 -1.317630 
18.800000 22.974000 -1.317333 
18.900000 16.974000 -1.327256 
18.900000 17.074000 -1.327110 
18.900000 17.174000 -1.326649 
18.900000 17.274000 -1.325900 
18.900000 17.374000 -1.324910 
18.900000 17.474000 -1.323739 
18.900000 17.574000 -1.322462 
18.900000 17.674000 -1.321164 
18.900000 17.774000 -1.319932 
18.900000 17.874000 -1.318853 
18.900000 17.974000 -1.318006 
18.900000 18.074000 -1.317454 
18.900000 18.174000 -1.317237 
18.900000 18.274000 -1.317372 
18.900000 18.374000 -1.317851 
18.900000 18.474000 -1.318636 
18.900000 18.574000 -1.319672 
18.900000 18.674000 -1.320883 
18.900000 18.774000 -1.322185 
18.900000 18.874000 -1.323488 
18.900000 18.974000 -1.324707 
18.900000 19.074000 -1.325764 
18.900000 19.174000 -1.326593 
18.900000 19.274000 -1.327146 
18.900000 19.374000 -1.327389 
18.900000 19.474000 -1.327310 
18.900000 19.574000 -1.326911 
18.900000 19.674000 -1.326218 
18.900000 19.774000 -1.325270 
18.900000 19.874000 -1.324126 
18.900000 19.974000 -1.322857 
18.900000 20.074000 -1.321546 
18.900000 20.174000 -1.320282 
18.900000 20.274000 -1.319151 
18.900000 20.374000 -1.318234 
18.900000 20.474000 -1.317599 
18.900000 20.574000 -1.317292 
18.900000 20.674000 -1.317336 
18.900000 20.774000 -1.317728 
18.900000 20.874000 -1.318437 
18.900000 20.974000 -1.319412 
18.900000 21.074000 -1.320580 
18.900000 21.174000 -1.321860 
18.900000 21.274000 -1.323162 
18.900000 21.374000 -1.324399 
18.900000 21.474000 -1.325491 
18.900000 21.574000 -1.326370 
18.900000 21.674000 -1.326983 
18.900000 21.774000 -1.327292 
18.900000 21.874000 -1.327280 
18.900000 21.974000 -1.326947 
18.900000 22.074000 -1.326312 
18.900000 22.174000 -1.325411 
18.900000 22.274000 -1.324299 
18.900000 22.374000 -1.323044 
18.900000 22.474000 -1.321727 
18.900000 22.574000 -1.320435 
18.900000 22.674000 -1.319256 
18.900000 22.774000 -1.318273 
18.900000 22.874000 -1.317557 
18.900000 22.974000 -1.317161 
19.000000 16.974000 -1.329850 
19.000000 17.074000 -1.329663 
19.000000 17.174000 -1.329083 
19.000000 17.274000 -1.328144 
19.000000 17.374000 -1.326906 
19.000000 17.474000 -1.325446 
19.000000 17.574000 -1.323858 
19.000000 17.674000 -1.322248 
19.000000 17.774000 -1.320724 
19.000000 17.874000 -1.319393 
19.000000 17.974000 -1.318349 
19.000000 18.074000 -1.317669 
19.000000 18.174000 -1.317401 
19.000000 18.274000 -1.317567 
19.000000 18.374000 -1.318154 
19.000000 18.474000 -1.319120 
19.000000 18.574000 -1.320395 
19.000000 18.674000 -1.321890 
19.000000 18.774000 -1.323500 
19.000000 18.874000 -1.325116 
19.000000 18.974000 -1.326632 
19.000000 19.074000 -1.327949 
19.000000 19.174000 -1.328985 
19.000000 19.274000 -1.329675 
19.000000 19.374000 -1.329980 
19.000000 19.474000 -1.329880 
19.000000 19.574000 -1.329381 
19.000000 19.674000 -1.328514 
19.000000 19.774000 -1.327331 
19.000000 19.874000 -1.325906 
19.000000 19.974000 -1.324330 
19.000000 20.074000 -1.322706 
19.000000 20.174000 -1.321142 
19.000000 20.274000 -1.319748 
19.000000 20.374000 -1.318619 
19.000000 20.474000 -1.317838 
19.000000 20.574000 -1.317461 
19.000000 20.674000 -1.317516 
19.000000 20.774000 -1.317997 
19.000000 20.874000 -1.318870 
19.000000 20.974000 -1.320071 
19.000000 21.074000 -1.321515 
19.000000 21.174000 -1.323098 
19.000000 21.274000 -1.324714 
19.000000 21.374000 -1.326254 
19.000000 21.474000 -1.327617 
19.000000 21.574000 -1.328718 
19.000000 21.674000 -1.329486 
19.000000 21.774000 -1.329877 
19.000000 21.874000 -1.329864 
19.000000 21.974000 -1.329450 
19.000000 22.074000 -1.328658 
19.000000 22.174000 -1.327536 
19.000000 22.274000 -1.326153 
19.000000 22.374000 -1.324595 
19.000000 22.474000 -1.322964 
19.000000 22.574000 -1.321368 
19.000000 22.674000 -1.319914 
19.000000 22.774000 -1.318705 
19.000000 22.874000 -1.317826 
19.000000 22.974000 -1.317340 
19.100000 16.974000 -1.332386 
19.100000 17.074000 -1.332164 
19.100000 17.174000 -1.331479 
19.100000 17.274000 -1.330375 
19.100000 17.374000 -1.328921 
19.100000 17.474000 -1.327209 
19.100000 17.574000 -1.325350 
19.100000 17.674000 -1.323468 
19.100000 17.774000 -1.321690 
19.100000 17.874000 -1.320139 
19.100000 17.974000 -1.318925 
19.100000 18.074000 -1.318133 
19.100000 18.174000 -1.317822 
19.100000 18.274000 -1.318014 
19.100000 18.374000 -1.318695 
19.100000 18.474000 -1.319818 
19.100000 18.574000 -1.321302 
19.100000 18.674000 -1.323044 
19.100000 18.774000 -1.324923 
19.100000 18.874000 -1.326811 
19.100000 18.974000 -1.328585 
19.100000 19.074000 -1.330128 
19.100000 19.174000 -1.331344 
19.100000 19.274000 -1.332155 
19.100000 19.374000 -1.332513 
19.100000 19.474000 -1.332395 
19.100000 19.574000 -1.331808 
19.100000 19.674000 -1.330790 
19.100000 19.774000 -1.329402 
19.100000 19.874000 -1.327733 
19.100000 19.974000 -1.325889 
19.100000 20.074000 -1.323992 
19.100000 20.174000 -1.322169 
19.100000 20.274000 -1.320544 
19.100000 20.374000 -1.319232 
19.100000 20.474000 -1.318324 
19.100000 20.574000 -1.317886 
19.100000 20.674000 -1.317950 
19.100000 20.774000 -1.318509 
19.100000 20.874000 -1.319525 
19.100000 20.974000 -1.320923 
19.100000 21.074000 -1.322605 
19.100000 21.174000 -1.324454 
19.100000 21.274000 -1.326343 
19.100000 21.374000 -1.328146 
19.100000 21.474000 -1.329745 
19.100000 21.574000 -1.331038 
19.100000 21.674000 -1.331943 
19.100000 21.774000 -1.332404 
19.100000 21.874000 -1.332391 
19.100000 21.974000 -1.331906 
19.100000 22.074000 -1.330978 
19.100000 22.174000 -1.329663 
19.100000 22.274000 -1.328044 
19.100000 22.374000 -1.326223 
19.100000 22.474000 -1.324318 
19.100000 22.574000 -1.322457 
19.100000 22.674000 -1.320765 
19.100000 22.774000 -1.319358 
19.100000 22.874000 -1.318337 
19.100000 22.974000 -1.317773 
19.200000 16.974000 -1.334714 
19.200000 17.074000 -1.334462 
19.200000 17.174000 -1.333691 
19.200000 17.274000 -1.332448 
19.200000 17.374000 -1.330813 
19.200000 17.474000 -1.328891 
19.200000 17.574000 -1.326807 
19.200000 17.674000 -1.324699 
19.200000 17.774000 -1.322709 
19.200000 17.874000 -1.320975 
19.200000 17.974000 -1.319618 
19.200000 18.074000 -1.318734 
19.200000 18.174000 -1.318386 
19.200000 18.274000 -1.318600 
19.200000 18.374000 -1.319360 
19.200000 18.474000 -1.320613 
19.200000 18.574000 -1.322271 
19.200000 18.674000 -1.324219 
19.200000 18.774000 -1.326321 
19.200000 18.874000 -1.328437 
19.200000 18.974000 -1.330426 
19.200000 19.074000 -1.332159 
19.200000 19.174000 -1.333524 
19.200000 19.274000 -1.334436 
19.200000 19.374000 -1.334838 
19.200000 19.474000 -1.334705 
19.200000 19.574000 -1.334046 
19.200000 19.674000 -1.332901 
19.200000 19.774000 -1.331342 
19.200000 19.874000 -1.329469 
19.200000 19.974000 -1.327402 
19.200000 20.074000 -1.325277 
19.200000 20.174000 -1.323238 
19.200000 20.274000 -1.321422 
19.200000 20.374000 -1.319956 
19.200000 20.474000 -1.318943 
19.200000 20.574000 -1.318454 
19.200000 20.674000 -1.318525 
19.200000 20.774000 -1.319150 
19.200000 20.874000 -1.320283 
19.200000 20.974000 -1.321846 
19.200000 21.074000 -1.323727 
19.200000 21.174000 -1.325796 
19.200000 21.274000 -1.327914 
19.200000 21.374000 -1.329937 
19.200000 21.474000 -1.331733 
19.200000 21.574000 -1.333186 
19.200000 21.674000 -1.334205 
19.200000 21.774000 -1.334724 
19.200000 21.874000 -1.334712 
19.200000 21.974000 -1.334168 
19.200000 22.074000 -1.333126 
19.200000 22.174000 -1.331650 
19.200000 22.274000 -1.329834 
19.200000 22.374000 -1.327793 
19.200000 22.474000 -1.325660 
19.200000 22.574000 -1.323578 
19.200000 22.674000 -1.321687 
19.200000 22.774000 -1.320117 
19.200000 22.874000 -1.318977 
19.200000 22.974000 -1.318348 
19.300000 16.974000 -1.336693 
19.300000 17.074000 -1.336418 
19.300000 17.174000 -1.335578 
19.300000 17.274000 -1.334227 
19.300000 17.374000 -1.332450 
19.300000 17.474000 -1.330362 
19.300000 17.574000 -1.328100 
19.300000 17.674000 -1.325814 
19.300000 17.774000 -1.323658 
19.300000 17.874000 -1.321780 
19.300000 17.974000 -1.320311 
19.300000 18.074000 -1.319354 
19.300000 18.174000 -1.318977 
19.300000 18.274000 -1.319208 
19.300000 18.374000 -1.320030 
19.300000 18.474000 -1.321387 
19.300000 18.574000 -1.323181 
19.300000 18.674000 -1.325290 
19.300000 18.774000 -1.327569 
19.300000 18.874000 -1.329864 
19.300000 18.974000 -1.332023 
19.300000 19.074000 -1.333904 
19.300000 19.174000 -1.335387 
19.300000 19.274000 -1.336379 
19.300000 19.374000 -1.336816 
19.300000 19.474000 -1.336671 
19.300000 19.574000 -1.335954 
19.300000 19.674000 -1.334709 
19.300000 19.774000 -1.333016 
19.300000 19.874000 -1.330982 
19.300000 19.974000 -1.328740 
19.300000 20.074000 -1.326436 
19.300000 20.174000 -1.324226 
19.300000 20.274000 -1.322260 
19.300000 20.374000 -1.320673 
19.300000 20.474000 -1.319577 
19.300000 20.574000 -1.319049 
19.300000 20.674000 -1.319125 
19.300000 20.774000 -1.319801 
19.300000 20.874000 -1.321028 
19.300000 20.974000 -1.322719 
19.300000 21.074000 -1.324757 
19.300000 21.174000 -1.327000 
19.300000 21.274000 -1.329297 
19.300000 21.374000 -1.331493 
19.300000 21.474000 -1.333444 
19.300000 21.574000 -1.335024 
19.300000 21.674000 -1.336132 
19.300000 21.774000 -1.336698 
19.300000 21.874000 -1.336685 
19.300000 21.974000 -1.336095 
19.300000 22.074000 -1.334963 
19.300000 22.174000 -1.333361 
19.300000 22.274000 -1.331389 
19.300000 22.374000 -1.329175 
19.300000 22.474000 -1.326863 
19.300000 22.574000 -1.324607 
19.300000 22.674000 -1.322560 
19.300000 22.774000 -1.320860 
19.300000 22.874000 -1.319628 
19.300000 22.974000 -1.318948 
19.400000 16.974000 -1.338202 
19.400000 17.074000 -1.337910 
19.400000 17.174000 -1.337021 
19.400000 17.274000 -1.335591 
19.400000 17.374000 -1.333712 
19.400000 17.474000 -1.331506 
19.400000 17.574000 -1.329116 
19.400000 17.674000 -1.326702 
19.400000 17.774000 -1.324426 
19.400000 17.874000 -1.322445 
19.400000 17.974000 -1.320895 
19.400000 18.074000 -1.319886 
19.400000 18.174000 -1.319488 
19.400000 18.274000 -1.319731 
19.400000 18.374000 -1.320598 
19.400000 18.474000 -1.322028 
19.400000 18.574000 -1.323921 
19.400000 18.674000 -1.326147 
19.400000 18.774000 -1.328552 
19.400000 18.874000 -1.330975 
19.400000 18.974000 -1.333256 
19.400000 19.074000 -1.335245 
19.400000 19.174000 -1.336813 
19.400000 19.274000 -1.337861 
19.400000 19.374000 -1.338323 
19.400000 19.474000 -1.338170 
19.400000 19.574000 -1.337412 
19.400000 19.674000 -1.336095 
19.400000 19.774000 -1.334305 
19.400000 19.874000 -1.332156 
19.400000 19.974000 -1.329787 
19.400000 20.074000 -1.327355 
19.400000 20.174000 -1.325022 
19.400000 20.274000 -1.322948 
19.400000 20.374000 -1.321274 
19.400000 20.474000 -1.320119 
19.400000 20.574000 -1.319562 
19.400000 20.674000 -1.319642 
19.400000 20.774000 -1.320355 
19.400000 20.874000 -1.321649 
19.400000 20.974000 -1.323433 
19.400000 21.074000 -1.325583 
19.400000 21.174000 -1.327951 
19.400000 21.274000 -1.330377 
19.400000 21.374000 -1.332697 
19.400000 21.474000 -1.334760 
19.400000 21.574000 -1.336431 
19.400000 21.674000 -1.337604 
19.400000 21.774000 -1.338203 
19.400000 21.874000 -1.338190 
19.400000 21.974000 -1.337566 
19.400000 22.074000 -1.336370 
19.400000 22.174000 -1.334676 
19.400000 22.274000 -1.332593 
19.400000 22.374000 -1.330255 
19.400000 22.474000 -1.327814 
19.400000 22.574000 -1.325433 
19.400000 22.674000 -1.323273 
19.400000 22.774000 -1.321481 
19.400000 22.874000 -1.320182 
19.400000 22.974000 -1.319465 
19.500000 16.974000 -1.339147 
19.500000 17.074000 -1.338845 
19.500000 17.174000 -1.337926 
19.500000 17.274000 -1.336449 
19.500000 17.374000 -1.334509 
19.500000 17.474000 -1.332230 
19.500000 17.574000 -1.329764 
19.500000 17.674000 -1.327273 
19.500000 17.774000 -1.324925 
19.500000 17.874000 -1.322881 
19.500000 17.974000 -1.321283 
19.500000 18.074000 -1.320242 
19.500000 18.174000 -1.319832 
19.500000 18.274000 -1.320083 
19.500000 18.374000 -1.320977 
19.500000 18.474000 -1.322451 
19.500000 18.574000 -1.324403 
19.500000 18.674000 -1.326698 
19.500000 18.774000 -1.329180 
19.500000 18.874000 -1.331681 
19.500000 18.974000 -1.334035 
19.500000 19.074000 -1.336088 
19.500000 19.174000 -1.337707 
19.500000 19.274000 -1.338790 
19.500000 19.374000 -1.339267 
19.500000 19.474000 -1.339109 
19.500000 19.574000 -1.338326 
19.500000 19.674000 -1.336966 
19.500000 19.774000 -1.335118 
19.500000 19.874000 -1.332899 
19.500000 19.974000 -1.330454 
19.500000 20.074000 -1.327944 
19.500000 20.174000 -1.325538 
19.500000 20.274000 -1.323398 
19.500000 20.374000 -1.321673 
19.500000 20.474000 -1.320481 
19.500000 20.574000 -1.319907 
19.500000 20.674000 -1.319990 
19.500000 20.774000 -1.320725 
19.500000 20.874000 -1.322059 
19.500000 20.974000 -1.323899 
19.500000 21.074000 -1.326117 
19.500000 21.174000 -1.328560 
19.500000 21.274000 -1.331063 
19.500000 21.374000 -1.333459 
19.500000 21.474000 -1.335589 
19.500000 21.574000 -1.337315 
19.500000 21.674000 -1.338526 
19.500000 21.774000 -1.339145 
19.500000 21.874000 -1.339132 
19.500000 21.974000 -1.338488 
19.500000 22.074000 -1.337253 
19.500000 22.174000 -1.335505 
19.500000 22.274000 -1.333355 
19.500000 22.374000 -1.330941 
19.500000 22.474000 -1.328423 
19.500000 22.574000 -1.325967 
19.500000 22.674000 -1.323739 
19.500000 22.774000 -1.321891 
19.500000 22.874000 -1.320551 
19.500000 22.974000 -1.319813 
19.600000 16.974000 -1.339469 
19.600000 17.074000 -1.339164 
19.600000 17.174000 -1.338235 
19.600000 17.274000 -1.336742 
19.600000 17.374000 -1.334781 
19.600000 17.474000 -1.332479 
19.600000 17.574000 -1.329986 
19.600000 17.674000 -1.327469 
19.600000 17.774000 -1.325098 
19.600000 17.874000 -1.323033 
19.600000 17.974000 -1.321419 
19.600000 18.074000 -1.320368 
19.600000 18.174000 -1.319954 
19.600000 18.274000 -1.320207 
19.600000 18.374000 -1.321109 
19.600000 18.474000 -1.322598 
19.600000 18.574000 -1.324570 
19.600000 18.674000 -1.326889 
19.600000 18.774000 -1.329396 
19.600000 18.874000 -1.331923 
19.600000 18.974000 -1.334301 
19.600000 19.074000 -1.336376 
19.600000 19.174000 -1.338012 
19.600000 19.274000 -1.339106 
19.600000 19.374000 -1.339589 
19.600000 19.474000 -1.339429 
19.600000 19.574000 -1.338637 
19.600000 19.674000 -1.337263 
19.600000 19.774000 -1.335395 
19.600000 19.874000 -1.333153 
19.600000 19.974000 -1.330683 
19.600000 20.074000 -1.328147 
19.600000 20.174000 -1.325716 
19.600000 20.274000 -1.323555 
19.600000 20.374000 -1.321812 
19.600000 20.474000 -1.320609 
19.600000 20.574000 -1.320029 
19.600000 20.674000 -1.320113 
19.600000 20.774000 -1.320855 
19.600000 20.874000 -1.322202 
19.600000 20.974000 -1.324061 
19.600000 21.074000 -1.326301 
19.600000 21.174000 -1.328770 
19.600000 21.274000 -1.331299 
19.600000 21.374000 -1.333719 
19.600000 21.474000 -1.335872 
19.600000 21.574000 -1.337616 
19.600000 21.674000 -1.338840 
19.600000 21.774000 -1.339466 
19.600000 21.874000 -1.339453 
19.600000 21.974000 -1.338803 
19.600000 22.074000 -1.337555 
19.600000 22.174000 -1.335788 
19.600000 22.274000 -1.333615 
19.600000 22.374000 -1.331176 
19.600000 22.474000 -1.328632 
19.600000 22.574000 -1.326151 
19.600000 22.674000 -1.323901 
19.600000 22.774000 -1.322034 
19.600000 22.874000 -1.320681 
19.600000 22.974000 -1.319935 
19.700000 16.974000 -1.339147 
19.700000 17.074000 -1.338845 
19.700000 17.174000 -1.337926 
19.700000 17.274000 -1.336449 
19.700000 17.374000 -1.334509 
19.700000 17.474000 -1.332230 
19.700000 17.574000 -1.329764 
19.700000 17.674000 -1.327273 
19.700000 17.774000 -1.324925 
19.700000 17.874000 -1.322881 
19.700000 17.974000 -1.321283 
19.700000 18.074000 -1.320242 
19.700000 18.174000 -1.319832 
19.700000 18.274000 -1.320083 
19.700000 18.374000 -1.320977 
19.700000 18.474000 -1.322451 
19.700000 18.574000 -1.324403 
19.700000 18.674000 -1.326698 
19.700000 18.774000 -1.329180 
19.700000 18.874000 -1.331681 
19.700000 18.974000 -1.334035 
19.700000 19.074000 -1.336088 
19.700000 19.174000 -1.337707 
19.700000 19.274000 -1.338790 
19.700000 19.374000 -1.339267 
19.700000 19.474000 -1.339109 
19.700000 19.574000 -1.338326 
19.700000 19.674000 -1.336966 
19.700000 19.774000 -1.335118 
19.700000 19.874000 -1.332899 
19.700000 19.974000 -1.330454 
19.700000 20.074000 -1.327944 
19.700000 20.174000 -1.325538 
19.700000 20.274000 -1.323398 
19.700000 20.374000 -1.321673 
19.700000 20.474000 -1.320481 
19.700000 20.574000 -1.319907 
19.700000 20.674000 -1.319990 
19.700000 20.774000 -1.320725 
19.700000 20.874000 -1.322059 
19.700000 20.974000 -1.323899 
19.700000 21.074000 -1.326117 
19.700000 21.174000 -1.328560 
19.700000 21.274000 -1.331063 
19.700000 21.374000 -1.333459 
19.700000 21.474000 -1.335589 
19.700000 21.574000 -1.337315 
19.700000 21.674000 -1.338526 
19.700000 21.774000 -1.339145 
19.700000 21.874000 -1.339132 
19.700000 21.974000 -1.338488 
19.700000 22.074000 -1.337253 
19.700000 22.174000 -1.335505 
19.700000 22.274000 -1.333355 
19.700000 22.374000 -1.330941 
19.700000 22.474000 -1.328423 
19.700000 22.574000 -1.325967 
19.700000 22.674000 -1.323739 
19.700000 22.774000 -1.321891 
19.700000 22.874000 -1.320551 
19.700000 22.974000 -1.319813 
19.800000 16.974000 -1.338202 
19.800000 17.074000 -1.337910 
19.800000 17.174000 -1.337021 
19.800000 17.274000 -1.335591 
19.800000 17.374000 -1.333712 
19.800000 17.474000 -1.331506 
19.800000 17.574000 -1.329116 
19.800000 17.674000 -1.326702 
19.800000 17.774000 -1.324426 
19.800000 17.874000 -1.322445 
19.800000 17.974000 -1.320895 
19.800000 18.074000 -1.319886 
19.800000 18.174000 -1.319488 
19.800000 18.274000 -1.319731 
19.800000 18.374000 -1.320598 
19.800000 18.474000 -1.322028 
19.800000 18.574000 -1.323921 
19.800000 18.674000 -1.326147 
19.800000 18.774000 -1.328552 
19.800000 18.874000 -1.330975 
19.800000 18.974000 -1.333256 
19.800000 19.074000 -1.335245 
19.800000 19.174000 -1.336813 
19.800000 19.274000 -1.337861 
19.800000 19.374000 -1.338323 
19.800000 19.474000 -1.338170 
19.800000 19.574000 -1.337412 
19.800000 19.674000 -1.336095 
19.800000 19.774000 -1.334305 
19.800000 19.874000 -1.332156 
19.800000 19.974000 -1.329787 
19.800000 20.074000 -1.327355 
19.800000 20.174000 -1.325022 
19.800000 20.274000 -1.322948 
19.800000 20.374000 -1.321274 
19.800000 20.474000 -1.320119 
19.800000 20.574000 -1.319562 
19.800000 20.674000 -1.319642 
19.800000 20.774000 -1.320355 
19.800000 20.874000 -1.321649 
19.800000 20.974000 -1.323433 
19.800000 21.074000 -1.325583 
19.800000 21.174000 -1.327951 
19.800000 21.274000 -1.330377 
19.800000 21.374000 -1.332697 
19.800000 21.474000 -1.334760 
19.800000 21.574000 -1.336431 
19.800000 21.674000 -1.337604 
19.800000 21.774000 -1.338203 
19.800000 21.874000 -1.338190 
19.800000 21.974000 -1.337566 
19.800000 22.074000 -1.336370 
19.800000 22.174000 -1.334676 
19.800000 22.274000 -1.332593 
19.800000 22.374000 -1.330255 
19.800000 22.474000 -1.327814 
19.800000 22.574000 -1.325433 
19.800000 22.674000 -1.323273 
19.800000 22.774000 -1.321481 
19.800000 22.874000 -1.320182 
19.800000 22.974000 -1.319465 
19.900000 16.974000 -1.336693 
19.900000 17.074000 -1.336418 
19.900000 17.174000 -1.335578 
19.900000 17.274000 -1.334227 
19.900000 17.374000 -1.332450 
19.900000 17.474000 -1.330362 
19.900000 17.574000 -1.328100 
19.900000 17.674000 -1.325814 
19.900000 17.774000 -1.323658 
19.900000 17.874000 -1.321780 
19.900000 17.974000 -1.320311 
19.900000 18.074000 -1.319354 
19.900000 18.174000 -1.318977 
19.900000 18.274000 -1.319208 
19.900000 18.374000 -1.320030 
19.900000 18.474000 -1.321387 
19.900000 18.574000 -1.323181 
19.900000 18.674000 -1.325290 
19.900000 18.774000 -1.327569 
19.900000 18.874000 -1.329864 
19.900000 18.974000 -1.332023 
19.900000 19.074000 -1.333904 
19.900000 19.174000 -1.335387 
19.900000 19.274000 -1.336379 
19.900000 19.374000 -1.336816 
19.900000 19.474000 -1.336671 
19.900000 19.574000 -1.335954 
19.900000 19.674000 -1.334709 
19.900000 19.774000 -1.333016 
19.900000 19.874000 -1.330982 
19.900000 19.974000 -1.328740 
19.900000 20.074000 -1.326436 
19.900000 20.174000 -1.324226 
19.900000 20.274000 -1.322260 
19.900000 20.374000 -1.320673 
19.900000 20.474000 -1.319577 
19.900000 20.574000 -1.319049 
19.900000 20.674000 -1.319125 
19.900000 20.774000 -1.319801 
19.900000 20.874000 -1.321028 
19.900000 20.974000 -1.322719 
19.900000 21.074000 -1.324757 
19.900000 21.174000 -1.327000 
19.900000 21.274000 -1.329297 
19.900000 21.374000 -1.331493 
19.900000 21.474000 -1.333444 
19.900000 21.574000 -1.335024 
19.900000 21.674000 -1.336132 
19.900000 21.774000 -1.336698 
19.900000 21.874000 -1.336685 
19.900000 21.974000 -1.336095 
19.900000 22.074000 -1.334963 
19.900000 22.174000 -1.333361 
19.900000 22.274000 -1.331389 
19.900000 22.374000 -1.329175 
19.900000 22.474000 -1.326863 
19.900000 22.574000 -1.324607 
19.900000 22.674000 -1.322560 
19.900000 22.774000 -1.320860 
19.900000 22.874000 -1.319628 
19.900000 22.974000 -1.318948 
20.000000 16.974000 -1.334714 
20.000000 17.074000 -1.334462 
20.000000 17.174000 -1.333691 
20.000000 17.274000 -1.332448 
20.000000 17.374000 -1.330813 
20.000000 17.474000 -1.328891 
20.000000 17.574000 -1.326807 
20.000000 17.674000 -1.324699 
20.000000 17.774000 -1.322709 
20.000000 17.874000 -1.320975 
20.000000 17.974000 -1.319618 
20.000000 18.074000 -1.318734 
20.000000 18.174000 -1.318386 
20.000000 18.274000 -1.318600 
20.000000 18.374000 -1.319360 
20.000000 18.474000 -1.320613 
20.000000 18.574000 -1.322271 
20.000000 18.674000 -1.324219 
20.000000 18.774000 -1.326321 
20.000000 18.874000 -1.328437 
20.000000 18.974000 -1.330426 
20.000000 19.074000 -1.332159 
20.000000 19.174000 -1.333524 
20.000000 19.274000 -1.334436 
20.000000 19.374000 -1.334838 
20.000000 19.474000 -1.334705 
20.000000 19.574000 -1.334046 
20.000000 19.674000 -1.332901 
20.000000 19.774000 -1.331342 
20.000000 19.874000 -1.329469 
20.000000 19.974000 -1.327402 
20.000000 20.074000 -1.325277 
20.000000 20.174000 -1.323238 
20.000000 20.274000 -1.321422 
20.000000 20.374000 -1.319956 
20.000000 20.474000 -1.318943 
20.000000 20.574000 -1.318454 
20.000000 20.674000 -1.318525 
20.000000 20.774000 -1.319150 
20.000000 20.874000 -1.320283 
20.000000 20.974000 -1.321846 
20.000000 21.074000 -1.323727 
20.000000 21.174000 -1.325796 
20.000000 21.274000 -1.327914 
20.000000 21.374000 -1.329937 
20.000000 21.474000 -1.331733 
20.000000 21.574000 -1.333186 
20.000000 21.674000 -1.334205 
20.000000 21.774000 -1.334724 
20.000000 21.874000 -1.334712 
20.000000 21.974000 -1.334168 
20.000000 22.074000 -1.333126 
20.000000 22.174000 -1.331650 
20.000000 22.274000 -1.329834 
20.000000 22.374000 -1.327793 
20.000000 22.474000 -1.325660 
20.000000 22.574000 -1.323578 
20.000000 22.674000 -1.321687 
20.000000 22.774000 -1.320117 
20.000000 22.874000 -1.318977 
20.000000 22.974000 -1.318348 
20.100000 16.974000 -1.332386 
20.100000 17.074000 -1.332164 
20.100000 17.174000 -1.331479 
20.100000 17.274000 -1.330375 
20.100000 17.374000 -1.328921 
20.100000 17.474000 -1.327209 
20.100000 17.574000 -1.325350 
20.100000 17.674000 -1.323468 
20.100000 17.774000 -1.321690 
20.100000 17.874000 -1.320139 
20.100000 17.974000 -1.318925 
20.100000 18.074000 -1.318133 
20.100000 18.174000 -1.317822 
20.100000 18.274000 -1.318014 
20.100000 18.374000 -1.318695 
20.100000 18.474000 -1.319818 
20.100000 18.574000 -1.321302 
20.100000 18.674000 -1.323044 
20.100000 18.774000 -1.324923 
20.100000 18.874000 -1.326811 
20.100000 18.974000 -1.328585 
20.100000 19.074000 -1.330128 
20.100000 19.174000 -1.331344 
20.100000 19.274000 -1.332155 
20.100000 19.374000 -1.332513 
20.100000 19.474000 -1.332395 
20.100000 19.574000 -1.331808 
20.100000 19.674000 -1.330790 
20.100000 19.774000 -1.329402 
20.100000 19.874000 -1.327733 
20.100000 19.974000 -1.325889 
20.100000 20.074000 -1.323992 
20.100000 20.174000 -1.322169 
20.100000 20.274000 -1.320544 
20.100000 20.374000 -1.319232 
20.100000 20.474000 -1.318324 
20.100000 20.574000 -1.317886 
20.100000 20.674000 -1.317950 
20.100000 20.774000 -1.318509 
20.100000 20.874000 -1.319525 
20.100000 20.974000 -1.320923 
20.100000 21.074000 -1.322605 
20.100000 21.174000 -1.324454 
20.100000 21.274000 -1.326343 
20.100000 21.374000 -1.328146 
20.100000 21.474000 -1.329745 
20.100000 21.574000 -1.331038 
20.100000 21.674000 -1.331943 
20.100000 21.774000 -1.332404 
20.100000 21.874000 -1.332391 
20.100000 21.974000 -1.331906 
20.100000 22.074000 -1.330978 
20.100000 22.174000 -1.329663 
20.100000 22.274000 -1.328044 
20.100000 22.374000 -1.326223 
20.100000 22.474000 -1.324318 
20.100000 22.574000 -1.322457 
20.100000 22.674000 -1.320765 
20.100000 22.774000 -1.319358 
20.100000 22.874000 -1.318337 
20.100000 22.974000 -1.317773 
20.200000 16.974000 -1.329850 
20.200000 17.074000 -1.329663 
20.200000 17.174000 -1.329083 
20.200000 17.274000 -1.328144 
20.200000 17.374000 -1.326906 
20.200000 17.474000 -1.325446 
20.200000 17.574000 -1.323858 
20.200000 17.674000 -1.322248 
20.200000 17.774000 -1.320724 
20.200000 17.874000 -1.319393 
20.200000 17.974000 -1.318349 
20.200000 18.074000 -1.317669 
20.200000 18.174000 -1.317401 
20.200000 18.274000 -1.317567 
20.200000 18.374000 -1.318154 
20.200000 18.474000 -1.319120 
20.200000 18.574000 -1.320395 
20.200000 18.674000 -1.321890 
20.200000 18.774000 -1.323500 
20.200000 18.874000 -1.325116 
20.200000 18.974000 -1.326632 
20.200000 19.074000 -1.327949 
20.200000 19.174000 -1.328985 
20.200000 19.274000 -1.329675 
20.200000 19.374000 -1.329980 
20.200000 19.474000 -1.329880 
20.200000 19.574000 -1.329381 
20.200000 19.674000 -1.328514 
20.200000 19.774000 -1.327331 
20.200000 19.874000 -1.325906 
20.200000 19.974000 -1.324330 
20.200000 20.074000 -1.322706 
20.200000 20.174000 -1.321142 
20.200000 20.274000 -1.319748 
20.200000 20.374000 -1.318619 
20.200000 20.474000 -1.317838 
20.200000 20.574000 -1.317461 
20.200000 20.674000 -1.317516 
20.200000 20.774000 -1.317997 
20.200000 20.874000 -1.318870 
20.200000 20.974000 -1.320071 
20.200000 21.074000 -1.321515 
20.200000 21.174000 -1.323098 
20.200000 21.274000 -1.324714 
20.200000 21.374000 -1.326254 
20.200000 21.474000 -1.327617 
20.200000 21.574000 -1.328718 
20.200000 21.674000 -1.329486 
20.200000 21.774000 -1.329877 
20.200000 21.874000 -1.329864 
20.200000 21.974000 -1.329450 
20.200000 22.074000 -1.328658 
20.200000 22.174000 -1.327536 
20.200000 22.274000 -1.326153 
20.200000 22.374000 -1.324595 
20.200000 22.474000 -1.322964 
20.200000 22.574000 -1.321368 
20.200000 22.674000 -1.319914 
20.200000 22.774000 -1.318705 
20.200000 22.874000 -1.317826 
20.200000 22.974000 -1.317340 
20.300000 16.974000 -1.327256 
20.300000 17.074000 -1.327110 
20.300000 17.174000 -1.326649 
20.300000 17.274000 -1.325900 
20.300000 17.374000 -1.324910 
20.300000 17.474000 -1.323739 
20.300000 17.574000 -1.322462 
20.300000 17.674000 -1.321164 
20.300000 17.774000 -1.319932 
20.300000 17.874000 -1.318853 
20.300000 17.974000 -1.318006 
20.300000 18.074000 -1.317454 
20.300000 18.174000 -1.317237 
20.300000 18.274000 -1.317372 
20.300000 18.374000 -1.317851 
20.300000 18.474000 -1.318636 
20.300000 18.574000 -1.319672 
20.300000 18.674000 -1.320883 
20.300000 18.774000 -1.322185 
20.300000 18.874000 -1.323488 
20.300000 18.974000 -1.324707 
20.300000 19.074000 -1.325764 
20.300000 19.174000 -1.326593 
20.300000 19.274000 -1.327146 
20.300000 19.374000 -1.327389 
20.300000 19.474000 -1.327310 
20.300000 19.574000 -1.326911 
20.300000 19.674000 -1.326218 
20.300000 19.774000 -1.325270 
20.300000 19.874000 -1.324126 
20.300000 19.974000 -1.322857 
20.300000 20.074000 -1.321546 
20.300000 20.174000 -1.320282 
20.300000 20.274000 -1.319151 
20.300000 20.374000 -1.318234 
20.300000 20.474000 -1.317599 
20.300000 20.574000 -1.317292 
20.300000 20.674000 -1.317336 
20.300000 20.774000 -1.317728 
20.300000 20.874000 -1.318437 
20.300000 20.974000 -1.319412 
20.300000 21.074000 -1.320580 
20.300000 21.174000 -1.321860 
20.300000 21.274000 -1.323162 
20.300000 21.374000 -1.324399 
20.300000 21.474000 -1.325491 
20.300000 21.574000 -1.326370 
20.300000 21.674000 -1.326983 
20.300000 21.774000 -1.327292 
20.300000 21.874000 -1.327280 
20.300000 21.974000 -1.326947 
20.300000 22.074000 -1.326312 
20.300000 22.174000 -1.325411 
20.300000 22.274000 -1.324299 
20.300000 22.374000 -1.323044 
20.300000 22.474000 -1.321727 
20.300000 22.574000 -1.320435 
20.300000 22.674000 -1.319256 
20.300000 22.774000 -1.318273 
20.300000 22.874000 -1.317557 
20.300000 22.974000 -1.317161 
20.400000 16.974000 -1.324751 
20.400000 17.074000 -1.324649 
20.400000 17.174000 -1.324321 
20.400000 17.274000 -1.323783 
20.400000 17.374000 -1.323068 
20.400000 17.474000 -1.322217 
20.400000 17.574000 -1.321285 
20.400000 17.674000 -1.320332 
20.400000 17.774000 -1.319424 
20.400000 17.874000 -1.318626 
20.400000 17.974000 -1.317997 
20.400000 18.074000 -1.317586 
20.400000 18.174000 -1.317426 
20.400000 18.274000 -1.317528 
20.400000 18.374000 -1.317885 
20.400000 18.474000 -1.318471 
20.400000 18.574000 -1.319241 
20.400000 18.674000 -1.320137 
20.400000 18.774000 -1.321096 
20.400000 18.874000 -1.322052 
20.400000 18.974000 -1.322943 
20.400000 19.074000 -1.323711 
20.400000 19.174000 -1.324313 
20.400000 19.274000 -1.324712 
20.400000 19.374000 -1.324888 
20.400000 19.474000 -1.324831 
20.400000 19.574000 -1.324544 
20.400000 19.674000 -1.324043 
20.400000 19.774000 -1.323355 
20.400000 19.874000 -1.322522 
20.400000 19.974000 -1.321594 
20.400000 20.074000 -1.320631 
20.400000 20.174000 -1.319697 
20.400000 20.274000 -1.318859 
20.400000 20.374000 -1.318178 
20.400000 20.474000 -1.317705 
20.400000 20.574000 -1.317476 
20.400000 20.674000 -1.317508 
20.400000 20.774000 -1.317800 
20.400000 20.874000 -1.318328 
20.400000 20.974000 -1.319051 
20.400000 21.074000 -1.319915 
20.400000 21.174000 -1.320856 
20.400000 21.274000 -1.321810 
20.400000 21.374000 -1.322712 
20.400000 21.474000 -1.323504 
20.400000 21.574000 -1.324139 
20.400000 21.674000 -1.324578 
20.400000 21.774000 -1.324798 
20.400000 21.874000 -1.324787 
20.400000 21.974000 -1.324543 
20.400000 22.074000 -1.324081 
20.400000 22.174000 -1.323425 
20.400000 22.274000 -1.322613 
20.400000 22.374000 -1.321694 
20.400000 22.474000 -1.320725 
20.400000 22.574000 -1.319770 
20.400000 22.674000 -1.318896 
20.400000 22.774000 -1.318164 
20.400000 22.874000 -1.317630 
20.400000 22.974000 -1.317333 
20.500000 16.974000 -1.322469 
20.500000 17.074000 -1.322415 
20.500000 17.174000 -1.322229 
20.500000 17.274000 -1.321917 
20.500000 17.374000 -1.321497 
20.500000 17.474000 -1.320990 
20.500000 17.574000 -1.320428 
20.500000 17.674000 -1.319847 
20.500000 17.774000 -1.319287 
20.500000 17.874000 -1.318790 
20.500000 17.974000 -1.318397 
20.500000 18.074000 -1.318138 
20.500000 18.174000 -1.318038 
20.500000 18.274000 -1.318104 
20.500000 18.374000 -1.318332 
20.500000 18.474000 -1.318702 
20.500000 18.574000 -1.319186 
20.500000 18.674000 -1.319744 
20.500000 18.774000 -1.320335 
20.500000 18.874000 -1.320919 
20.500000 18.974000 -1.321456 
20.500000 19.074000 -1.321916 
20.500000 19.174000 -1.322272 
20.500000 19.274000 -1.322507 
20.500000 19.374000 -1.322611 
20.500000 19.474000 -1.322578 
20.500000 19.574000 -1.322410 
20.500000 19.674000 -1.322115 
20.500000 19.774000 -1.321707 
20.500000 19.874000 -1.321208 
20.500000 19.974000 -1.320646 
20.500000 20.074000 -1.320056 
20.500000 20.174000 -1.319479 
20.500000 20.274000 -1.318956 
20.500000 20.374000 -1.318527 
20.500000 20.474000 -1.318228 
20.500000 20.574000 -1.318082 
20.500000 20.674000 -1.318102 
20.500000 20.774000 -1.318286 
20.500000 20.874000 -1.318619 
20.500000 20.974000 -1.319071 
20.500000 21.074000 -1.319608 
20.500000 21.174000 -1.320187 
20.500000 21.274000 -1.320767 
20.500000 21.374000 -1.321308 
20.500000 21.474000 -1.321778 
20.500000 21.574000 -1.322150 
20.500000 21.674000 -1.322404 
20.500000 21.774000 -1.322528 
20.500000 21.874000 -1.322517 
20.500000 21.974000 -1.322370 
20.500000 22.074000 -1.322093 
20.500000 22.174000 -1.321701 
20.500000 22.274000 -1.321211 
20.500000 22.374000 -1.320652 
20.500000 22.474000 -1.320057 
20.500000 22.574000 -1.319465 
20.500000 22.674000 -1.318918 
20.500000 22.774000 -1.318457 
20.500000 22.874000 -1.318118 
20.500000 22.974000 -1.317928 
20.600000 16.974000 -1.320521 
20.600000 17.074000 -1.320518 
20.600000 17.174000 -1.320479 
20.600000 17.274000 -1.320403 
20.600000 17.374000 -1.320290 
20.600000 17.474000 -1.320142 
20.600000 17.574000 -1.319966 
20.600000 17.674000 -1.319772 
20.600000 17.774000 -1.319576 
20.600000 17.874000 -1.319394 
20.600000 17.974000 -1.319246 
20.600000 18.074000 -1.319147 
20.600000 18.174000 -1.319110 
20.600000 18.274000 -1.319138 
20.600000 18.374000 -1.319230 
20.600000 18.474000 -1.319376 
20.600000 18.574000 -1.319561 
20.600000 18.674000 -1.319766 
20.600000 18.774000 -1.319974 
20.600000 18.874000 -1.320168 
20.600000 18.974000 -1.320338 
20.600000 19.074000 -1.320475 
20.600000 19.174000 -1.320576 
20.600000 19.274000 -1.320640 
20.600000 19.374000 -1.320668 
20.600000 19.474000 -1.320661 
20.600000 19.574000 -1.320617 
20.600000 19.674000 -1.320537 
20.600000 19.774000 -1.320421 
20.600000 19.874000 -1.320269 
20.600000 19.974000 -1.320089 
20.600000 20.074000 -1.319888 
20.600000 20.174000 -1.319683 
20.600000 20.274000 -1.319488 
20.600000 20.374000 -1.319324 
20.600000 20.474000 -1.319206 
20.600000 20.574000 -1.319148 
20.600000 20.674000 -1.319155 
20.600000 20.774000 -1.319227 
20.600000 20.874000 -1.319355 
20.600000 20.974000 -1.319525 
20.600000 21.074000 -1.319720 
20.600000 21.174000 -1.319920 
20.600000 21.274000 -1.320110 
20.600000 21.374000 -1.320276 
20.600000 21.474000 -1.320410 
20.600000 21.574000 -1.320508 
20.600000 21.674000 -1.320569 
20.600000 21.774000 -1.320593 
20.600000 21.874000 -1.320582 
20.600000 21.974000 -1.320535 
20.600000 22.074000 -1.320452 
20.600000 22.174000 -1.320334 
20.600000 22.274000 -1.320181 
20.600000 22.374000 -1.319998 
20.600000 22.474000 -1.319793 
20.600000 22.574000 -1.319579 
20.600000 22.674000 -1.319374 
20.600000 22.774000 -1.319195 
20.600000 22.874000 -1.319059 
20.600000 22.974000 -1.318981 
20.700000 16.974000 -1.318987 
20.700000 17.074000 -1.319035 
20.700000 17.174000 -1.319146 
20.700000 17.274000 -1.319308 
20.700000 17.374000 -1.319507 
20.700000 17.474000 -1.319723 
20.700000 17.574000 -1.319938 
20.700000 17.674000 -1.320137 
20.700000 17.774000 -1.320310 
20.700000 17.874000 -1.320447 
20.700000 17.974000 -1.320548 
20.700000 18.074000 -1.320611 
20.700000 18.174000 -1.320638 
20.700000 18.274000 -1.320629 
20.700000 18.374000 -1.320583 
20.700000 18.474000 -1.320501 
20.700000 18.574000 -1.320382 
20.700000 18.674000 -1.320229 
20.700000 18.774000 -1.320047 
20.700000 18.874000 -1.319848 
20.700000 18.974000 -1.319644 
20.700000 19.074000 -1.319455 
20.700000 19.174000 -1.319297 
20.700000 19.274000 -1.319188 
20.700000 19.374000 -1.319140 
20.700000 19.474000 -1.319158 
20.700000 19.574000 -1.319240 
20.700000 19.674000 -1.319378 
20.700000 19.774000 -1.319557 
20.700000 19.874000 -1.319758 
20.700000 19.974000 -1.319964 
20.700000 20.074000 -1.320159 
20.700000 20.174000 -1.320330 
20.700000 20.274000 -1.320469 
20.700000 20.374000 -1.320573 
20.700000 20.474000 -1.320639 
20.700000 20.574000 -1.320670 
20.700000 20.674000 -1.320664 
20.700000 20.774000 -1.320622 
20.700000 20.874000 -1.320543 
20.700000 20.974000 -1.320426 
20.700000 21.074000 -1.320274 
20.700000 21.174000 -1.320090 
20.700000 21.274000 -1.319884 
20.700000 21.374000 -1.319670 
20.700000 21.474000 -1.319463 
20.700000 21.574000 -1.319284 
20.700000 21.674000 -1.319149 
20.700000 21.774000 -1.319072 
20.700000 21.874000 -1.319061 
20.700000 21.974000 -1.319116 
20.700000 22.074000 -1.319230 
20.700000 22.174000 -1.319389 
20.700000 22.274000 -1.319576 
20.700000 22.374000 -1.319774 
20.700000 22.474000 -1.319965 
20.700000 22.574000 -1.320136 
20.700000 22.674000 -1.320277 
20.700000 22.774000 -1.320384 
20.700000 22.874000 -1.320455 
20.700000 22.974000 -1.320491 
20.800000 16.974000 -1.317910 
20.800000 17.074000 -1.318008 
20.800000 17.174000 -1.318266 
20.800000 17.274000 -1.318664 
20.800000 17.374000 -1.319169 
20.800000 17.474000 -1.319743 
20.800000 17.574000 -1.320345 
20.800000 17.674000 -1.320932 
20.800000 17.774000 -1.321468 
20.800000 17.874000 -1.321921 
20.800000 17.974000 -1.322267 
20.800000 18.074000 -1.322491 
20.800000 18.174000 -1.322581 
20.800000 18.274000 -1.322534 
20.800000 18.374000 -1.322352 
20.800000 18.474000 -1.322045 
20.800000 18.574000 -1.321626 
20.800000 18.674000 -1.321120 
20.800000 18.774000 -1.320554 
20.800000 18.874000 -1.319966 
20.800000 18.974000 -1.319395 
20.800000 19.074000 -1.318884 
20.800000 19.174000 -1.318471 
20.800000 19.274000 -1.318192 
20.800000 19.374000 -1.318068 
20.800000 19.474000 -1.318111 
20.800000 19.574000 -1.318318 
20.800000 19.674000 -1.318670 
20.800000 19.774000 -1.319139 
20.800000 19.874000 -1.319688 
20.800000 19.974000 -1.320276 
20.800000 20.074000 -1.320860 
20.800000 20.174000 -1.321403 
20.800000 20.274000 -1.321871 
20.800000 20.374000 -1.322239 
20.800000 20.474000 -1.322488 
20.800000 20.574000 -1.322606 
20.800000 20.674000 -1.322587 
20.800000 20.774000 -1.322433 
20.800000 20.874000 -1.322149 
20.800000 20.974000 -1.321750 
20.800000 21.074000 -1.321255 
20.800000 21.174000 -1.320692 
20.800000 21.274000 -1.320096 
20.800000 21.374000 -1.319506 
20.800000 21.474000 -1.318964 
20.800000 21.574000 -1.318512 
20.800000 21.674000 -1.318184 
20.800000 21.774000 -1.318008 
20.800000 21.874000 -1.317997 
20.800000 21.974000 -1.318152 
20.800000 22.074000 -1.318459 
20.800000 22.174000 -1.318892 
20.800000 22.274000 -1.319415 
20.800000 22.374000 -1.319988 
20.800000 22.474000 -1.320569 
20.800000 22.574000 -1.321119 
20.800000 22.674000 -1.321602 
20.800000 22.774000 -1.321992 
20.800000 22.874000 -1.322267 
20.800000 22.974000 -1.322415 
20.900000 16.974000 -1.317293 
20.900000 17.074000 -1.317438 
20.900000 17.174000 -1.317838 
20.900000 17.274000 -1.318460 
20.900000 17.374000 -1.319259 
20.900000 17.474000 -1.320177 
20.900000 17.574000 -1.321148 
20.900000 17.674000 -1.322107 
20.900000 17.774000 -1.322992 
20.900000 17.874000 -1.323747 
20.900000 17.974000 -1.324330 
20.900000 18.074000 -1.324707 
20.900000 18.174000 -1.324857 
20.900000 18.274000 -1.324774 
20.900000 18.374000 -1.324462 
20.900000 18.474000 -1.323939 
20.900000 18.574000 -1.323233 
20.900000 18.674000 -1.322388 
20.900000 18.774000 -1.321454 
20.900000 18.874000 -1.320494 
20.900000 18.974000 -1.319571 
20.900000 19.074000 -1.318751 
20.900000 19.174000 -1.318095 
20.900000 19.274000 -1.317652 
20.900000 19.374000 -1.317456 
20.900000 19.474000 -1.317523 
20.900000 19.574000 -1.317848 
20.900000 19.674000 -1.318406 
20.900000 19.774000 -1.319154 
20.900000 19.874000 -1.320036 
20.900000 19.974000 -1.320989 
20.900000 20.074000 -1.321947 
20.900000 20.174000 -1.322846 
20.900000 20.274000 -1.323630 
20.900000 20.374000 -1.324252 
20.900000 20.474000 -1.324675 
20.900000 20.574000 -1.324877 
20.900000 20.674000 -1.324846 
20.900000 20.774000 -1.324583 
20.900000 20.874000 -1.324103 
20.900000 20.974000 -1.323432 
20.900000 21.074000 -1.322609 
20.900000 21.174000 -1.321683 
20.900000 21.274000 -1.320713 
20.900000 21.374000 -1.319763 
20.900000 21.474000 -1.318900 
20.900000 21.574000 -1.318186 
20.900000 21.674000 -1.317674 
20.900000 21.774000 -1.317402 
20.900000 21.874000 -1.317392 
20.900000 21.974000 -1.317642 
20.900000 22.074000 -1.318134 
20.900000 22.174000 -1.318829 
20.900000 22.274000 -1.319674 
20.900000 22.374000 -1.320607 
20.900000 22.474000 -1.321562 
20.900000 22.574000 -1.322475 
20.900000 22.674000 -1.323287 
20.900000 22.774000 -1.323948 
20.900000 22.874000 -1.324419 
20.900000 22.974000 -1.324674 
21.000000 16.974000 -1.317099 
21.000000 17.074000 -1.317289 
21.000000 17.174000 -1.317819 
21.000000 17.274000 -1.318651 
21.000000 17.374000 -1.319723 
21.000000 17.474000 -1.320960 
21.000000 17.574000 -1.322276 
21.000000 17.674000 -1.323581 
21.000000 17.774000 -1.324790 
21.000000 17.874000 -1.325828 
21.000000 17.974000 -1.326630 
21.000000 18.074000 -1.327150 
21.000000 18.174000 -1.327358 
21.000000 18.274000 -1.327241 
21.000000 18.374000 -1.326807 
21.000000 18.474000 -1.326082 
21.000000 18.574000 -1.325109 
21.000000 18.674000 -1.323948 
21.000000 18.774000 -1.322672 
21.000000 18.874000 -1.321365 
21.000000 18.974000 -1.320114 
21.000000 19.074000 -1.319007 
21.000000 19.174000 -1.318124 
21.000000 19.274000 -1.317530 
21.000000 19.374000 -1.317267 
21.000000 19.474000 -1.317357 
21.000000 19.574000 -1.317792 
21.000000 19.674000 -1.318541 
21.000000 19.774000 -1.319547 
21.000000 19.874000 -1.320739 
21.000000 19.974000 -1.322032 
21.000000 20.074000 -1.323338 
21.000000 20.174000 -1.324569 
21.000000 20.274000 -1.325647 
21.000000 20.374000 -1.326505 
21.000000 20.474000 -1.327092 
21.000000 20.574000 -1.327372 
21.000000 20.674000 -1.327329 
21.000000 20.774000 -1.326965 
21.000000 20.874000 -1.326302 
21.000000 20.974000 -1.325378 
21.000000 21.074000 -1.324249 
21.000000 21.174000 -1.322984 
21.000000 21.274000 -1.321666 
21.000000 21.374000 -1.320382 
21.000000 21.474000 -1.319221 
21.000000 21.574000 -1.318263 
21.000000 21.674000 -1.317579 
21.000000 21.774000 -1.317219 
21.000000 21.874000 -1.317209 
21.000000 21.974000 -1.317549 
21.000000 22.074000 -1.318213 
21.000000 22.174000 -1.319151 
21.000000 22.274000 -1.320295 
21.000000 22.374000 -1.321563 
21.000000 22.474000 -1.322866 
21.000000 22.574000 -1.324117 
21.000000 22.674000 -1.325235 
21.000000 22.774000 -1.326148 
21.000000 22.874000 -1.326802 
21.000000 22.974000 -1.327157 
21.100000 16.974000 -1.317258 
21.100000 17.074000 -1.317488 
21.100000 17.174000 -1.318137 
21.100000 17.274000 -1.319157 
21.100000 17.374000 -1.320475 
21.100000 17.474000 -1.322000 
21.100000 17.574000 -1.323626 
21.100000 17.674000 -1.325243 
21.100000 17.774000 -1.326746 
21.100000 17.874000 -1.328038 
21.100000 17.974000 -1.329039 
21.100000 18.074000 -1.329688 
21.100000 18.174000 -1.329947 
21.100000 18.274000 -1.329800 
21.100000 18.374000 -1.329257 
21.100000 18.474000 -1.328350 
21.100000 18.574000 -1.327135 
21.100000 18.674000 -1.325689 
21.100000 18.774000 -1.324104 
21.100000 18.874000 -1.322484 
21.100000 18.974000 -1.320938 
21.100000 19.074000 -1.319573 
21.100000 19.174000 -1.318485 
21.100000 19.274000 -1.317754 
21.100000 19.374000 -1.317431 
21.100000 19.474000 -1.317541 
21.100000 19.574000 -1.318076 
21.100000 19.674000 -1.318996 
21.100000 19.774000 -1.320236 
21.100000 19.874000 -1.321707 
21.100000 19.974000 -1.323307 
21.100000 20.074000 -1.324926 
21.100000 20.174000 -1.326456 
21.100000 20.274000 -1.327800 
21.100000 20.374000 -1.328872 
21.100000 20.474000 -1.329605 
21.100000 20.574000 -1.329956 
21.100000 20.674000 -1.329903 
21.100000 20.774000 -1.329448 
21.100000 20.874000 -1.328620 
21.100000 20.974000 -1.327467 
21.100000 21.074000 -1.326062 
21.100000 21.174000 -1.324492 
21.100000 21.274000 -1.322860 
21.100000 21.374000 -1.321274 
21.100000 21.474000 -1.319843 
21.100000 21.574000 -1.318667 
21.100000 21.674000 -1.317828 
21.100000 21.774000 -1.317388 
21.100000 21.874000 -1.317378 
21.100000 21.974000 -1.317799 
21.100000 22.074000 -1.318618 
21.100000 22.174000 -1.319776 
21.100000 22.274000 -1.321189 
21.100000 22.374000 -1.322759 
21.100000 22.474000 -1.324376 
21.100000 22.574000 -1.325932 
21.100000 22.674000 -1.327326 
21.100000 22.774000 -1.328467 
21.100000 22.874000 -1.329286 
21.100000 22.974000 -1.329732 
21.200000 16.974000 -1.317674 
21.200000 17.074000 -1.317939 
21.200000 17.174000 -1.318690 
21.200000 17.274000 -1.319874 
21.200000 17.374000 -1.321407 
21.200000 17.474000 -1.323182 
21.200000 17.574000 -1.325078 
21.200000 17.674000 -1.326967 
21.200000 17.774000 -1.328725 
21.200000 17.874000 -1.330239 
21.200000 17.974000 -1.331413 
21.200000 18.074000 -1.332175 
21.200000 18.174000 -1.332478 
21.200000 18.274000 -1.332305 
21.200000 18.374000 -1.331665 
21.200000 18.474000 -1.330600 
21.200000 18.574000 -1.329175 
21.200000 18.674000 -1.327481 
21.200000 18.774000 -1.325627 
21.200000 18.874000 -1.323734 
21.200000 18.974000 -1.321931 
21.200000 19.074000 -1.320342 
21.200000 19.174000 -1.319077 
21.200000 19.274000 -1.318226 
21.200000 19.374000 -1.317851 
21.200000 19.474000 -1.317978 
21.200000 19.574000 -1.318600 
21.200000 19.674000 -1.319670 
21.200000 19.774000 -1.321113 
21.200000 19.874000 -1.322826 
21.200000 19.974000 -1.324693 
21.200000 20.074000 -1.326585 
21.200000 20.174000 -1.328376 
21.200000 20.274000 -1.329951 
21.200000 20.374000 -1.331209 
21.200000 20.474000 -1.332070 
21.200000 20.574000 -1.332483 
21.200000 20.674000 -1.332420 
21.200000 20.774000 -1.331886 
21.200000 20.874000 -1.330914 
21.200000 20.974000 -1.329562 
21.200000 21.074000 -1.327916 
21.200000 21.174000 -1.326081 
21.200000 21.274000 -1.324175 
21.200000 21.374000 -1.322327 
21.200000 21.474000 -1.320662 
21.200000 21.574000 -1.319295 
21.200000 21.674000 -1.318322 
21.200000 21.774000 -1.317813 
21.200000 21.874000 -1.317803 
21.200000 21.974000 -1.318293 
21.200000 22.074000 -1.319247 
21.200000 22.174000 -1.320596 
21.200000 22.274000 -1.322244 
21.200000 22.374000 -1.324076 
21.200000 22.474000 -1.325967 
21.200000 22.574000 -1.327789 
21.200000 22.674000 -1.329422 
21.200000 22.774000 -1.330763 
21.200000 22.874000 -1.331725 
21.200000 22.974000 -1.332250 
21.300000 16.974000 -1.318233 
21.300000 17.074000 -1.318527 
21.300000 17.174000 -1.319364 
21.300000 17.274000 -1.320684 
21.300000 17.374000 -1.322396 
21.300000 17.474000 -1.324380 
21.300000 17.574000 -1.326501 
21.300000 17.674000 -1.328616 
21.300000 17.774000 -1.330587 
21.300000 17.874000 -1.332286 
21.300000 17.974000 -1.333605 
21.300000 18.074000 -1.334461 
21.300000 18.174000 -1.334801 
21.300000 18.274000 -1.334606 
21.300000 18.374000 -1.333887 
21.300000 18.474000 -1.332689 
21.300000 18.574000 -1.331089 
21.300000 18.674000 -1.329188 
21.300000 18.774000 -1.327109 
21.300000 18.874000 -1.324990 
21.300000 18.974000 -1.322972 
21.300000 19.074000 -1.321195 
21.300000 19.174000 -1.319782 
21.300000 19.274000 -1.318833 
21.300000 19.374000 -1.318414 
21.300000 19.474000 -1.318556 
21.300000 19.574000 -1.319249 
21.300000 19.674000 -1.320444 
21.300000 19.774000 -1.322056 
21.300000 19.874000 -1.323972 
21.300000 19.974000 -1.326061 
21.300000 20.074000 -1.328180 
21.300000 20.174000 -1.330189 
21.300000 20.274000 -1.331957 
21.300000 20.374000 -1.333370 
21.300000 20.474000 -1.334339 
21.300000 20.574000 -1.334802 
21.300000 20.674000 -1.334732 
21.300000 20.774000 -1.334132 
21.300000 20.874000 -1.333039 
21.300000 20.974000 -1.331522 
21.300000 21.074000 -1.329675 
21.300000 21.174000 -1.327618 
21.300000 21.274000 -1.325484 
21.300000 21.374000 -1.323418 
21.300000 21.474000 -1.321557 
21.300000 21.574000 -1.320031 
21.300000 21.674000 -1.318946 
21.300000 21.774000 -1.318379 
21.300000 21.874000 -1.318370 
21.300000 21.974000 -1.318918 
21.300000 22.074000 -1.319984 
21.300000 22.174000 -1.321492 
21.300000 22.274000 -1.323336 
21.300000 22.374000 -1.325387 
21.300000 22.474000 -1.327505 
21.300000 22.574000 -1.329549 
21.300000 22.674000 -1.331383 
21.300000 22.774000 -1.332889 
21.300000 22.874000 -1.333972 
21.300000 22.974000 -1.334562 
21.400000 16.974000 -1.318820 
21.400000 17.074000 -1.319137 
21.400000 17.174000 -1.320041 
21.400000 17.274000 -1.321468 
21.400000 17.374000 -1.323320 
21.400000 17.474000 -1.325468 
21.400000 17.574000 -1.327766 
21.400000 17.674000 -1.330061 
21.400000 17.774000 -1.332199 
21.400000 17.874000 -1.334044 
21.400000 17.974000 -1.335476 
21.400000 18.074000 -1.336406 
21.400000 18.174000 -1.336776 
21.400000 18.274000 -1.336563 
21.400000 18.374000 -1.335781 
21.400000 18.474000 -1.334480 
21.400000 18.574000 -1.332741 
21.400000 18.674000 -1.330677 
21.400000 18.774000 -1.328421 
21.400000 18.874000 -1.326123 
21.400000 18.974000 -1.323938 
21.400000 19.074000 -1.322014 
21.400000 19.174000 -1.320484 
21.400000 19.274000 -1.319456 
21.400000 19.374000 -1.319003 
21.400000 19.474000 -1.319157 
21.400000 19.574000 -1.319907 
21.400000 19.674000 -1.321199 
21.400000 19.774000 -1.322944 
21.400000 19.874000 -1.325020 
21.400000 19.974000 -1.327283 
21.400000 20.074000 -1.329582 
21.400000 20.174000 -1.331762 
21.400000 20.274000 -1.333682 
21.400000 20.374000 -1.335217 
21.400000 20.474000 -1.336270 
21.400000 20.574000 -1.336774 
21.400000 20.674000 -1.336698 
21.400000 20.774000 -1.336046 
21.400000 20.874000 -1.334858 
21.400000 20.974000 -1.333210 
21.400000 21.074000 -1.331205 
21.400000 21.174000 -1.328973 
21.400000 21.274000 -1.326661 
21.400000 21.374000 -1.324422 
21.400000 21.474000 -1.322407 
21.400000 21.574000 -1.320757 
21.400000 21.674000 -1.319584 
21.400000 21.774000 -1.318972 
21.400000 21.874000 -1.318962 
21.400000 21.974000 -1.319556 
21.400000 22.074000 -1.320711 
21.400000 22.174000 -1.322344 
21.400000 22.274000 -1.324341 
21.400000 22.374000 -1.326565 
21.400000 22.474000 -1.328862 
21.400000 22.574000 -1.331080 
21.400000 22.674000 -1.333072 
21.400000 22.774000 -1.334709 
21.400000 22.874000 -1.335886 
21.400000 22.974000 -1.336528 
21.500000 16.974000 -1.319326 
21.500000 17.074000 -1.319660 
21.500000 17.174000 -1.320612 
21.500000 17.274000 -1.322116 
21.500000 17.374000 -1.324069 
21.500000 17.474000 -1.326335 
21.500000 17.574000 -1.328761 
21.500000 17.674000 -1.331183 
21.500000 17.774000 -1.333443 
21.500000 17.874000 -1.335392 
21.500000 17.974000 -1.336906 
21.500000 18.074000 -1.337889 
21.500000 18.174000 -1.338281 
21.500000 18.274000 -1.338055 
21.500000 18.374000 -1.337228 
21.500000 18.474000 -1.335852 
21.500000 18.574000 -1.334013 
21.500000 18.674000 -1.331832 
21.500000 18.774000 -1.329449 
21.500000 18.874000 -1.327023 
21.500000 18.974000 -1.324716 
21.500000 19.074000 -1.322686 
21.500000 19.174000 -1.321073 
21.500000 19.274000 -1.319990 
21.500000 19.374000 -1.319512 
21.500000 19.474000 -1.319674 
21.500000 19.574000 -1.320464 
21.500000 19.674000 -1.321827 
21.500000 19.774000 -1.323667 
21.500000 19.874000 -1.325857 
21.500000 19.974000 -1.328247 
21.500000 20.074000 -1.330674 
21.500000 20.174000 -1.332978 
21.500000 20.274000 -1.335007 
21.500000 20.374000 -1.336630 
21.500000 20.474000 -1.337743 
21.500000 20.574000 -1.338277 
21.500000 20.674000 -1.338196 
21.500000 20.774000 -1.337506 
21.500000 20.874000 -1.336250 
21.500000 20.974000 -1.334508 
21.500000 21.074000 -1.332389 
21.500000 21.174000 -1.330032 
21.500000 21.274000 -1.327591 
21.500000 21.374000 -1.325228 
21.500000 21.474000 -1.323104 
21.500000 21.574000 -1.321363 
21.500000 21.674000 -1.320127 
21.500000 21.774000 -1.319482 
21.500000 21.874000 -1.319473 
21.500000 21.974000 -1.320100 
21.500000 22.074000 -1.321318 
21.500000 22.174000 -1.323041 
21.500000 22.274000 -1.325149 
21.500000 22.374000 -1.327496 
21.500000 22.474000 -1.329922 
21.500000 22.574000 -1.332266 
21.500000 22.674000 -1.334372 
21.500000 22.774000 -1.336102 
21.500000 22.874000 -1.337347 
21.500000 22.974000 -1.338027 
21.600000 16.974000 -1.319666 
21.600000 17.074000 -1.320009 
21.600000 17.174000 -1.320990 
21.600000 17.274000 -1.322541 
21.600000 17.374000 -1.324555 
21.600000 17.474000 -1.326892 
21.600000 17.574000 -1.329394 
21.600000 17.674000 -1.331894 
21.600000 17.774000 -1.334226 
21.600000 17.874000 -1.336238 
21.600000 17.974000 -1.337802 
21.600000 18.074000 -1.338817 
21.600000 18.174000 -1.339221 
21.600000 18.274000 -1.338988 
21.600000 18.374000 -1.338134 
21.600000 18.474000 -1.336712 
21.600000 18.574000 -1.334814 
21.600000 18.674000 -1.332562 
21.600000 18.774000 -1.330103 
21.600000 18.874000 -1.327600 
21.600000 18.974000 -1.325220 
21.600000 19.074000 -1.323126 
21.600000 19.174000 -1.321463 
21.600000 19.274000 -1.320346 
21.600000 19.374000 -1.319853 
21.600000 19.474000 -1.320020 
21.600000 19.574000 -1.320835 
21.600000 19.674000 -1.322240 
21.600000 19.774000 -1.324138 
21.600000 19.874000 -1.326396 
21.600000 19.974000 -1.328862 
21.600000 20.074000 -1.331366 
21.600000 20.174000 -1.333744 
21.600000 20.274000 -1.335839 
21.600000 20.374000 -1.337515 
21.600000 20.474000 -1.338665 
21.600000 20.574000 -1.339216 
21.600000 20.674000 -1.339133 
21.600000 20.774000 -1.338420 
21.600000 20.874000 -1.337124 
21.600000 20.974000 -1.335324 
21.600000 21.074000 -1.333137 
21.600000 21.174000 -1.330704 
21.600000 21.274000 -1.328185 
21.600000 21.374000 -1.325748 
21.600000 21.474000 -1.323557 
21.600000 21.574000 -1.321763 
21.600000 21.674000 -1.320489 
21.600000 21.774000 -1.319825 
21.600000 21.874000 -1.319815 
21.600000 21.974000 -1.320462 
21.600000 22.074000 -1.321718 
21.600000 22.174000 -1.323495 
21.600000 22.274000 -1.325669 
21.600000 22.374000 -1.328091 
21.600000 22.474000 -1.330595 
21.600000 22.574000 -1.333014 
21.600000 22.674000 -1.335188 
21.600000 22.774000 -1.336976 
21.600000 22.874000 -1.338262 
21.600000 22.974000 -1.338963 
21.700000 16.974000 -1.319783 
21.700000 17.074000 -1.320130 
21.700000 17.174000 -1.321120 
21.700000 17.274000 -1.322687 
21.700000 17.374000 -1.324720 
21.700000 17.474000 -1.327081 
21.700000 17.574000 -1.329609 
21.700000 17.674000 -1.332135 
21.700000 17.774000 -1.334491 
21.700000 17.874000 -1.336524 
21.700000 17.974000 -1.338104 
21.700000 18.074000 -1.339131 
21.700000 18.174000 -1.339539 
21.700000 18.274000 -1.339303 
21.700000 18.374000 -1.338440 
21.700000 18.474000 -1.337003 
21.700000 18.574000 -1.335085 
21.700000 18.674000 -1.332809 
21.700000 18.774000 -1.330325 
21.700000 18.874000 -1.327796 
21.700000 18.974000 -1.325392 
21.700000 19.074000 -1.323277 
21.700000 19.174000 -1.321596 
21.700000 19.274000 -1.320468 
21.700000 19.374000 -1.319970 
21.700000 19.474000 -1.320139 
21.700000 19.574000 -1.320962 
21.700000 19.674000 -1.322381 
21.700000 19.774000 -1.324298 
21.700000 19.874000 -1.326580 
21.700000 19.974000 -1.329070 
21.700000 20.074000 -1.331601 
21.700000 20.174000 -1.334004 
21.700000 20.274000 -1.336120 
21.700000 20.374000 -1.337814 
21.700000 20.474000 -1.338976 
21.700000 20.574000 -1.339533 
21.700000 20.674000 -1.339449 
21.700000 20.774000 -1.338729 
21.700000 20.874000 -1.337418 
21.700000 20.974000 -1.335600 
21.700000 21.074000 -1.333390 
21.700000 21.174000 -1.330932 
21.700000 21.274000 -1.328388 
21.700000 21.374000 -1.325925 
21.700000 21.474000 -1.323712 
21.700000 21.574000 -1.321900 
21.700000 21.674000 -1.320614 
21.700000 21.774000 -1.319942 
21.700000 21.874000 -1.319933 
21.700000 21.974000 -1.320586 
21.700000 22.074000 -1.321855 
21.700000 22.174000 -1.323650 
21.700000 22.274000 -1.325847 
21.700000 22.374000 -1.328293 
21.700000 22.474000 -1.330823 
21.700000 22.574000 -1.333268 
21.700000 22.674000 -1.335465 
21.700000 22.774000 -1.337271 
21.700000 22.874000 -1.338570 
21.700000 22.974000 -1.339280 
21.800000 16.974000 -1.319658 
21.800000 17.074000 -1.320001 
21.800000 17.174000 -1.320982 
21.800000 17.274000 -1.322533 
21.800000 17.374000 -1.324546 
21.800000 17.474000 -1.326884 
21.800000 17.574000 -1.329386 
21.800000 17.674000 -1.331886 
21.800000 17.774000 -1.334218 
21.800000 17.874000 -1.336230 
21.800000 17.974000 -1.337793 
21.800000 18.074000 -1.338809 
21.800000 18.174000 -1.339213 
21.800000 18.274000 -1.338980 
21.800000 18.374000 -1.338126 
21.800000 18.474000 -1.336704 
21.800000 18.574000 -1.334806 
21.800000 18.674000 -1.332554 
21.800000 18.774000 -1.330095 
21.800000 18.874000 -1.327591 
21.800000 18.974000 -1.325212 
21.800000 19.074000 -1.323118 
21.800000 19.174000 -1.321454 
21.800000 19.274000 -1.320337 
21.800000 19.374000 -1.319845 
21.800000 19.474000 -1.320012 
21.800000 19.574000 -1.320826 
21.800000 19.674000 -1.322232 
21.800000 19.774000 -1.324129 
21.800000 19.874000 -1.326388 
21.800000 19.974000 -1.328853 
21.800000 20.074000 -1.331358 
21.800000 20.174000 -1.333736 
21.800000 20.274000 -1.335831 
21.800000 20.374000 -1.337507 
21.800000 20.474000 -1.338657 
21.800000 20.574000 -1.339208 
21.800000 20.674000 -1.339124 
21.800000 20.774000 -1.338412 
21.800000 20.874000 -1.337115 
21.800000 20.974000 -1.335316 
21.800000 21.074000 -1.333129 
21.800000 21.174000 -1.330696 
21.800000 21.274000 -1.328177 
21.800000 21.374000 -1.325740 
21.800000 21.474000 -1.323549 
21.800000 21.574000 -1.321755 
21.800000 21.674000 -1.320481 
21.800000 21.774000 -1.319816 
21.800000 21.874000 -1.319807 
21.800000 21.974000 -1.320454 
21.800000 22.074000 -1.321710 
21.800000 22.174000 -1.323487 
21.800000 22.274000 -1.325661 
21.800000 22.374000 -1.328083 
21.800000 22.474000 -1.330587 
21.800000 22.574000 -1.333006 
21.800000 22.674000 -1.335180 
21.800000 22.774000 -1.336968 
21.800000 22.874000 -1.338253 
21.800000 22.974000 -1.338955 
21.900000 16.974000 -1.319310 
21.900000 17.074000 -1.319643 
21.900000 17.174000 -1.320595 
21.900000 17.274000 -1.322100 
21.900000 17.374000 -1.324052 
21.900000 17.474000 -1.326319 
21.900000 17.574000 -1.328744 
21.900000 17.674000 -1.331167 
21.900000 17.774000 -1.333426 
21.900000 17.874000 -1.335375 
21.900000 17.974000 -1.336889 
21.900000 18.074000 -1.337873 
21.900000 18.174000 -1.338264 
21.900000 18.274000 -1.338039 
21.900000 18.374000 -1.337211 
21.900000 18.474000 -1.335835 
21.900000 18.574000 -1.333997 
21.900000 18.674000 -1.331815 
21.900000 18.774000 -1.329433 
21.900000 18.874000 -1.327006 
21.900000 18.974000 -1.324700 
21.900000 19.074000 -1.322670 
21.900000 19.174000 -1.321057 
21.900000 19.274000 -1.319973 
21.900000 19.374000 -1.319495 
21.900000 19.474000 -1.319657 
21.900000 19.574000 -1.320448 
21.900000 19.674000 -1.321811 
21.900000 19.774000 -1.323651 
21.900000 19.874000 -1.325841 
21.900000 19.974000 -1.328230 
21.900000 20.074000 -1.330657 
21.900000 20.174000 -1.332961 
21.900000 20.274000 -1.334990 
21.900000 20.374000 -1.336613 
21.900000 20.474000 -1.337727 
21.900000 20.574000 -1.338260 
21.900000 20.674000 -1.338179 
21.900000 20.774000 -1.337490 
21.900000 20.874000 -1.336234 
21.900000 20.974000 -1.334491 
21.900000 21.074000 -1.332373 
21.900000 21.174000 -1.330016 
21.900000 21.274000 -1.327574 
21.900000 21.374000 -1.325211 
21.900000 21.474000 -1.323087 
21.900000 21.574000 -1.321346 
21.900000 21.674000 -1.320111 
21.900000 21.774000 -1.319466 
21.900000 21.874000 -1.319457 
21.900000 21.974000 -1.320083 
21.900000 22.074000 -1.321301 
21.900000 22.174000 -1.323024 
21.900000 22.274000 -1.325132 
21.900000 22.374000 -1.327479 
21.900000 22.474000 -1.329906 
21.900000 22.574000 -1.332249 
21.900000 22.674000 -1.334355 
21.900000 22.774000 -1.336086 
21.900000 22.874000 -1.337331 
21.900000 22.974000 -1.338010 
22.000000 16.974000 -1.318795 
22.000000 17.074000 -1.319112 
22.000000 17.174000 -1.320016 
22.000000 17.274000 -1.321443 
22.000000 17.374000 -1.323295 
22.000000 17.474000 -1.325443 
22.000000 17.574000 -1.327741 
22.000000 17.674000 -1.330036 
22.000000 17.774000 -1.332174 
22.000000 17.874000 -1.334019 
22.000000 17.974000 -1.335451 
22.000000 18.074000 -1.336381 
22.000000 18.174000 -1.336751 
22.000000 18.274000 -1.336538 
22.000000 18.374000 -1.335756 
22.000000 18.474000 -1.334455 
22.000000 18.574000 -1.332716 
22.000000 18.674000 -1.330652 
22.000000 18.774000 -1.328396 
22.000000 18.874000 -1.326098 
22.000000 18.974000 -1.323913 
22.000000 19.074000 -1.321989 
22.000000 19.174000 -1.320459 
22.000000 19.274000 -1.319431 
22.000000 19.374000 -1.318978 
22.000000 19.474000 -1.319132 
22.000000 19.574000 -1.319882 
22.000000 19.674000 -1.321174 
22.000000 19.774000 -1.322919 
22.000000 19.874000 -1.324995 
22.000000 19.974000 -1.327258 
22.000000 20.074000 -1.329557 
22.000000 20.174000 -1.331737 
22.000000 20.274000 -1.333657 
22.000000 20.374000 -1.335192 
22.000000 20.474000 -1.336245 
22.000000 20.574000 -1.336749 
22.000000 20.674000 -1.336673 
22.000000 20.774000 -1.336021 
22.000000 20.874000 -1.334833 
22.000000 20.974000 -1.333185 
22.000000 21.074000 -1.331180 
22.000000 21.174000 -1.328948 
22.000000 21.274000 -1.326636 
22.000000 21.374000 -1.324397 
22.000000 21.474000 -1.322382 
22.000000 21.574000 -1.320732 
22.000000 21.674000 -1.319559 
22.000000 21.774000 -1.318947 
22.000000 21.874000 -1.318937 
22.000000 21.974000 -1.319531 
22.000000 22.074000 -1.320686 
22.000000 22.174000 -1.322319 
22.000000 22.274000 -1.324316 
22.000000 22.374000 -1.326540 
22.000000 22.474000 -1.328837 
22.000000 22.574000 -1.331055 
22.000000 22.674000 -1.333047 
22.000000 22.774000 -1.334684 
22.000000 22.874000 -1.335861 
22.000000 22.974000 -1.336503 
22.100000 16.974000 -1.318200 
22.100000 17.074000 -1.318494 
22.100000 17.174000 -1.319331 
22.100000 17.274000 -1.320651 
22.100000 17.374000 -1.322362 
22.100000 17.474000 -1.324346 
22.100000 17.574000 -1.326467 
22.100000 17.674000 -1.328583 
22.100000 17.774000 -1.330554 
22.100000 17.874000 -1.332253 
22.100000 17.974000 -1.333571 
22.100000 18.074000 -1.334427 
22.100000 18.174000 -1.334768 
22.100000 18.274000 -1.334572 
22.100000 18.374000 -1.333853 
22.100000 18.474000 -1.332656 
22.100000 18.574000 -1.331056 
22.100000 18.674000 -1.329154 
22.100000 18.774000 -1.327075 
22.100000 18.874000 -1.324956 
22.100000 18.974000 -1.322939 
22.100000 19.074000 -1.321162 
22.100000 19.174000 -1.319749 
22.100000 19.274000 -1.318799 
22.100000 19.374000 -1.318380 
22.100000 19.474000 -1.318523 
22.100000 19.574000 -1.319216 
22.100000 19.674000 -1.320410 
22.100000 19.774000 -1.322022 
22.100000 19.874000 -1.323939 
22.100000 19.974000 -1.326027 
22.100000 20.074000 -1.328147 
22.100000 20.174000 -1.330156 
22.100000 20.274000 -1.331924 
22.100000 20.374000 -1.333337 
22.100000 20.474000 -1.334305 
22.100000 20.574000 -1.334769 
22.100000 20.674000 -1.334699 
22.100000 20.774000 -1.334099 
22.100000 20.874000 -1.333006 
22.100000 20.974000 -1.331488 
22.100000 21.074000 -1.329641 
22.100000 21.174000 -1.327584 
22.100000 21.274000 -1.325451 
22.100000 21.374000 -1.323384 
22.100000 21.474000 -1.321524 
22.100000 21.574000 -1.319998 
22.100000 21.674000 -1.318913 
22.100000 21.774000 -1.318346 
22.100000 21.874000 -1.318337 
22.100000 21.974000 -1.318885 
22.100000 22.074000 -1.319951 
22.100000 22.174000 -1.321459 
22.100000 22.274000 -1.323303 
22.100000 22.374000 -1.325354 
22.100000 22.474000 -1.327472 
22.100000 22.574000 -1.329516 
22.100000 22.674000 -1.331350 
22.100000 22.774000 -1.332856 
22.100000 22.874000 -1.333939 
22.100000 22.974000 -1.334529 
22.200000 16.974000 -1.317632 
22.200000 17.074000 -1.317897 
22.200000 17.174000 -1.318648 
22.200000 17.274000 -1.319832 
22.200000 17.374000 -1.321365 
22.200000 17.474000 -1.323140 
22.200000 17.574000 -1.325036 
22.200000 17.674000 -1.326925 
22.200000 17.774000 -1.328683 
22.200000 17.874000 -1.330197 
22.200000 17.974000 -1.331371 
22.200000 18.074000 -1.332133 
22.200000 18.174000 -1.332436 
22.200000 18.274000 -1.332263 
22.200000 18.374000 -1.331624 
22.200000 18.474000 -1.330559 
22.200000 18.574000 -1.329134 
22.200000 18.674000 -1.327439 
22.200000 18.774000 -1.325585 
22.200000 18.874000 -1.323693 
22.200000 18.974000 -1.321890 
22.200000 19.074000 -1.320300 
22.200000 19.174000 -1.319035 
22.200000 19.274000 -1.318184 
22.200000 19.374000 -1.317809 
22.200000 19.474000 -1.317937 
22.200000 19.574000 -1.318558 
22.200000 19.674000 -1.319628 
22.200000 19.774000 -1.321071 
22.200000 19.874000 -1.322785 
22.200000 19.974000 -1.324651 
22.200000 20.074000 -1.326543 
22.200000 20.174000 -1.328334 
22.200000 20.274000 -1.329909 
22.200000 20.374000 -1.331167 
22.200000 20.474000 -1.332029 
22.200000 20.574000 -1.332441 
22.200000 20.674000 -1.332378 
22.200000 20.774000 -1.331845 
22.200000 20.874000 -1.330872 
22.200000 20.974000 -1.329520 
22.200000 21.074000 -1.327874 
22.200000 21.174000 -1.326039 
22.200000 21.274000 -1.324134 
22.200000 21.374000 -1.322286 
22.200000 21.474000 -1.320620 
22.200000 21.574000 -1.319253 
22.200000 21.674000 -1.318280 
22.200000 21.774000 -1.317771 
22.200000 21.874000 -1.317761 
22.200000 21.974000 -1.318251 
22.200000 22.074000 -1.319205 
22.200000 22.174000 -1.320554 
22.200000 22.274000 -1.322202 
22.200000 22.374000 -1.324035 
22.200000 22.474000 -1.325925 
22.200000 22.574000 -1.327747 
22.200000 22.674000 -1.329381 
22.200000 22.774000 -1.330721 
22.200000 22.874000 -1.331684 
22.200000 22.974000 -1.332208 
22.300000 16.974000 -1.317208 
22.300000 17.074000 -1.317438 
22.300000 17.174000 -1.318087 
22.300000 17.274000 -1.319107 
22.300000 17.374000 -1.320425 
22.300000 17.474000 -1.321950 
22.300000 17.574000 -1.323576 
22.300000 17.674000 -1.325193 
22.300000 17.774000 -1.326696 
22.300000 17.874000 -1.327988 
22.300000 17.974000 -1.328989 
22.300000 18.074000 -1.329638 
22.300000 18.174000 -1.329897 
22.300000 18.274000 -1.329750 
22.300000 18.374000 -1.329206 
22.300000 18.474000 -1.328300 
22.300000 18.574000 -1.327085 
22.300000 18.674000 -1.325639 
22.300000 18.774000 -1.324054 
22.300000 18.874000 -1.322434 
22.300000 18.974000 -1.320888 
22.300000 19.074000 -1.319523 
22.300000 19.174000 -1.318435 
22.300000 19.274000 -1.317704 
22.300000 19.374000 -1.317381 
22.300000 19.474000 -1.317491 
22.300000 19.574000 -1.318026 
22.300000 19.674000 -1.318946 
22.300000 19.774000 -1.320186 
22.300000 19.874000 -1.321657 
22.300000 19.974000 -1.323256 
22.300000 20.074000 -1.324875 
22.300000 20.174000 -1.326406 
22.300000 20.274000 -1.327750 
22.300000 20.374000 -1.328822 
22.300000 20.474000 -1.329555 
22.300000 20.574000 -1.329906 
22.300000 20.674000 -1.329852 
22.300000 20.774000 -1.329398 
22.300000 20.874000 -1.328569 
22.300000 20.974000 -1.327417 
22.300000 21.074000 -1.326012 
22.300000 21.174000 -1.324442 
22.300000 21.274000 -1.322810 
22.300000 21.374000 -1.321224 
22.300000 21.474000 -1.319793 
22.300000 21.574000 -1.318617 
22.300000 21.674000 -1.317778 
22.300000 21.774000 -1.317338 
22.300000 21.874000 -1.317328 
22.300000 21.974000 -1.317749 
22.300000 22.074000 -1.318568 
22.300000 22.174000 -1.319726 
22.300000 22.274000 -1.321139 
22.300000 22.374000 -1.322709 
22.300000 22.474000 -1.324326 
22.300000 22.574000 -1.325882 
22.300000 22.674000 -1.327276 
22.300000 22.774000 -1.328417 
22.300000 22.874000 -1.329236 
22.300000 22.974000 -1.329682 
22.400000 16.974000 -1.317040 
22.400000 17.074000 -1.317231 
22.400000 17.174000 -1.317761 
22.400000 17.274000 -1.318592 
22.400000 17.374000 -1.319665 
22.400000 17.474000 -1.320902 
22.400000 17.574000 -1.322217 
22.400000 17.674000 -1.323522 
22.400000 17.774000 -1.324732 
22.400000 17.874000 -1.325769 
22.400000 17.974000 -1.326572 
22.400000 18.074000 -1.327092 
22.400000 18.174000 -1.327299 
22.400000 18.274000 -1.327182 
22.400000 18.374000 -1.326749 
22.400000 18.474000 -1.326024 
22.400000 18.574000 -1.325051 
22.400000 18.674000 -1.323890 
22.400000 18.774000 -1.322614 
22.400000 18.874000 -1.321306 
22.400000 18.974000 -1.320055 
22.400000 19.074000 -1.318949 
22.400000 19.174000 -1.318066 
22.400000 19.274000 -1.317471 
22.400000 19.374000 -1.317208 
22.400000 19.474000 -1.317298 
22.400000 19.574000 -1.317734 
22.400000 19.674000 -1.318482 
22.400000 19.774000 -1.319489 
22.400000 19.874000 -1.320680 
22.400000 19.974000 -1.321973 
22.400000 20.074000 -1.323279 
22.400000 20.174000 -1.324510 
22.400000 20.274000 -1.325588 
22.400000 20.374000 -1.326446 
22.400000 20.474000 -1.327033 
22.400000 20.574000 -1.327313 
22.400000 20.674000 -1.327270 
22.400000 20.774000 -1.326907 
22.400000 20.874000 -1.326244 
22.400000 20.974000 -1.325319 
22.400000 21.074000 -1.324190 
22.400000 21.174000 -1.322926 
22.400000 21.274000 -1.321608 
22.400000 21.374000 -1.320324 
22.400000 21.474000 -1.319162 
22.400000 21.574000 -1.318205 
22.400000 21.674000 -1.317521 
22.400000 21.774000 -1.317161 
22.400000 21.874000 -1.317150 
22.400000 21.974000 -1.317490 
22.400000 22.074000 -1.318154 
22.400000 22.174000 -1.319093 
22.400000 22.274000 -1.320237 
22.400000 22.374000 -1.321505 
22.400000 22.474000 -1.322808 
22.400000 22.574000 -1.324059 
22.400000 22.674000 -1.325176 
22.400000 22.774000 -1.326090 
22.400000 22.874000 -1.326744 
22.400000 22.974000 -1.327099 
22.500000 16.974000 -1.317226 
22.500000 17.074000 -1.317372 
22.500000 17.174000 -1.317771 
22.500000 17.274000 -1.318393 
22.500000 17.374000 -1.319192 
22.500000 17.474000 -1.320110 
22.500000 17.574000 -1.321081 
22.500000 17.674000 -1.322040 
22.500000 17.774000 -1.322924 
22.500000 17.874000 -1.323680 
22.500000 17.974000 -1.324263 
22.500000 18.074000 -1.324640 
22.500000 18.174000 -1.324790 
22.500000 18.274000 -1.324707 
22.500000 18.374000 -1.324395 
22.500000 18.474000 -1.323872 
22.500000 18.574000 -1.323166 
22.500000 18.674000 -1.322321 
22.500000 18.774000 -1.321387 
22.500000 18.874000 -1.320426 
22.500000 18.974000 -1.319503 
22.500000 19.074000 -1.318684 
22.500000 19.174000 -1.318027 
22.500000 19.274000 -1.317584 
22.500000 19.374000 -1.317389 
22.500000 19.474000 -1.317456 
22.500000 19.574000 -1.317781 
22.500000 19.674000 -1.318339 
22.500000 19.774000 -1.319086 
22.500000 19.874000 -1.319969 
22.500000 19.974000 -1.320921 
22.500000 20.074000 -1.321879 
22.500000 20.174000 -1.322779 
22.500000 20.274000 -1.323563 
22.500000 20.374000 -1.324184 
22.500000 20.474000 -1.324608 
22.500000 20.574000 -1.324810 
22.500000 20.674000 -1.324779 
22.500000 20.774000 -1.324516 
22.500000 20.874000 -1.324036 
22.500000 20.974000 -1.323365 
22.500000 21.074000 -1.322541 
22.500000 21.174000 -1.321615 
22.500000 21.274000 -1.320645 
22.500000 21.374000 -1.319696 
22.500000 21.474000 -1.318833 
22.500000 21.574000 -1.318119 
22.500000 21.674000 -1.317607 
22.500000 21.774000 -1.317335 
22.500000 21.874000 -1.317324 
22.500000 21.974000 -1.317575 
22.500000 22.074000 -1.318067 
22.500000 22.174000 -1.318762 
22.500000 22.274000 -1.319607 
22.500000 22.374000 -1.320540 
22.500000 22.474000 -1.321495 
22.500000 22.574000 -1.322408 
22.500000 22.674000 -1.323220 
22.500000 22.774000 -1.323881 
22.500000 22.874000 -1.324352 
22.500000 22.974000 -1.324607 
22.600000 16.974000 -1.317835 
22.600000 17.074000 -1.317933 
22.600000 17.174000 -1.318191 
22.600000 17.274000 -1.318588 
22.600000 17.374000 -1.319093 
22.600000 17.474000 -1.319668 
22.600000 17.574000 -1.320269 
22.600000 17.674000 -1.320856 
22.600000 17.774000 -1.321392 
22.600000 17.874000 -1.321845 
22.600000 17.974000 -1.322192 
22.600000 18.074000 -1.322415 
22.600000 18.174000 -1.322505 
22.600000 18.274000 -1.322458 
22.600000 18.374000 -1.322276 
22.600000 18.474000 -1.321969 
22.600000 18.574000 -1.321551 
22.600000 18.674000 -1.321044 
22.600000 18.774000 -1.320479 
22.600000 18.874000 -1.319890 
22.600000 18.974000 -1.319319 
22.600000 19.074000 -1.318808 
22.600000 19.174000 -1.318396 
22.600000 19.274000 -1.318116 
22.600000 19.374000 -1.317992 
22.600000 19.474000 -1.318036 
22.600000 19.574000 -1.318242 
22.600000 19.674000 -1.318594 
22.600000 19.774000 -1.319064 
22.600000 19.874000 -1.319613 
22.600000 19.974000 -1.320200 
22.600000 20.074000 -1.320784 
22.600000 20.174000 -1.321327 
22.600000 20.274000 -1.321796 
22.600000 20.374000 -1.322164 
22.600000 20.474000 -1.322412 
22.600000 20.574000 -1.322530 
22.600000 20.674000 -1.322511 
22.600000 20.774000 -1.322357 
22.600000 20.874000 -1.322073 
22.600000 20.974000 -1.321674 
22.600000 21.074000 -1.321179 
22.600000 21.174000 -1.320616 
22.600000 21.274000 -1.320020 
22.600000 21.374000 -1.319430 
22.600000 21.474000 -1.318888 
22.600000 21.574000 -1.318436 
22.600000 21.674000 -1.318108 
22.600000 21.774000 -1.317932 
22.600000 21.874000 -1.317921 
22.600000 21.974000 -1.318076 
22.600000 22.074000 -1.318383 
22.600000 22.174000 -1.318816 
22.600000 22.274000 -1.319339 
22.600000 22.374000 -1.319912 
22.600000 22.474000 -1.320493 
22.600000 22.574000 -1.321043 
22.600000 22.674000 -1.321527 
22.600000 22.774000 -1.321916 
22.600000 22.874000 -1.322192 
22.600000 22.974000 -1.322339 
22.700000 16.974000 -1.318903 
22.700000 17.074000 -1.318951 
22.700000 17.174000 -1.319062 
22.700000 17.274000 -1.319224 
22.700000 17.374000 -1.319423 
22.700000 17.474000 -1.319638 
22.700000 17.574000 -1.319854 
22.700000 17.674000 -1.320053 
22.700000 17.774000 -1.320225 
22.700000 17.874000 -1.320363 
22.700000 17.974000 -1.320464 
22.700000 18.074000 -1.320527 
22.700000 18.174000 -1.320554 
22.700000 18.274000 -1.320544 
22.700000 18.374000 -1.320499 
22.700000 18.474000 -1.320416 
22.700000 18.574000 -1.320297 
22.700000 18.674000 -1.320144 
22.700000 18.774000 -1.319963 
22.700000 18.874000 -1.319763 
22.700000 18.974000 -1.319560 
22.700000 19.074000 -1.319370 
22.700000 19.174000 -1.319213 
22.700000 19.274000 -1.319104 
22.700000 19.374000 -1.319055 
22.700000 19.474000 -1.319073 
22.700000 19.574000 -1.319156 
22.700000 19.674000 -1.319294 
22.700000 19.774000 -1.319472 
22.700000 19.874000 -1.319674 
22.700000 19.974000 -1.319880 
22.700000 20.074000 -1.320075 
22.700000 20.174000 -1.320246 
22.700000 20.274000 -1.320385 
22.700000 20.374000 -1.320488 
22.700000 20.474000 -1.320555 
22.700000 20.574000 -1.320585 
22.700000 20.674000 -1.320579 
22.700000 20.774000 -1.320537 
22.700000 20.874000 -1.320458 
22.700000 20.974000 -1.320342 
22.700000 21.074000 -1.320189 
22.700000 21.174000 -1.320006 
22.700000 21.274000 -1.319800 
22.700000 21.374000 -1.319585 
22.700000 21.474000 -1.319379 
22.700000 21.574000 -1.319199 
22.700000 21.674000 -1.319065 
22.700000 21.774000 -1.318988 
22.700000 21.874000 -1.318977 
22.700000 21.974000 -1.319032 
22.700000 22.074000 -1.319145 
22.700000 22.174000 -1.319304 
22.700000 22.274000 -1.319492 
22.700000 22.374000 -1.319690 
22.700000 22.474000 -1.319881 
22.700000 22.574000 -1.320051 
22.700000 22.674000 -1.320193 
22.700000 22.774000 -1.320300 
22.700000 22.874000 -1.320371 
22.700000 22.974000 -1.320407 
22.800000 16.974000 -1.320428 
22.800000 17.074000 -1.320425 
22.800000 17.174000 -1.320386 
22.800000 17.274000 -1.320310 
22.800000 17.374000 -1.320197 
22.800000 17.474000 -1.320049 
22.800000 17.574000 -1.319873 
22.800000 17.674000 -1.319679 
22.800000 17.774000 -1.319483 
22.800000 17.874000 -1.319301 
22.800000 17.974000 -1.319153 
22.800000 18.074000 -1.319054 
22.800000 18.174000 -1.319017 
22.800000 18.274000 -1.319045 
22.800000 18.374000 -1.319137 
22.800000 18.474000 -1.319283 
22.800000 18.574000 -1.319468 
22.800000 18.674000 -1.319673 
22.800000 18.774000 -1.319880 
22.800000 18.874000 -1.320075 
22.800000 18.974000 -1.320245 
22.800000 19.074000 -1.320382 
22.800000 19.174000 -1.320483 
22.800000 19.274000 -1.320547 
22.800000 19.374000 -1.320575 
22.800000 19.474000 -1.320567 
22.800000 19.574000 -1.320524 
22.800000 19.674000 -1.320444 
22.800000 19.774000 -1.320327 
22.800000 19.874000 -1.320176 
22.800000 19.974000 -1.319995 
22.800000 20.074000 -1.319795 
22.800000 20.174000 -1.319589 
22.800000 20.274000 -1.319395 
22.800000 20.374000 -1.319230 
22.800000 20.474000 -1.319113 
22.800000 20.574000 -1.319054 
22.800000 20.674000 -1.319062 
22.800000 20.774000 -1.319134 
22.800000 20.874000 -1.319262 
22.800000 20.974000 -1.319432 
22.800000 21.074000 -1.319627 
22.800000 21.174000 -1.319827 
22.800000 21.274000 -1.320017 
22.800000 21.374000 -1.320183 
22.800000 21.474000 -1.320317 
22.800000 21.574000 -1.320415 
22.800000 21.674000 -1.320476 
22.800000 21.774000 -1.320500 
22.800000 21.874000 -1.320489 
22.800000 21.974000 -1.320442 
22.800000 22.074000 -1.320359 
22.800000 22.174000 -1.320241 
22.800000 22.274000 -1.320088 
22.800000 22.374000 -1.319905 
22.800000 22.474000 -1.319700 
22.800000 22.574000 -1.319487 
22.800000 22.674000 -1.319281 
22.800000 22.774000 -1.319102 
22.800000 22.874000 -1.318966 
22.800000 22.974000 -1.318888 
22.900000 16.974000 -1.322367 
22.900000 17.074000 -1.322314 
22.900000 17.174000 -1.322127 
22.900000 17.274000 -1.321815 
22.900000 17.374000 -1.321395 
22.900000 17.474000 -1.320888 
22.900000 17.574000 -1.320326 
22.900000 17.674000 -1.319745 
22.900000 17.774000 -1.319185 
22.900000 17.874000 -1.318688 
22.900000 17.974000 -1.318295 
22.900000 18.074000 -1.318036 
22.900000 18.174000 -1.317936 
22.900000 18.274000 -1.318002 
22.900000 18.374000 -1.318230 
22.900000 18.474000 -1.318600 
22.900000 18.574000 -1.319084 
22.900000 18.674000 -1.319642 
22.900000 18.774000 -1.320233 
22.900000 18.874000 -1.320817 
22.900000 18.974000 -1.321354 
22.900000 19.074000 -1.321814 
22.900000 19.174000 -1.322170 
22.900000 19.274000 -1.322405 
22.900000 19.374000 -1.322509 
22.900000 19.474000 -1.322476 
22.900000 19.574000 -1.322308 
22.900000 19.674000 -1.322013 
22.900000 19.774000 -1.321605 
22.900000 19.874000 -1.321106 
22.900000 19.974000 -1.320544 
22.900000 20.074000 -1.319954 
22.900000 20.174000 -1.319376 
22.900000 20.274000 -1.318853 
22.900000 20.374000 -1.318425 
22.900000 20.474000 -1.318125 
22.900000 20.574000 -1.317980 
22.900000 20.674000 -1.318000 
22.900000 20.774000 -1.318184 
22.900000 20.874000 -1.318517 
22.900000 20.974000 -1.318969 
22.900000 21.074000 -1.319506 
22.900000 21.174000 -1.320085 
22.900000 21.274000 -1.320665 
22.900000 21.374000 -1.321206 
22.900000 21.474000 -1.321676 
22.900000 21.574000 -1.322048 
22.900000 21.674000 -1.322302 
22.900000 21.774000 -1.322426 
22.900000 21.874000 -1.322415 
22.900000 21.974000 -1.322268 
22.900000 22.074000 -1.321991 
22.900000 22.174000 -1.321599 
22.900000 22.274000 -1.321109 
22.900000 22.374000 -1.320550 
22.900000 22.474000 -1.319956 
22.900000 22.574000 -1.319364 
22.900000 22.674000 -1.318817 
22.900000 22.774000 -1.318355 
22.900000 22.874000 -1.318016 
22.900000 22.974000 -1.317826 
23.000000 16.974000 -1.324640 
23.000000 17.074000 -1.324539 
23.000000 17.174000 -1.324210 
23.000000 17.274000 -1.323672 
23.000000 17.374000 -1.322957 
23.000000 17.474000 -1.322106 
23.000000 17.574000 -1.321174 
23.000000 17.674000 -1.320221 
23.000000 17.774000 -1.319313 
23.000000 17.874000 -1.318515 
23.000000 17.974000 -1.317886 
23.000000 18.074000 -1.317476 
23.000000 18.174000 -1.317315 
23.000000 18.274000 -1.317417 
23.000000 18.374000 -1.317774 
23.000000 18.474000 -1.318360 
23.000000 18.574000 -1.319129 
23.000000 18.674000 -1.320026 
23.000000 18.774000 -1.320985 
23.000000 18.874000 -1.321941 
23.000000 18.974000 -1.322832 
23.000000 19.074000 -1.323600 
23.000000 19.174000 -1.324202 
23.000000 19.274000 -1.324601 
23.000000 19.374000 -1.324777 
23.000000 19.474000 -1.324720 
23.000000 19.574000 -1.324433 
23.000000 19.674000 -1.323932 
23.000000 19.774000 -1.323244 
23.000000 19.874000 -1.322411 
23.000000 19.974000 -1.321483 
23.000000 20.074000 -1.320520 
23.000000 20.174000 -1.319586 
23.000000 20.274000 -1.318748 
23.000000 20.374000 -1.318067 
23.000000 20.474000 -1.317594 
23.000000 20.574000 -1.317364 
23.000000 20.674000 -1.317397 
23.000000 20.774000 -1.317689 
23.000000 20.874000 -1.318216 
23.000000 20.974000 -1.318939 
23.000000 21.074000 -1.319803 
23.000000 21.174000 -1.320745 
23.000000 21.274000 -1.321699 
23.000000 21.374000 -1.322601 
23.000000 21.474000 -1.323393 
23.000000 21.574000 -1.324028 
23.000000 21.674000 -1.324467 
23.000000 21.774000 -1.324687 
23.000000 21.874000 -1.324676 
23.000000 21.974000 -1.324432 
23.000000 22.074000 -1.323970 
23.000000 22.174000 -1.323314 
23.000000 22.274000 -1.322502 
23.000000 22.374000 -1.321583 
23.000000 22.474000 -1.320614 
23.000000 22.574000 -1.319660 
23.000000 22.674000 -1.318785 
23.000000 22.774000 -1.318054 
23.000000 22.874000 -1.317519 
23.000000 22.974000 -1.317222 
