18.800000 18.013000 -4.056922 
18.800000 18.113000 -4.056938 
18.800000 18.213000 -4.056942 
18.800000 18.313000 -4.056936 
18.800000 18.413000 -4.056927 
18.800000 18.513000 -4.056919 
18.800000 18.613000 -4.056920 
18.800000 18.713000 -4.056932 
18.800000 18.813000 -4.056957 
18.800000 18.913000 -4.056993 
18.800000 19.013000 -4.057035 
18.800000 19.113000 -4.057077 
18.800000 19.213000 -4.057113 
18.800000 19.313000 -4.057137 
18.800000 19.413000 -4.057146 
18.800000 19.513000 -4.057138 
18.800000 19.613000 -4.057115 
18.800000 19.713000 -4.057082 
18.800000 19.813000 -4.057045 
18.800000 19.913000 -4.057009 
18.800000 20.013000 -4.056982 
18.800000 20.113000 -4.056966 
18.800000 20.213000 -4.056963 
18.800000 20.313000 -4.056970 
18.800000 20.413000 -4.056984 
18.800000 20.513000 -4.056999 
18.800000 20.613000 -4.057009 
18.800000 20.713000 -4.057008 
18.800000 20.813000 -4.056993 
18.800000 20.913000 -4.056965 
18.800000 21.013000 -4.056925 
18.800000 21.113000 -4.056879 
18.800000 21.213000 -4.056832 
18.800000 21.313000 -4.056792 
18.800000 21.413000 -4.056762 
18.900000 18.013000 -4.056868 
18.900000 18.113000 -4.056888 
18.900000 18.213000 -4.056901 
18.900000 18.313000 -4.056909 
18.900000 18.413000 -4.056915 
18.900000 18.513000 -4.056922 
18.900000 18.613000 -4.056932 
18.900000 18.713000 -4.056947 
18.900000 18.813000 -4.056967 
18.900000 18.913000 -4.056993 
18.900000 19.013000 -4.057020 
18.900000 19.113000 -4.057047 
18.900000 19.213000 -4.057070 
18.900000 19.313000 -4.057085 
18.900000 19.413000 -4.057091 
18.900000 19.513000 -4.057088 
18.900000 19.613000 -4.057075 
18.900000 19.713000 -4.057057 
18.900000 19.813000 -4.057035 
18.900000 19.913000 -4.057013 
18.900000 20.013000 -4.056994 
18.900000 20.113000 -4.056980 
18.900000 20.213000 -4.056972 
18.900000 20.313000 -4.056969 
18.900000 20.413000 -4.056969 
18.900000 20.513000 -4.056968 
18.900000 20.613000 -4.056964 
18.900000 20.713000 -4.056955 
18.900000 20.813000 -4.056939 
18.900000 20.913000 -4.056916 
18.900000 21.013000 -4.056887 
18.900000 21.113000 -4.056855 
18.900000 21.213000 -4.056824 
18.900000 21.313000 -4.056796 
18.900000 21.413000 -4.056774 
19.000000 18.013000 -4.056826 
19.000000 18.113000 -4.056850 
19.000000 18.213000 -4.056874 
19.000000 18.313000 -4.056898 
19.000000 18.413000 -4.056920 
19.000000 18.513000 -4.056941 
19.000000 18.613000 -4.056961 
19.000000 18.713000 -4.056980 
19.000000 18.813000 -4.056996 
19.000000 18.913000 -4.057010 
19.000000 19.013000 -4.057023 
19.000000 19.113000 -4.057033 
19.000000 19.213000 -4.057041 
19.000000 19.313000 -4.057046 
19.000000 19.413000 -4.057050 
19.000000 19.513000 -4.057051 
19.000000 19.613000 -4.057050 
19.000000 19.713000 -4.057047 
19.000000 19.813000 -4.057042 
19.000000 19.913000 -4.057034 
19.000000 20.013000 -4.057025 
19.000000 20.113000 -4.057013 
19.000000 20.213000 -4.057000 
19.000000 20.313000 -4.056985 
19.000000 20.413000 -4.056969 
19.000000 20.513000 -4.056952 
19.000000 20.613000 -4.056934 
19.000000 20.713000 -4.056916 
19.000000 20.813000 -4.056898 
19.000000 20.913000 -4.056880 
19.000000 21.013000 -4.056863 
19.000000 21.113000 -4.056847 
19.000000 21.213000 -4.056832 
19.000000 21.313000 -4.056817 
19.000000 21.413000 -4.056803 
19.100000 18.013000 -4.056804 
19.100000 18.113000 -4.056832 
19.100000 18.213000 -4.056866 
19.100000 18.313000 -4.056904 
19.100000 18.413000 -4.056943 
19.100000 18.513000 -4.056980 
19.100000 18.613000 -4.057009 
19.100000 18.713000 -4.057031 
19.100000 18.813000 -4.057043 
19.100000 18.913000 -4.057046 
19.100000 19.013000 -4.057043 
19.100000 19.113000 -4.057037 
19.100000 19.213000 -4.057030 
19.100000 19.313000 -4.057026 
19.100000 19.413000 -4.057027 
19.100000 19.513000 -4.057033 
19.100000 19.613000 -4.057043 
19.100000 19.713000 -4.057056 
19.100000 19.813000 -4.057067 
19.100000 19.913000 -4.057074 
19.100000 20.013000 -4.057073 
19.100000 20.113000 -4.057064 
19.100000 20.213000 -4.057046 
19.100000 20.313000 -4.057019 
19.100000 20.413000 -4.056988 
19.100000 20.513000 -4.056954 
19.100000 20.613000 -4.056922 
19.100000 20.713000 -4.056895 
19.100000 20.813000 -4.056876 
19.100000 20.913000 -4.056863 
19.100000 21.013000 -4.056858 
19.100000 21.113000 -4.056857 
19.100000 21.213000 -4.056858 
19.100000 21.313000 -4.056857 
19.100000 21.413000 -4.056851 
19.200000 18.013000 -4.056799 
19.200000 18.113000 -4.056831 
19.200000 18.213000 -4.056875 
19.200000 18.313000 -4.056927 
19.200000 18.413000 -4.056982 
19.200000 18.513000 -4.057032 
19.200000 18.613000 -4.057071 
19.200000 18.713000 -4.057095 
19.200000 18.813000 -4.057103 
19.200000 18.913000 -4.057097 
19.200000 19.013000 -4.057079 
19.200000 19.113000 -4.057057 
19.200000 19.213000 -4.057037 
19.200000 19.313000 -4.057024 
19.200000 19.413000 -4.057022 
19.200000 19.513000 -4.057033 
19.200000 19.613000 -4.057053 
19.200000 19.713000 -4.057080 
19.200000 19.813000 -4.057107 
19.200000 19.913000 -4.057127 
19.200000 20.013000 -4.057136 
19.200000 20.113000 -4.057129 
19.200000 20.213000 -4.057105 
19.200000 20.313000 -4.057068 
19.200000 20.413000 -4.057022 
19.200000 20.513000 -4.056973 
19.200000 20.613000 -4.056928 
19.200000 20.713000 -4.056893 
19.200000 20.813000 -4.056871 
19.200000 20.913000 -4.056864 
19.200000 21.013000 -4.056870 
19.200000 21.113000 -4.056884 
19.200000 21.213000 -4.056900 
19.200000 21.313000 -4.056911 
19.200000 21.413000 -4.056912 
19.300000 18.013000 -4.056809 
19.300000 18.113000 -4.056843 
19.300000 18.213000 -4.056896 
19.300000 18.313000 -4.056960 
19.300000 18.413000 -4.057028 
19.300000 18.513000 -4.057090 
19.300000 18.613000 -4.057137 
19.300000 18.713000 -4.057164 
19.300000 18.813000 -4.057168 
19.300000 18.913000 -4.057153 
19.300000 19.013000 -4.057123 
19.300000 19.113000 -4.057088 
19.300000 19.213000 -4.057056 
19.300000 19.313000 -4.057035 
19.300000 19.413000 -4.057031 
19.300000 19.513000 -4.057045 
19.300000 19.613000 -4.057075 
19.300000 19.713000 -4.057114 
19.300000 19.813000 -4.057155 
19.300000 19.913000 -4.057186 
19.300000 20.013000 -4.057202 
19.300000 20.113000 -4.057197 
19.300000 20.213000 -4.057170 
19.300000 20.313000 -4.057123 
19.300000 20.413000 -4.057064 
19.300000 20.513000 -4.057002 
19.300000 20.613000 -4.056946 
19.300000 20.713000 -4.056904 
19.300000 20.813000 -4.056881 
19.300000 20.913000 -4.056878 
19.300000 21.013000 -4.056893 
19.300000 21.113000 -4.056919 
19.300000 21.213000 -4.056948 
19.300000 21.313000 -4.056970 
19.300000 21.413000 -4.056978 
19.400000 18.013000 -4.056824 
19.400000 18.113000 -4.056861 
19.400000 18.213000 -4.056920 
19.400000 18.313000 -4.056994 
19.400000 18.413000 -4.057072 
19.400000 18.513000 -4.057142 
19.400000 18.613000 -4.057196 
19.400000 18.713000 -4.057224 
19.400000 18.813000 -4.057226 
19.400000 18.913000 -4.057204 
19.400000 19.013000 -4.057165 
19.400000 19.113000 -4.057119 
19.400000 19.213000 -4.057078 
19.400000 19.313000 -4.057052 
19.400000 19.413000 -4.057046 
19.400000 19.513000 -4.057063 
19.400000 19.613000 -4.057100 
19.400000 19.713000 -4.057149 
19.400000 19.813000 -4.057199 
19.400000 19.913000 -4.057240 
19.400000 20.013000 -4.057261 
19.400000 20.113000 -4.057257 
19.400000 20.213000 -4.057227 
19.400000 20.313000 -4.057173 
19.400000 20.413000 -4.057105 
19.400000 20.513000 -4.057033 
19.400000 20.613000 -4.056968 
19.400000 20.713000 -4.056920 
19.400000 20.813000 -4.056896 
19.400000 20.913000 -4.056897 
19.400000 21.013000 -4.056919 
19.400000 21.113000 -4.056955 
19.400000 21.213000 -4.056993 
19.400000 21.313000 -4.057024 
19.400000 21.413000 -4.057036 
19.500000 18.013000 -4.056837 
19.500000 18.113000 -4.056875 
19.500000 18.213000 -4.056938 
19.500000 18.313000 -4.057018 
19.500000 18.413000 -4.057103 
19.500000 18.513000 -4.057179 
19.500000 18.613000 -4.057236 
19.500000 18.713000 -4.057266 
19.500000 18.813000 -4.057266 
19.500000 18.913000 -4.057240 
19.500000 19.013000 -4.057195 
19.500000 19.113000 -4.057143 
19.500000 19.213000 -4.057096 
19.500000 19.313000 -4.057066 
19.500000 19.413000 -4.057059 
19.500000 19.513000 -4.057078 
19.500000 19.613000 -4.057119 
19.500000 19.713000 -4.057174 
19.500000 19.813000 -4.057231 
19.500000 19.913000 -4.057277 
19.500000 20.013000 -4.057302 
19.500000 20.113000 -4.057299 
19.500000 20.213000 -4.057267 
19.500000 20.313000 -4.057209 
19.500000 20.413000 -4.057134 
19.500000 20.513000 -4.057056 
19.500000 20.613000 -4.056985 
19.500000 20.713000 -4.056934 
19.500000 20.813000 -4.056909 
19.500000 20.913000 -4.056913 
19.500000 21.013000 -4.056939 
19.500000 21.113000 -4.056981 
19.500000 21.213000 -4.057026 
19.500000 21.313000 -4.057061 
19.500000 21.413000 -4.057077 
19.600000 18.013000 -4.056842 
19.600000 18.113000 -4.056881 
19.600000 18.213000 -4.056946 
19.600000 18.313000 -4.057027 
19.600000 18.413000 -4.057114 
19.600000 18.513000 -4.057192 
19.600000 18.613000 -4.057251 
19.600000 18.713000 -4.057281 
19.600000 18.813000 -4.057281 
19.600000 18.913000 -4.057253 
19.600000 19.013000 -4.057206 
19.600000 19.113000 -4.057151 
19.600000 19.213000 -4.057103 
19.600000 19.313000 -4.057071 
19.600000 19.413000 -4.057064 
19.600000 19.513000 -4.057084 
19.600000 19.613000 -4.057127 
19.600000 19.713000 -4.057183 
19.600000 19.813000 -4.057242 
19.600000 19.913000 -4.057290 
19.600000 20.013000 -4.057317 
19.600000 20.113000 -4.057314 
19.600000 20.213000 -4.057281 
19.600000 20.313000 -4.057221 
19.600000 20.413000 -4.057145 
19.600000 20.513000 -4.057064 
19.600000 20.613000 -4.056992 
19.600000 20.713000 -4.056940 
19.600000 20.813000 -4.056915 
19.600000 20.913000 -4.056918 
19.600000 21.013000 -4.056947 
19.600000 21.113000 -4.056990 
19.600000 21.213000 -4.057037 
19.600000 21.313000 -4.057074 
19.600000 21.413000 -4.057091 
19.700000 18.013000 -4.056837 
19.700000 18.113000 -4.056875 
19.700000 18.213000 -4.056938 
19.700000 18.313000 -4.057018 
19.700000 18.413000 -4.057103 
19.700000 18.513000 -4.057179 
19.700000 18.613000 -4.057236 
19.700000 18.713000 -4.057266 
19.700000 18.813000 -4.057266 
19.700000 18.913000 -4.057240 
19.700000 19.013000 -4.057195 
19.700000 19.113000 -4.057143 
19.700000 19.213000 -4.057096 
19.700000 19.313000 -4.057066 
19.700000 19.413000 -4.057059 
19.700000 19.513000 -4.057078 
19.700000 19.613000 -4.057119 
19.700000 19.713000 -4.057174 
19.700000 19.813000 -4.057231 
19.700000 19.913000 -4.057277 
19.700000 20.013000 -4.057302 
19.700000 20.113000 -4.057299 
19.700000 20.213000 -4.057267 
19.700000 20.313000 -4.057209 
19.700000 20.413000 -4.057134 
19.700000 20.513000 -4.057056 
19.700000 20.613000 -4.056985 
19.700000 20.713000 -4.056934 
19.700000 20.813000 -4.056909 
19.700000 20.913000 -4.056913 
19.700000 21.013000 -4.056939 
19.700000 21.113000 -4.056981 
19.700000 21.213000 -4.057026 
19.700000 21.313000 -4.057061 
19.700000 21.413000 -4.057077 
19.800000 18.013000 -4.056824 
19.800000 18.113000 -4.056861 
19.800000 18.213000 -4.056920 
19.800000 18.313000 -4.056994 
19.800000 18.413000 -4.057072 
19.800000 18.513000 -4.057142 
19.800000 18.613000 -4.057196 
19.800000 18.713000 -4.057224 
19.800000 18.813000 -4.057226 
19.800000 18.913000 -4.057204 
19.800000 19.013000 -4.057165 
19.800000 19.113000 -4.057119 
19.800000 19.213000 -4.057078 
19.800000 19.313000 -4.057052 
19.800000 19.413000 -4.057046 
19.800000 19.513000 -4.057063 
19.800000 19.613000 -4.057100 
19.800000 19.713000 -4.057149 
19.800000 19.813000 -4.057199 
19.800000 19.913000 -4.057240 
19.800000 20.013000 -4.057261 
19.800000 20.113000 -4.057257 
19.800000 20.213000 -4.057227 
19.800000 20.313000 -4.057173 
19.800000 20.413000 -4.057105 
19.800000 20.513000 -4.057033 
19.800000 20.613000 -4.056968 
19.800000 20.713000 -4.056920 
19.800000 20.813000 -4.056896 
19.800000 20.913000 -4.056897 
19.800000 21.013000 -4.056919 
19.800000 21.113000 -4.056955 
19.800000 21.213000 -4.056993 
19.800000 21.313000 -4.057024 
19.800000 21.413000 -4.057036 
19.900000 18.013000 -4.056809 
19.900000 18.113000 -4.056843 
19.900000 18.213000 -4.056896 
19.900000 18.313000 -4.056960 
19.900000 18.413000 -4.057028 
19.900000 18.513000 -4.057090 
19.900000 18.613000 -4.057137 
19.900000 18.713000 -4.057164 
19.900000 18.813000 -4.057168 
19.900000 18.913000 -4.057153 
19.900000 19.013000 -4.057123 
19.900000 19.113000 -4.057088 
19.900000 19.213000 -4.057056 
19.900000 19.313000 -4.057035 
19.900000 19.413000 -4.057031 
19.900000 19.513000 -4.057045 
19.900000 19.613000 -4.057075 
19.900000 19.713000 -4.057114 
19.900000 19.813000 -4.057155 
19.900000 19.913000 -4.057186 
19.900000 20.013000 -4.057202 
19.900000 20.113000 -4.057197 
19.900000 20.213000 -4.057170 
19.900000 20.313000 -4.057123 
19.900000 20.413000 -4.057064 
19.900000 20.513000 -4.057002 
19.900000 20.613000 -4.056946 
19.900000 20.713000 -4.056904 
19.900000 20.813000 -4.056881 
19.900000 20.913000 -4.056878 
19.900000 21.013000 -4.056893 
19.900000 21.113000 -4.056919 
19.900000 21.213000 -4.056948 
19.900000 21.313000 -4.056970 
19.900000 21.413000 -4.056978 
20.000000 18.013000 -4.056799 
20.000000 18.113000 -4.056831 
20.000000 18.213000 -4.056875 
20.000000 18.313000 -4.056927 
20.000000 18.413000 -4.056982 
20.000000 18.513000 -4.057032 
20.000000 18.613000 -4.057071 
20.000000 18.713000 -4.057095 
20.000000 18.813000 -4.057103 
20.000000 18.913000 -4.057097 
20.000000 19.013000 -4.057079 
20.000000 19.113000 -4.057057 
20.000000 19.213000 -4.057037 
20.000000 19.313000 -4.057024 
20.000000 19.413000 -4.057022 
20.000000 19.513000 -4.057033 
20.000000 19.613000 -4.057053 
20.000000 19.713000 -4.057080 
20.000000 19.813000 -4.057107 
20.000000 19.913000 -4.057127 
20.000000 20.013000 -4.057136 
20.000000 20.113000 -4.057129 
20.000000 20.213000 -4.057105 
20.000000 20.313000 -4.057068 
20.000000 20.413000 -4.057022 
20.000000 20.513000 -4.056973 
20.000000 20.613000 -4.056928 
20.000000 20.713000 -4.056893 
20.000000 20.813000 -4.056871 
20.000000 20.913000 -4.056864 
20.000000 21.013000 -4.056870 
20.000000 21.113000 -4.056884 
20.000000 21.213000 -4.056900 
20.000000 21.313000 -4.056911 
20.000000 21.413000 -4.056912 
20.100000 18.013000 -4.056804 
20.100000 18.113000 -4.056832 
20.100000 18.213000 -4.056866 
20.100000 18.313000 -4.056904 
20.100000 18.413000 -4.056943 
20.100000 18.513000 -4.056980 
20.100000 18.613000 -4.057009 
20.100000 18.713000 -4.057031 
20.100000 18.813000 -4.057043 
20.100000 18.913000 -4.057046 
20.100000 19.013000 -4.057043 
20.100000 19.113000 -4.057037 
20.100000 19.213000 -4.057030 
20.100000 19.313000 -4.057026 
20.100000 19.413000 -4.057027 
20.100000 19.513000 -4.057033 
20.100000 19.613000 -4.057043 
20.100000 19.713000 -4.057056 
20.100000 19.813000 -4.057067 
20.100000 19.913000 -4.057074 
20.100000 20.013000 -4.057073 
20.100000 20.113000 -4.057064 
20.100000 20.213000 -4.057046 
20.100000 20.313000 -4.057019 
20.100000 20.413000 -4.056988 
20.100000 20.513000 -4.056954 
20.100000 20.613000 -4.056922 
20.100000 20.713000 -4.056895 
20.100000 20.813000 -4.056876 
20.100000 20.913000 -4.056863 
20.100000 21.013000 -4.056858 
20.100000 21.113000 -4.056857 
20.100000 21.213000 -4.056858 
20.100000 21.313000 -4.056857 
20.100000 21.413000 -4.056851 
20.200000 18.013000 -4.056826 
20.200000 18.113000 -4.056850 
20.200000 18.213000 -4.056874 
20.200000 18.313000 -4.056898 
20.200000 18.413000 -4.056920 
20.200000 18.513000 -4.056941 
20.200000 18.613000 -4.056961 
20.200000 18.713000 -4.056980 
20.200000 18.813000 -4.056996 
20.200000 18.913000 -4.057010 
20.200000 19.013000 -4.057023 
20.200000 19.113000 -4.057033 
20.200000 19.213000 -4.057041 
20.200000 19.313000 -4.057046 
20.200000 19.413000 -4.057050 
20.200000 19.513000 -4.057051 
20.200000 19.613000 -4.057050 
20.200000 19.713000 -4.057047 
20.200000 19.813000 -4.057042 
20.200000 19.913000 -4.057034 
20.200000 20.013000 -4.057025 
20.200000 20.113000 -4.057013 
20.200000 20.213000 -4.057000 
20.200000 20.313000 -4.056985 
20.200000 20.413000 -4.056969 
20.200000 20.513000 -4.056952 
20.200000 20.613000 -4.056934 
20.200000 20.713000 -4.056916 
20.200000 20.813000 -4.056898 
20.200000 20.913000 -4.056880 
20.200000 21.013000 -4.056863 
20.200000 21.113000 -4.056847 
20.200000 21.213000 -4.056832 
20.200000 21.313000 -4.056817 
20.200000 21.413000 -4.056803 
20.300000 18.013000 -4.056868 
20.300000 18.113000 -4.056888 
20.300000 18.213000 -4.056901 
20.300000 18.313000 -4.056909 
20.300000 18.413000 -4.056915 
20.300000 18.513000 -4.056922 
20.300000 18.613000 -4.056932 
20.300000 18.713000 -4.056947 
20.300000 18.813000 -4.056967 
20.300000 18.913000 -4.056993 
20.300000 19.013000 -4.057020 
20.300000 19.113000 -4.057047 
20.300000 19.213000 -4.057070 
20.300000 19.313000 -4.057085 
20.300000 19.413000 -4.057091 
20.300000 19.513000 -4.057088 
20.300000 19.613000 -4.057075 
20.300000 19.713000 -4.057057 
20.300000 19.813000 -4.057035 
20.300000 19.913000 -4.057013 
20.300000 20.013000 -4.056994 
20.300000 20.113000 -4.056980 
20.300000 20.213000 -4.056972 
20.300000 20.313000 -4.056969 
20.300000 20.413000 -4.056969 
20.300000 20.513000 -4.056968 
20.300000 20.613000 -4.056964 
20.300000 20.713000 -4.056955 
20.300000 20.813000 -4.056939 
20.300000 20.913000 -4.056916 
20.300000 21.013000 -4.056887 
20.300000 21.113000 -4.056855 
20.300000 21.213000 -4.056824 
20.300000 21.313000 -4.056796 
20.300000 21.413000 -4.056774 
20.400000 18.013000 -4.056922 
20.400000 18.113000 -4.056938 
20.400000 18.213000 -4.056942 
20.400000 18.313000 -4.056936 
20.400000 18.413000 -4.056927 
20.400000 18.513000 -4.056919 
20.400000 18.613000 -4.056920 
20.400000 18.713000 -4.056932 
20.400000 18.813000 -4.056957 
20.400000 18.913000 -4.056993 
20.400000 19.013000 -4.057035 
20.400000 19.113000 -4.057077 
20.400000 19.213000 -4.057113 
20.400000 19.313000 -4.057137 
20.400000 19.413000 -4.057146 
20.400000 19.513000 -4.057138 
20.400000 19.613000 -4.057115 
20.400000 19.713000 -4.057082 
20.400000 19.813000 -4.057045 
20.400000 19.913000 -4.057009 
20.400000 20.013000 -4.056982 
20.400000 20.113000 -4.056966 
20.400000 20.213000 -4.056963 
20.400000 20.313000 -4.056970 
20.400000 20.413000 -4.056984 
20.400000 20.513000 -4.056999 
20.400000 20.613000 -4.057009 
20.400000 20.713000 -4.057008 
20.400000 20.813000 -4.056993 
20.400000 20.913000 -4.056965 
20.400000 21.013000 -4.056925 
20.400000 21.113000 -4.056879 
20.400000 21.213000 -4.056832 
20.400000 21.313000 -4.056792 
20.400000 21.413000 -4.056762 
20.500000 18.013000 -4.056981 
20.500000 18.113000 -4.056994 
20.500000 18.213000 -4.056989 
20.500000 18.313000 -4.056971 
20.500000 18.413000 -4.056948 
20.500000 18.513000 -4.056929 
20.500000 18.613000 -4.056922 
20.500000 18.713000 -4.056932 
20.500000 18.813000 -4.056960 
20.500000 18.913000 -4.057004 
20.500000 19.013000 -4.057058 
20.500000 19.113000 -4.057114 
20.500000 19.213000 -4.057162 
20.500000 19.313000 -4.057194 
20.500000 19.413000 -4.057205 
20.500000 19.513000 -4.057193 
20.500000 19.613000 -4.057161 
20.500000 19.713000 -4.057116 
20.500000 19.813000 -4.057065 
20.500000 19.913000 -4.057018 
20.500000 20.013000 -4.056983 
20.500000 20.113000 -4.056966 
20.500000 20.213000 -4.056966 
20.500000 20.313000 -4.056983 
20.500000 20.413000 -4.057010 
20.500000 20.513000 -4.057038 
20.500000 20.613000 -4.057058 
20.500000 20.713000 -4.057065 
20.500000 20.813000 -4.057052 
20.500000 20.913000 -4.057019 
20.500000 21.013000 -4.056970 
20.500000 21.113000 -4.056911 
20.500000 21.213000 -4.056852 
20.500000 21.313000 -4.056800 
20.500000 21.413000 -4.056765 
20.600000 18.013000 -4.057032 
20.600000 18.113000 -4.057043 
20.600000 18.213000 -4.057031 
20.600000 18.313000 -4.057004 
20.600000 18.413000 -4.056971 
20.600000 18.513000 -4.056943 
20.600000 18.613000 -4.056930 
20.600000 18.713000 -4.056938 
20.600000 18.813000 -4.056968 
20.600000 18.913000 -4.057019 
20.600000 19.013000 -4.057083 
20.600000 19.113000 -4.057149 
20.600000 19.213000 -4.057206 
20.600000 19.313000 -4.057244 
20.600000 19.413000 -4.057256 
20.600000 19.513000 -4.057241 
20.600000 19.613000 -4.057203 
20.600000 19.713000 -4.057148 
20.600000 19.813000 -4.057087 
20.600000 19.913000 -4.057031 
20.600000 20.013000 -4.056990 
20.600000 20.113000 -4.056971 
20.600000 20.213000 -4.056975 
20.600000 20.313000 -4.056999 
20.600000 20.413000 -4.057035 
20.600000 20.513000 -4.057074 
20.600000 20.613000 -4.057103 
20.600000 20.713000 -4.057114 
20.600000 20.813000 -4.057103 
20.600000 20.913000 -4.057066 
20.600000 21.013000 -4.057010 
20.600000 21.113000 -4.056942 
20.600000 21.213000 -4.056873 
20.600000 21.313000 -4.056813 
20.600000 21.413000 -4.056772 
20.700000 18.013000 -4.057065 
20.700000 18.113000 -4.057074 
20.700000 18.213000 -4.057059 
20.700000 18.313000 -4.057026 
20.700000 18.413000 -4.056986 
20.700000 18.513000 -4.056952 
20.700000 18.613000 -4.056935 
20.700000 18.713000 -4.056942 
20.700000 18.813000 -4.056974 
20.700000 18.913000 -4.057030 
20.700000 19.013000 -4.057099 
20.700000 19.113000 -4.057171 
20.700000 19.213000 -4.057234 
20.700000 19.313000 -4.057275 
20.700000 19.413000 -4.057289 
20.700000 19.513000 -4.057272 
20.700000 19.613000 -4.057229 
20.700000 19.713000 -4.057168 
20.700000 19.813000 -4.057101 
20.700000 19.913000 -4.057040 
20.700000 20.013000 -4.056996 
20.700000 20.113000 -4.056976 
20.700000 20.213000 -4.056982 
20.700000 20.313000 -4.057010 
20.700000 20.413000 -4.057052 
20.700000 20.513000 -4.057097 
20.700000 20.613000 -4.057132 
20.700000 20.713000 -4.057146 
20.700000 20.813000 -4.057135 
20.700000 20.913000 -4.057097 
20.700000 21.013000 -4.057036 
20.700000 21.113000 -4.056962 
20.700000 21.213000 -4.056886 
20.700000 21.313000 -4.056822 
20.700000 21.413000 -4.056778 
20.800000 18.013000 -4.057071 
20.800000 18.113000 -4.057080 
20.800000 18.213000 -4.057063 
20.800000 18.313000 -4.057028 
20.800000 18.413000 -4.056986 
20.800000 18.513000 -4.056951 
20.800000 18.613000 -4.056932 
20.800000 18.713000 -4.056938 
20.800000 18.813000 -4.056971 
20.800000 18.913000 -4.057028 
20.800000 19.013000 -4.057100 
20.800000 19.113000 -4.057174 
20.800000 19.213000 -4.057239 
20.800000 19.313000 -4.057281 
20.800000 19.413000 -4.057295 
20.800000 19.513000 -4.057278 
20.800000 19.613000 -4.057234 
20.800000 19.713000 -4.057171 
20.800000 19.813000 -4.057101 
20.800000 19.913000 -4.057038 
20.800000 20.013000 -4.056992 
20.800000 20.113000 -4.056972 
20.800000 20.213000 -4.056979 
20.800000 20.313000 -4.057009 
20.800000 20.413000 -4.057053 
20.800000 20.513000 -4.057100 
20.800000 20.613000 -4.057136 
20.800000 20.713000 -4.057152 
20.800000 20.813000 -4.057142 
20.800000 20.913000 -4.057103 
20.800000 21.013000 -4.057040 
20.800000 21.113000 -4.056964 
20.800000 21.213000 -4.056886 
20.800000 21.313000 -4.056820 
20.800000 21.413000 -4.056775 
20.900000 18.013000 -4.057048 
20.900000 18.113000 -4.057057 
20.900000 18.213000 -4.057042 
20.900000 18.313000 -4.057009 
20.900000 18.413000 -4.056969 
20.900000 18.513000 -4.056936 
20.900000 18.613000 -4.056919 
20.900000 18.713000 -4.056925 
20.900000 18.813000 -4.056958 
20.900000 18.913000 -4.057013 
20.900000 19.013000 -4.057082 
20.900000 19.113000 -4.057155 
20.900000 19.213000 -4.057217 
20.900000 19.313000 -4.057259 
20.900000 19.413000 -4.057272 
20.900000 19.513000 -4.057256 
20.900000 19.613000 -4.057213 
20.900000 19.713000 -4.057152 
20.900000 19.813000 -4.057084 
20.900000 19.913000 -4.057023 
20.900000 20.013000 -4.056979 
20.900000 20.113000 -4.056959 
20.900000 20.213000 -4.056965 
20.900000 20.313000 -4.056993 
20.900000 20.413000 -4.057036 
20.900000 20.513000 -4.057080 
20.900000 20.613000 -4.057115 
20.900000 20.713000 -4.057130 
20.900000 20.813000 -4.057119 
20.900000 20.913000 -4.057080 
20.900000 21.013000 -4.057020 
20.900000 21.113000 -4.056945 
20.900000 21.213000 -4.056870 
20.900000 21.313000 -4.056805 
20.900000 21.413000 -4.056761 
21.000000 18.013000 -4.056999 
21.000000 18.113000 -4.057010 
21.000000 18.213000 -4.056998 
21.000000 18.313000 -4.056971 
21.000000 18.413000 -4.056938 
21.000000 18.513000 -4.056910 
21.000000 18.613000 -4.056896 
21.000000 18.713000 -4.056904 
21.000000 18.813000 -4.056935 
21.000000 18.913000 -4.056986 
21.000000 19.013000 -4.057050 
21.000000 19.113000 -4.057116 
21.000000 19.213000 -4.057172 
21.000000 19.313000 -4.057210 
21.000000 19.413000 -4.057223 
21.000000 19.513000 -4.057208 
21.000000 19.613000 -4.057170 
21.000000 19.713000 -4.057114 
21.000000 19.813000 -4.057053 
21.000000 19.913000 -4.056998 
21.000000 20.013000 -4.056957 
21.000000 20.113000 -4.056938 
21.000000 20.213000 -4.056942 
21.000000 20.313000 -4.056966 
21.000000 20.413000 -4.057002 
21.000000 20.513000 -4.057040 
21.000000 20.613000 -4.057070 
21.000000 20.713000 -4.057081 
21.000000 20.813000 -4.057069 
21.000000 20.913000 -4.057033 
21.000000 21.013000 -4.056977 
21.000000 21.113000 -4.056909 
21.000000 21.213000 -4.056839 
21.000000 21.313000 -4.056780 
21.000000 21.413000 -4.056739 
21.100000 18.013000 -4.056931 
21.100000 18.113000 -4.056944 
21.100000 18.213000 -4.056939 
21.100000 18.313000 -4.056921 
21.100000 18.413000 -4.056898 
21.100000 18.513000 -4.056879 
21.100000 18.613000 -4.056872 
21.100000 18.713000 -4.056882 
21.100000 18.813000 -4.056910 
21.100000 18.913000 -4.056954 
21.100000 19.013000 -4.057009 
21.100000 19.113000 -4.057064 
21.100000 19.213000 -4.057112 
21.100000 19.313000 -4.057144 
21.100000 19.413000 -4.057155 
21.100000 19.513000 -4.057143 
21.100000 19.613000 -4.057111 
21.100000 19.713000 -4.057066 
21.100000 19.813000 -4.057015 
21.100000 19.913000 -4.056968 
21.100000 20.013000 -4.056933 
21.100000 20.113000 -4.056916 
21.100000 20.213000 -4.056916 
21.100000 20.313000 -4.056933 
21.100000 20.413000 -4.056960 
21.100000 20.513000 -4.056988 
21.100000 20.613000 -4.057009 
21.100000 20.713000 -4.057015 
21.100000 20.813000 -4.057002 
21.100000 20.913000 -4.056969 
21.100000 21.013000 -4.056920 
21.100000 21.113000 -4.056861 
21.100000 21.213000 -4.056802 
21.100000 21.313000 -4.056750 
21.100000 21.413000 -4.056715 
21.200000 18.013000 -4.056856 
21.200000 18.113000 -4.056872 
21.200000 18.213000 -4.056875 
21.200000 18.313000 -4.056870 
21.200000 18.413000 -4.056860 
21.200000 18.513000 -4.056853 
21.200000 18.613000 -4.056853 
21.200000 18.713000 -4.056866 
21.200000 18.813000 -4.056890 
21.200000 18.913000 -4.056926 
21.200000 19.013000 -4.056968 
21.200000 19.113000 -4.057010 
21.200000 19.213000 -4.057046 
21.200000 19.313000 -4.057071 
21.200000 19.413000 -4.057079 
21.200000 19.513000 -4.057071 
21.200000 19.613000 -4.057049 
21.200000 19.713000 -4.057015 
21.200000 19.813000 -4.056978 
21.200000 19.913000 -4.056943 
21.200000 20.013000 -4.056915 
21.200000 20.113000 -4.056899 
21.200000 20.213000 -4.056896 
21.200000 20.313000 -4.056904 
21.200000 20.413000 -4.056918 
21.200000 20.513000 -4.056932 
21.200000 20.613000 -4.056942 
21.200000 20.713000 -4.056941 
21.200000 20.813000 -4.056927 
21.200000 20.913000 -4.056898 
21.200000 21.013000 -4.056859 
21.200000 21.113000 -4.056812 
21.200000 21.213000 -4.056766 
21.200000 21.313000 -4.056725 
21.200000 21.413000 -4.056696 
21.300000 18.013000 -4.056784 
21.300000 18.113000 -4.056804 
21.300000 18.213000 -4.056818 
21.300000 18.313000 -4.056826 
21.300000 18.413000 -4.056832 
21.300000 18.513000 -4.056838 
21.300000 18.613000 -4.056848 
21.300000 18.713000 -4.056863 
21.300000 18.813000 -4.056884 
21.300000 18.913000 -4.056909 
21.300000 19.013000 -4.056937 
21.300000 19.113000 -4.056964 
21.300000 19.213000 -4.056986 
21.300000 19.313000 -4.057002 
21.300000 19.413000 -4.057008 
21.300000 19.513000 -4.057004 
21.300000 19.613000 -4.056992 
21.300000 19.713000 -4.056973 
21.300000 19.813000 -4.056951 
21.300000 19.913000 -4.056929 
21.300000 20.013000 -4.056911 
21.300000 20.113000 -4.056897 
21.300000 20.213000 -4.056889 
21.300000 20.313000 -4.056886 
21.300000 20.413000 -4.056885 
21.300000 20.513000 -4.056884 
21.300000 20.613000 -4.056881 
21.300000 20.713000 -4.056872 
21.300000 20.813000 -4.056855 
21.300000 20.913000 -4.056832 
21.300000 21.013000 -4.056804 
21.300000 21.113000 -4.056772 
21.300000 21.213000 -4.056740 
21.300000 21.313000 -4.056712 
21.300000 21.413000 -4.056690 
21.400000 18.013000 -4.056726 
21.400000 18.113000 -4.056750 
21.400000 18.213000 -4.056774 
21.400000 18.313000 -4.056797 
21.400000 18.413000 -4.056820 
21.400000 18.513000 -4.056841 
21.400000 18.613000 -4.056861 
21.400000 18.713000 -4.056879 
21.400000 18.813000 -4.056896 
21.400000 18.913000 -4.056910 
21.400000 19.013000 -4.056922 
21.400000 19.113000 -4.056932 
21.400000 19.213000 -4.056940 
21.400000 19.313000 -4.056946 
21.400000 19.413000 -4.056949 
21.400000 19.513000 -4.056951 
21.400000 19.613000 -4.056950 
21.400000 19.713000 -4.056947 
21.400000 19.813000 -4.056941 
21.400000 19.913000 -4.056934 
21.400000 20.013000 -4.056924 
21.400000 20.113000 -4.056913 
21.400000 20.213000 -4.056900 
21.400000 20.313000 -4.056885 
21.400000 20.413000 -4.056869 
21.400000 20.513000 -4.056852 
21.400000 20.613000 -4.056834 
21.400000 20.713000 -4.056816 
21.400000 20.813000 -4.056798 
21.400000 20.913000 -4.056780 
21.400000 21.013000 -4.056763 
21.400000 21.113000 -4.056747 
21.400000 21.213000 -4.056731 
21.400000 21.313000 -4.056717 
21.400000 21.413000 -4.056703 
21.500000 18.013000 -4.056687 
21.500000 18.113000 -4.056714 
21.500000 18.213000 -4.056749 
21.500000 18.313000 -4.056787 
21.500000 18.413000 -4.056826 
21.500000 18.513000 -4.056862 
21.500000 18.613000 -4.056892 
21.500000 18.713000 -4.056914 
21.500000 18.813000 -4.056926 
21.500000 18.913000 -4.056929 
21.500000 19.013000 -4.056926 
21.500000 19.113000 -4.056919 
21.500000 19.213000 -4.056913 
21.500000 19.313000 -4.056909 
21.500000 19.413000 -4.056910 
21.500000 19.513000 -4.056916 
21.500000 19.613000 -4.056926 
21.500000 19.713000 -4.056938 
21.500000 19.813000 -4.056949 
21.500000 19.913000 -4.056956 
21.500000 20.013000 -4.056956 
21.500000 20.113000 -4.056947 
21.500000 20.213000 -4.056929 
21.500000 20.313000 -4.056902 
21.500000 20.413000 -4.056870 
21.500000 20.513000 -4.056837 
21.500000 20.613000 -4.056805 
21.500000 20.713000 -4.056778 
21.500000 20.813000 -4.056758 
21.500000 20.913000 -4.056746 
21.500000 21.013000 -4.056741 
21.500000 21.113000 -4.056740 
21.500000 21.213000 -4.056741 
21.500000 21.313000 -4.056740 
21.500000 21.413000 -4.056734 
