       0.000    0.000    0.000
      -0.350    0.606    0.000
       0.700    0.000    0.000
       1.050    0.606    0.000
       2.100    0.000    0.000
       1.750    0.606    0.000
       2.800    0.000    0.000
       3.150    0.606    0.000
       4.200    0.000    0.000
       3.850    0.606    0.000
       4.900    0.000    0.000
       5.250    0.606    0.000
       6.300    0.000    0.000
       5.950    0.606    0.000
       7.000    0.000    0.000
       7.350    0.606    0.000
       8.400    0.000    0.000
       8.050    0.606    0.000
       9.100    0.000    0.000
       9.450    0.606    0.000
      10.500    0.000    0.000
      10.150    0.606    0.000
      11.200    0.000    0.000
      11.550    0.606    0.000
      12.600    0.000    0.000
      12.250    0.606    0.000
      13.300    0.000    0.000
      13.650    0.606    0.000
      14.700    0.000    0.000
      14.350    0.606    0.000
      15.400    0.000    0.000
      15.750    0.606    0.000
      16.800    0.000    0.000
      16.450    0.606    0.000
      17.500    0.000    0.000
      17.850    0.606    0.000
      18.900    0.000    0.000
      18.550    0.606    0.000
      19.600    0.000    0.000
      19.950    0.606    0.000
      21.000    0.000    0.000
      20.650    0.606    0.000
      21.700    0.000    0.000
      22.050    0.606    0.000
      23.100    0.000    0.000
      22.750    0.606    0.000
      23.800    0.000    0.000
      24.150    0.606    0.000
      25.200    0.000    0.000
      24.850    0.606    0.000
      25.900    0.000    0.000
      26.250    0.606    0.000
      27.300    0.000    0.000
      26.950    0.606    0.000
      28.000    0.000    0.000
      28.350    0.606    0.000
      29.400    0.000    0.000
      29.050    0.606    0.000
      30.100    0.000    0.000
      30.450    0.606    0.000
      31.500    0.000    0.000
      31.150    0.606    0.000
      32.200    0.000    0.000
      32.550    0.606    0.000
      33.600    0.000    0.000
      33.250    0.606    0.000
      34.300    0.000    0.000
      34.650    0.606    0.000
      35.700    0.000    0.000
      35.350    0.606    0.000
      36.400    0.000    0.000
      36.750    0.606    0.000
      37.800    0.000    0.000
      37.450    0.606    0.000
      38.500    0.000    0.000
      38.850    0.606    0.000
      39.900    0.000    0.000
      39.550    0.606    0.000
      40.600    0.000    0.000
      40.950    0.606    0.000
       0.000    1.212    0.000
      -0.350    1.819    0.000
       0.700    1.212    0.000
       1.050    1.819    0.000
       2.100    1.212    0.000
       1.750    1.819    0.000
       2.800    1.212    0.000
       3.150    1.819    0.000
       4.200    1.212    0.000
       3.850    1.819    0.000
       4.900    1.212    0.000
       5.250    1.819    0.000
       6.300    1.212    0.000
       5.950    1.819    0.000
       7.000    1.212    0.000
       7.350    1.819    0.000
       8.400    1.212    0.000
       8.050    1.819    0.000
       9.100    1.212    0.000
       9.450    1.819    0.000
      10.500    1.212    0.000
      10.150    1.819    0.000
      11.200    1.212    0.000
      11.550    1.819    0.000
      12.600    1.212    0.000
      12.250    1.819    0.000
      13.300    1.212    0.000
      13.650    1.819    0.000
      14.700    1.212    0.000
      14.350    1.819    0.000
      15.400    1.212    0.000
      15.750    1.819    0.000
      16.800    1.212    0.000
      16.450    1.819    0.000
      17.500    1.212    0.000
      17.850    1.819    0.000
      18.900    1.212    0.000
      18.550    1.819    0.000
      19.600    1.212    0.000
      19.950    1.819    0.000
      21.000    1.212    0.000
      20.650    1.819    0.000
      21.700    1.212    0.000
      22.050    1.819    0.000
      23.100    1.212    0.000
      22.750    1.819    0.000
      23.800    1.212    0.000
      24.150    1.819    0.000
      25.200    1.212    0.000
      24.850    1.819    0.000
      25.900    1.212    0.000
      26.250    1.819    0.000
      27.300    1.212    0.000
      26.950    1.819    0.000
      28.000    1.212    0.000
      28.350    1.819    0.000
      29.400    1.212    0.000
      29.050    1.819    0.000
      30.100    1.212    0.000
      30.450    1.819    0.000
      31.500    1.212    0.000
      31.150    1.819    0.000
      32.200    1.212    0.000
      32.550    1.819    0.000
      33.600    1.212    0.000
      33.250    1.819    0.000
      34.300    1.212    0.000
      34.650    1.819    0.000
      35.700    1.212    0.000
      35.350    1.819    0.000
      36.400    1.212    0.000
      36.750    1.819    0.000
      37.800    1.212    0.000
      37.450    1.819    0.000
      38.500    1.212    0.000
      38.850    1.819    0.000
      39.900    1.212    0.000
      39.550    1.819    0.000
      40.600    1.212    0.000
      40.950    1.819    0.000
       0.000    2.425    0.000
      -0.350    3.031    0.000
       0.700    2.425    0.000
       1.050    3.031    0.000
       2.100    2.425    0.000
       1.750    3.031    0.000
       2.800    2.425    0.000
       3.150    3.031    0.000
       4.200    2.425    0.000
       3.850    3.031    0.000
       4.900    2.425    0.000
       5.250    3.031    0.000
       6.300    2.425    0.000
       5.950    3.031    0.000
       7.000    2.425    0.000
       7.350    3.031    0.000
       8.400    2.425    0.000
       8.050    3.031    0.000
       9.100    2.425    0.000
       9.450    3.031    0.000
      10.500    2.425    0.000
      10.150    3.031    0.000
      11.200    2.425    0.000
      11.550    3.031    0.000
      12.600    2.425    0.000
      12.250    3.031    0.000
      13.300    2.425    0.000
      13.650    3.031    0.000
      14.700    2.425    0.000
      14.350    3.031    0.000
      15.400    2.425    0.000
      15.750    3.031    0.000
      16.800    2.425    0.000
      16.450    3.031    0.000
      17.500    2.425    0.000
      17.850    3.031    0.000
      18.900    2.425    0.000
      18.550    3.031    0.000
      19.600    2.425    0.000
      19.950    3.031    0.000
      21.000    2.425    0.000
      20.650    3.031    0.000
      21.700    2.425    0.000
      22.050    3.031    0.000
      23.100    2.425    0.000
      22.750    3.031    0.000
      23.800    2.425    0.000
      24.150    3.031    0.000
      25.200    2.425    0.000
      24.850    3.031    0.000
      25.900    2.425    0.000
      26.250    3.031    0.000
      27.300    2.425    0.000
      26.950    3.031    0.000
      28.000    2.425    0.000
      28.350    3.031    0.000
      29.400    2.425    0.000
      29.050    3.031    0.000
      30.100    2.425    0.000
      30.450    3.031    0.000
      31.500    2.425    0.000
      31.150    3.031    0.000
      32.200    2.425    0.000
      32.550    3.031    0.000
      33.600    2.425    0.000
      33.250    3.031    0.000
      34.300    2.425    0.000
      34.650    3.031    0.000
      35.700    2.425    0.000
      35.350    3.031    0.000
      36.400    2.425    0.000
      36.750    3.031    0.000
      37.800    2.425    0.000
      37.450    3.031    0.000
      38.500    2.425    0.000
      38.850    3.031    0.000
      39.900    2.425    0.000
      39.550    3.031    0.000
      40.600    2.425    0.000
      40.950    3.031    0.000
       0.000    3.637    0.000
      -0.350    4.244    0.000
       0.700    3.637    0.000
       1.050    4.244    0.000
       2.100    3.637    0.000
       1.750    4.244    0.000
       2.800    3.637    0.000
       3.150    4.244    0.000
       4.200    3.637    0.000
       3.850    4.244    0.000
       4.900    3.637    0.000
       5.250    4.244    0.000
       6.300    3.637    0.000
       5.950    4.244    0.000
       7.000    3.637    0.000
       7.350    4.244    0.000
       8.400    3.637    0.000
       8.050    4.244    0.000
       9.100    3.637    0.000
       9.450    4.244    0.000
      10.500    3.637    0.000
      10.150    4.244    0.000
      11.200    3.637    0.000
      11.550    4.244    0.000
      12.600    3.637    0.000
      12.250    4.244    0.000
      13.300    3.637    0.000
      13.650    4.244    0.000
      14.700    3.637    0.000
      14.350    4.244    0.000
      15.400    3.637    0.000
      15.750    4.244    0.000
      16.800    3.637    0.000
      16.450    4.244    0.000
      17.500    3.637    0.000
      17.850    4.244    0.000
      18.900    3.637    0.000
      18.550    4.244    0.000
      19.600    3.637    0.000
      19.950    4.244    0.000
      21.000    3.637    0.000
      20.650    4.244    0.000
      21.700    3.637    0.000
      22.050    4.244    0.000
      23.100    3.637    0.000
      22.750    4.244    0.000
      23.800    3.637    0.000
      24.150    4.244    0.000
      25.200    3.637    0.000
      24.850    4.244    0.000
      25.900    3.637    0.000
      26.250    4.244    0.000
      27.300    3.637    0.000
      26.950    4.244    0.000
      28.000    3.637    0.000
      28.350    4.244    0.000
      29.400    3.637    0.000
      29.050    4.244    0.000
      30.100    3.637    0.000
      30.450    4.244    0.000
      31.500    3.637    0.000
      31.150    4.244    0.000
      32.200    3.637    0.000
      32.550    4.244    0.000
      33.600    3.637    0.000
      33.250    4.244    0.000
      34.300    3.637    0.000
      34.650    4.244    0.000
      35.700    3.637    0.000
      35.350    4.244    0.000
      36.400    3.637    0.000
      36.750    4.244    0.000
      37.800    3.637    0.000
      37.450    4.244    0.000
      38.500    3.637    0.000
      38.850    4.244    0.000
      39.900    3.637    0.000
      39.550    4.244    0.000
      40.600    3.637    0.000
      40.950    4.244    0.000
       0.000    4.850    0.000
      -0.350    5.456    0.000
       0.700    4.850    0.000
       1.050    5.456    0.000
       2.100    4.850    0.000
       1.750    5.456    0.000
       2.800    4.850    0.000
       3.150    5.456    0.000
       4.200    4.850    0.000
       3.850    5.456    0.000
       4.900    4.850    0.000
       5.250    5.456    0.000
       6.300    4.850    0.000
       5.950    5.456    0.000
       7.000    4.850    0.000
       7.350    5.456    0.000
       8.400    4.850    0.000
       8.050    5.456    0.000
       9.100    4.850    0.000
       9.450    5.456    0.000
      10.500    4.850    0.000
      10.150    5.456    0.000
      11.200    4.850    0.000
      11.550    5.456    0.000
      12.600    4.850    0.000
      12.250    5.456    0.000
      13.300    4.850    0.000
      13.650    5.456    0.000
      14.700    4.850    0.000
      14.350    5.456    0.000
      15.400    4.850    0.000
      15.750    5.456    0.000
      16.800    4.850    0.000
      16.450    5.456    0.000
      17.500    4.850    0.000
      17.850    5.456    0.000
      18.900    4.850    0.000
      18.550    5.456    0.000
      19.600    4.850    0.000
      19.950    5.456    0.000
      21.000    4.850    0.000
      20.650    5.456    0.000
      21.700    4.850    0.000
      22.050    5.456    0.000
      23.100    4.850    0.000
      22.750    5.456    0.000
      23.800    4.850    0.000
      24.150    5.456    0.000
      25.200    4.850    0.000
      24.850    5.456    0.000
      25.900    4.850    0.000
      26.250    5.456    0.000
      27.300    4.850    0.000
      26.950    5.456    0.000
      28.000    4.850    0.000
      28.350    5.456    0.000
      29.400    4.850    0.000
      29.050    5.456    0.000
      30.100    4.850    0.000
      30.450    5.456    0.000
      31.500    4.850    0.000
      31.150    5.456    0.000
      32.200    4.850    0.000
      32.550    5.456    0.000
      33.600    4.850    0.000
      33.250    5.456    0.000
      34.300    4.850    0.000
      34.650    5.456    0.000
      35.700    4.850    0.000
      35.350    5.456    0.000
      36.400    4.850    0.000
      36.750    5.456    0.000
      37.800    4.850    0.000
      37.450    5.456    0.000
      38.500    4.850    0.000
      38.850    5.456    0.000
      39.900    4.850    0.000
      39.550    5.456    0.000
      40.600    4.850    0.000
      40.950    5.456    0.000
       0.000    6.062    0.000
      -0.350    6.668    0.000
       0.700    6.062    0.000
       1.050    6.668    0.000
       2.100    6.062    0.000
       1.750    6.668    0.000
       2.800    6.062    0.000
       3.150    6.668    0.000
       4.200    6.062    0.000
       3.850    6.668    0.000
       4.900    6.062    0.000
       5.250    6.668    0.000
       6.300    6.062    0.000
       5.950    6.668    0.000
       7.000    6.062    0.000
       7.350    6.668    0.000
       8.400    6.062    0.000
       8.050    6.668    0.000
       9.100    6.062    0.000
       9.450    6.668    0.000
      10.500    6.062    0.000
      10.150    6.668    0.000
      11.200    6.062    0.000
      11.550    6.668    0.000
      12.600    6.062    0.000
      12.250    6.668    0.000
      13.300    6.062    0.000
      13.650    6.668    0.000
      14.700    6.062    0.000
      14.350    6.668    0.000
      15.400    6.062    0.000
      15.750    6.668    0.000
      16.800    6.062    0.000
      16.450    6.668    0.000
      17.500    6.062    0.000
      17.850    6.668    0.000
      18.900    6.062    0.000
      18.550    6.668    0.000
      19.600    6.062    0.000
      19.950    6.668    0.000
      21.000    6.062    0.000
      20.650    6.668    0.000
      21.700    6.062    0.000
      22.050    6.668    0.000
      23.100    6.062    0.000
      22.750    6.668    0.000
      23.800    6.062    0.000
      24.150    6.668    0.000
      25.200    6.062    0.000
      24.850    6.668    0.000
      25.900    6.062    0.000
      26.250    6.668    0.000
      27.300    6.062    0.000
      26.950    6.668    0.000
      28.000    6.062    0.000
      28.350    6.668    0.000
      29.400    6.062    0.000
      29.050    6.668    0.000
      30.100    6.062    0.000
      30.450    6.668    0.000
      31.500    6.062    0.000
      31.150    6.668    0.000
      32.200    6.062    0.000
      32.550    6.668    0.000
      33.600    6.062    0.000
      33.250    6.668    0.000
      34.300    6.062    0.000
      34.650    6.668    0.000
      35.700    6.062    0.000
      35.350    6.668    0.000
      36.400    6.062    0.000
      36.750    6.668    0.000
      37.800    6.062    0.000
      37.450    6.668    0.000
      38.500    6.062    0.000
      38.850    6.668    0.000
      39.900    6.062    0.000
      39.550    6.668    0.000
      40.600    6.062    0.000
      40.950    6.668    0.000
       0.000    7.275    0.000
      -0.350    7.881    0.000
       0.700    7.275    0.000
       1.050    7.881    0.000
       2.100    7.275    0.000
       1.750    7.881    0.000
       2.800    7.275    0.000
       3.150    7.881    0.000
       4.200    7.275    0.000
       3.850    7.881    0.000
       4.900    7.275    0.000
       5.250    7.881    0.000
       6.300    7.275    0.000
       5.950    7.881    0.000
       7.000    7.275    0.000
       7.350    7.881    0.000
       8.400    7.275    0.000
       8.050    7.881    0.000
       9.100    7.275    0.000
       9.450    7.881    0.000
      10.500    7.275    0.000
      10.150    7.881    0.000
      11.200    7.275    0.000
      11.550    7.881    0.000
      12.600    7.275    0.000
      12.250    7.881    0.000
      13.300    7.275    0.000
      13.650    7.881    0.000
      14.700    7.275    0.000
      14.350    7.881    0.000
      15.400    7.275    0.000
      15.750    7.881    0.000
      16.800    7.275    0.000
      16.450    7.881    0.000
      17.500    7.275    0.000
      17.850    7.881    0.000
      18.900    7.275    0.000
      18.550    7.881    0.000
      19.600    7.275    0.000
      19.950    7.881    0.000
      21.000    7.275    0.000
      20.650    7.881    0.000
      21.700    7.275    0.000
      22.050    7.881    0.000
      23.100    7.275    0.000
      22.750    7.881    0.000
      23.800    7.275    0.000
      24.150    7.881    0.000
      25.200    7.275    0.000
      24.850    7.881    0.000
      25.900    7.275    0.000
      26.250    7.881    0.000
      27.300    7.275    0.000
      26.950    7.881    0.000
      28.000    7.275    0.000
      28.350    7.881    0.000
      29.400    7.275    0.000
      29.050    7.881    0.000
      30.100    7.275    0.000
      30.450    7.881    0.000
      31.500    7.275    0.000
      31.150    7.881    0.000
      32.200    7.275    0.000
      32.550    7.881    0.000
      33.600    7.275    0.000
      33.250    7.881    0.000
      34.300    7.275    0.000
      34.650    7.881    0.000
      35.700    7.275    0.000
      35.350    7.881    0.000
      36.400    7.275    0.000
      36.750    7.881    0.000
      37.800    7.275    0.000
      37.450    7.881    0.000
      38.500    7.275    0.000
      38.850    7.881    0.000
      39.900    7.275    0.000
      39.550    7.881    0.000
      40.600    7.275    0.000
      40.950    7.881    0.000
       0.000    8.487    0.000
      -0.350    9.093    0.000
       0.700    8.487    0.000
       1.050    9.093    0.000
       2.100    8.487    0.000
       1.750    9.093    0.000
       2.800    8.487    0.000
       3.150    9.093    0.000
       4.200    8.487    0.000
       3.850    9.093    0.000
       4.900    8.487    0.000
       5.250    9.093    0.000
       6.300    8.487    0.000
       5.950    9.093    0.000
       7.000    8.487    0.000
       7.350    9.093    0.000
       8.400    8.487    0.000
       8.050    9.093    0.000
       9.100    8.487    0.000
       9.450    9.093    0.000
      10.500    8.487    0.000
      10.150    9.093    0.000
      11.200    8.487    0.000
      11.550    9.093    0.000
      12.600    8.487    0.000
      12.250    9.093    0.000
      13.300    8.487    0.000
      13.650    9.093    0.000
      14.700    8.487    0.000
      14.350    9.093    0.000
      15.400    8.487    0.000
      15.750    9.093    0.000
      16.800    8.487    0.000
      16.450    9.093    0.000
      17.500    8.487    0.000
      17.850    9.093    0.000
      18.900    8.487    0.000
      18.550    9.093    0.000
      19.600    8.487    0.000
      19.950    9.093    0.000
      21.000    8.487    0.000
      20.650    9.093    0.000
      21.700    8.487    0.000
      22.050    9.093    0.000
      23.100    8.487    0.000
      22.750    9.093    0.000
      23.800    8.487    0.000
      24.150    9.093    0.000
      25.200    8.487    0.000
      24.850    9.093    0.000
      25.900    8.487    0.000
      26.250    9.093    0.000
      27.300    8.487    0.000
      26.950    9.093    0.000
      28.000    8.487    0.000
      28.350    9.093    0.000
      29.400    8.487    0.000
      29.050    9.093    0.000
      30.100    8.487    0.000
      30.450    9.093    0.000
      31.500    8.487    0.000
      31.150    9.093    0.000
      32.200    8.487    0.000
      32.550    9.093    0.000
      33.600    8.487    0.000
      33.250    9.093    0.000
      34.300    8.487    0.000
      34.650    9.093    0.000
      35.700    8.487    0.000
      35.350    9.093    0.000
      36.400    8.487    0.000
      36.750    9.093    0.000
      37.800    8.487    0.000
      37.450    9.093    0.000
      38.500    8.487    0.000
      38.850    9.093    0.000
      39.900    8.487    0.000
      39.550    9.093    0.000
      40.600    8.487    0.000
      40.950    9.093    0.000
       0.000    9.699    0.000
      -0.350   10.306    0.000
       0.700    9.699    0.000
       1.050   10.306    0.000
       2.100    9.699    0.000
       1.750   10.306    0.000
       2.800    9.699    0.000
       3.150   10.306    0.000
       4.200    9.699    0.000
       3.850   10.306    0.000
       4.900    9.699    0.000
       5.250   10.306    0.000
       6.300    9.699    0.000
       5.950   10.306    0.000
       7.000    9.699    0.000
       7.350   10.306    0.000
       8.400    9.699    0.000
       8.050   10.306    0.000
       9.100    9.699    0.000
       9.450   10.306    0.000
      10.500    9.699    0.000
      10.150   10.306    0.000
      11.200    9.699    0.000
      11.550   10.306    0.000
      12.600    9.699    0.000
      12.250   10.306    0.000
      13.300    9.699    0.000
      13.650   10.306    0.000
      14.700    9.699    0.000
      14.350   10.306    0.000
      15.400    9.699    0.000
      15.750   10.306    0.000
      16.800    9.699    0.000
      16.450   10.306    0.000
      17.500    9.699    0.000
      17.850   10.306    0.000
      18.900    9.699    0.000
      18.550   10.306    0.000
      19.600    9.699    0.000
      19.950   10.306    0.000
      21.000    9.699    0.000
      20.650   10.306    0.000
      21.700    9.699    0.000
      22.050   10.306    0.000
      23.100    9.699    0.000
      22.750   10.306    0.000
      23.800    9.699    0.000
      24.150   10.306    0.000
      25.200    9.699    0.000
      24.850   10.306    0.000
      25.900    9.699    0.000
      26.250   10.306    0.000
      27.300    9.699    0.000
      26.950   10.306    0.000
      28.000    9.699    0.000
      28.350   10.306    0.000
      29.400    9.699    0.000
      29.050   10.306    0.000
      30.100    9.699    0.000
      30.450   10.306    0.000
      31.500    9.699    0.000
      31.150   10.306    0.000
      32.200    9.699    0.000
      32.550   10.306    0.000
      33.600    9.699    0.000
      33.250   10.306    0.000
      34.300    9.699    0.000
      34.650   10.306    0.000
      35.700    9.699    0.000
      35.350   10.306    0.000
      36.400    9.699    0.000
      36.750   10.306    0.000
      37.800    9.699    0.000
      37.450   10.306    0.000
      38.500    9.699    0.000
      38.850   10.306    0.000
      39.900    9.699    0.000
      39.550   10.306    0.000
      40.600    9.699    0.000
      40.950   10.306    0.000
       0.000   10.912    0.000
      -0.350   11.518    0.000
       0.700   10.912    0.000
       1.050   11.518    0.000
       2.100   10.912    0.000
       1.750   11.518    0.000
       2.800   10.912    0.000
       3.150   11.518    0.000
       4.200   10.912    0.000
       3.850   11.518    0.000
       4.900   10.912    0.000
       5.250   11.518    0.000
       6.300   10.912    0.000
       5.950   11.518    0.000
       7.000   10.912    0.000
       7.350   11.518    0.000
       8.400   10.912    0.000
       8.050   11.518    0.000
       9.100   10.912    0.000
       9.450   11.518    0.000
      10.500   10.912    0.000
      10.150   11.518    0.000
      11.200   10.912    0.000
      11.550   11.518    0.000
      12.600   10.912    0.000
      12.250   11.518    0.000
      13.300   10.912    0.000
      13.650   11.518    0.000
      14.700   10.912    0.000
      14.350   11.518    0.000
      15.400   10.912    0.000
      15.750   11.518    0.000
      16.800   10.912    0.000
      16.450   11.518    0.000
      17.500   10.912    0.000
      17.850   11.518    0.000
      18.900   10.912    0.000
      18.550   11.518    0.000
      19.600   10.912    0.000
      19.950   11.518    0.000
      21.000   10.912    0.000
      20.650   11.518    0.000
      21.700   10.912    0.000
      22.050   11.518    0.000
      23.100   10.912    0.000
      22.750   11.518    0.000
      23.800   10.912    0.000
      24.150   11.518    0.000
      25.200   10.912    0.000
      24.850   11.518    0.000
      25.900   10.912    0.000
      26.250   11.518    0.000
      27.300   10.912    0.000
      26.950   11.518    0.000
      28.000   10.912    0.000
      28.350   11.518    0.000
      29.400   10.912    0.000
      29.050   11.518    0.000
      30.100   10.912    0.000
      30.450   11.518    0.000
      31.500   10.912    0.000
      31.150   11.518    0.000
      32.200   10.912    0.000
      32.550   11.518    0.000
      33.600   10.912    0.000
      33.250   11.518    0.000
      34.300   10.912    0.000
      34.650   11.518    0.000
      35.700   10.912    0.000
      35.350   11.518    0.000
      36.400   10.912    0.000
      36.750   11.518    0.000
      37.800   10.912    0.000
      37.450   11.518    0.000
      38.500   10.912    0.000
      38.850   11.518    0.000
      39.900   10.912    0.000
      39.550   11.518    0.000
      40.600   10.912    0.000
      40.950   11.518    0.000
       0.000   12.124    0.000
      -0.350   12.731    0.000
       0.700   12.124    0.000
       1.050   12.731    0.000
       2.100   12.124    0.000
       1.750   12.731    0.000
       2.800   12.124    0.000
       3.150   12.731    0.000
       4.200   12.124    0.000
       3.850   12.731    0.000
       4.900   12.124    0.000
       5.250   12.731    0.000
       6.300   12.124    0.000
       5.950   12.731    0.000
       7.000   12.124    0.000
       7.350   12.731    0.000
       8.400   12.124    0.000
       8.050   12.731    0.000
       9.100   12.124    0.000
       9.450   12.731    0.000
      10.500   12.124    0.000
      10.150   12.731    0.000
      11.200   12.124    0.000
      11.550   12.731    0.000
      12.600   12.124    0.000
      12.250   12.731    0.000
      13.300   12.124    0.000
      13.650   12.731    0.000
      14.700   12.124    0.000
      14.350   12.731    0.000
      15.400   12.124    0.000
      15.750   12.731    0.000
      16.800   12.124    0.000
      16.450   12.731    0.000
      17.500   12.124    0.000
      17.850   12.731    0.000
      18.900   12.124    0.000
      18.550   12.731    0.000
      19.600   12.124    0.000
      19.950   12.731    0.000
      21.000   12.124    0.000
      20.650   12.731    0.000
      21.700   12.124    0.000
      22.050   12.731    0.000
      23.100   12.124    0.000
      22.750   12.731    0.000
      23.800   12.124    0.000
      24.150   12.731    0.000
      25.200   12.124    0.000
      24.850   12.731    0.000
      25.900   12.124    0.000
      26.250   12.731    0.000
      27.300   12.124    0.000
      26.950   12.731    0.000
      28.000   12.124    0.000
      28.350   12.731    0.000
      29.400   12.124    0.000
      29.050   12.731    0.000
      30.100   12.124    0.000
      30.450   12.731    0.000
      31.500   12.124    0.000
      31.150   12.731    0.000
      32.200   12.124    0.000
      32.550   12.731    0.000
      33.600   12.124    0.000
      33.250   12.731    0.000
      34.300   12.124    0.000
      34.650   12.731    0.000
      35.700   12.124    0.000
      35.350   12.731    0.000
      36.400   12.124    0.000
      36.750   12.731    0.000
      37.800   12.124    0.000
      37.450   12.731    0.000
      38.500   12.124    0.000
      38.850   12.731    0.000
      39.900   12.124    0.000
      39.550   12.731    0.000
      40.600   12.124    0.000
      40.950   12.731    0.000
       0.000   13.337    0.000
      -0.350   13.943    0.000
       0.700   13.337    0.000
       1.050   13.943    0.000
       2.100   13.337    0.000
       1.750   13.943    0.000
       2.800   13.337    0.000
       3.150   13.943    0.000
       4.200   13.337    0.000
       3.850   13.943    0.000
       4.900   13.337    0.000
       5.250   13.943    0.000
       6.300   13.337    0.000
       5.950   13.943    0.000
       7.000   13.337    0.000
       7.350   13.943    0.000
       8.400   13.337    0.000
       8.050   13.943    0.000
       9.100   13.337    0.000
       9.450   13.943    0.000
      10.500   13.337    0.000
      10.150   13.943    0.000
      11.200   13.337    0.000
      11.550   13.943    0.000
      12.600   13.337    0.000
      12.250   13.943    0.000
      13.300   13.337    0.000
      13.650   13.943    0.000
      14.700   13.337    0.000
      14.350   13.943    0.000
      15.400   13.337    0.000
      15.750   13.943    0.000
      16.800   13.337    0.000
      16.450   13.943    0.000
      17.500   13.337    0.000
      17.850   13.943    0.000
      18.900   13.337    0.000
      18.550   13.943    0.000
      19.600   13.337    0.000
      19.950   13.943    0.000
      21.000   13.337    0.000
      20.650   13.943    0.000
      21.700   13.337    0.000
      22.050   13.943    0.000
      23.100   13.337    0.000
      22.750   13.943    0.000
      23.800   13.337    0.000
      24.150   13.943    0.000
      25.200   13.337    0.000
      24.850   13.943    0.000
      25.900   13.337    0.000
      26.250   13.943    0.000
      27.300   13.337    0.000
      26.950   13.943    0.000
      28.000   13.337    0.000
      28.350   13.943    0.000
      29.400   13.337    0.000
      29.050   13.943    0.000
      30.100   13.337    0.000
      30.450   13.943    0.000
      31.500   13.337    0.000
      31.150   13.943    0.000
      32.200   13.337    0.000
      32.550   13.943    0.000
      33.600   13.337    0.000
      33.250   13.943    0.000
      34.300   13.337    0.000
      34.650   13.943    0.000
      35.700   13.337    0.000
      35.350   13.943    0.000
      36.400   13.337    0.000
      36.750   13.943    0.000
      37.800   13.337    0.000
      37.450   13.943    0.000
      38.500   13.337    0.000
      38.850   13.943    0.000
      39.900   13.337    0.000
      39.550   13.943    0.000
      40.600   13.337    0.000
      40.950   13.943    0.000
       0.000   14.549    0.000
      -0.350   15.155    0.000
       0.700   14.549    0.000
       1.050   15.155    0.000
       2.100   14.549    0.000
       1.750   15.155    0.000
       2.800   14.549    0.000
       3.150   15.155    0.000
       4.200   14.549    0.000
       3.850   15.155    0.000
       4.900   14.549    0.000
       5.250   15.155    0.000
       6.300   14.549    0.000
       5.950   15.155    0.000
       7.000   14.549    0.000
       7.350   15.155    0.000
       8.400   14.549    0.000
       8.050   15.155    0.000
       9.100   14.549    0.000
       9.450   15.155    0.000
      10.500   14.549    0.000
      10.150   15.155    0.000
      11.200   14.549    0.000
      11.550   15.155    0.000
      12.600   14.549    0.000
      12.250   15.155    0.000
      13.300   14.549    0.000
      13.650   15.155    0.000
      14.700   14.549    0.000
      14.350   15.155    0.000
      15.400   14.549    0.000
      15.750   15.155    0.000
      16.800   14.549    0.000
      16.450   15.155    0.000
      17.500   14.549    0.000
      17.850   15.155    0.000
      18.900   14.549    0.000
      18.550   15.155    0.000
      19.600   14.549    0.000
      19.950   15.155    0.000
      21.000   14.549    0.000
      20.650   15.155    0.000
      21.700   14.549    0.000
      22.050   15.155    0.000
      23.100   14.549    0.000
      22.750   15.155    0.000
      23.800   14.549    0.000
      24.150   15.155    0.000
      25.200   14.549    0.000
      24.850   15.155    0.000
      25.900   14.549    0.000
      26.250   15.155    0.000
      27.300   14.549    0.000
      26.950   15.155    0.000
      28.000   14.549    0.000
      28.350   15.155    0.000
      29.400   14.549    0.000
      29.050   15.155    0.000
      30.100   14.549    0.000
      30.450   15.155    0.000
      31.500   14.549    0.000
      31.150   15.155    0.000
      32.200   14.549    0.000
      32.550   15.155    0.000
      33.600   14.549    0.000
      33.250   15.155    0.000
      34.300   14.549    0.000
      34.650   15.155    0.000
      35.700   14.549    0.000
      35.350   15.155    0.000
      36.400   14.549    0.000
      36.750   15.155    0.000
      37.800   14.549    0.000
      37.450   15.155    0.000
      38.500   14.549    0.000
      38.850   15.155    0.000
      39.900   14.549    0.000
      39.550   15.155    0.000
      40.600   14.549    0.000
      40.950   15.155    0.000
       0.000   15.762    0.000
      -0.350   16.368    0.000
       0.700   15.762    0.000
       1.050   16.368    0.000
       2.100   15.762    0.000
       1.750   16.368    0.000
       2.800   15.762    0.000
       3.150   16.368    0.000
       4.200   15.762    0.000
       3.850   16.368    0.000
       4.900   15.762    0.000
       5.250   16.368    0.000
       6.300   15.762    0.000
       5.950   16.368    0.000
       7.000   15.762    0.000
       7.350   16.368    0.000
       8.400   15.762    0.000
       8.050   16.368    0.000
       9.100   15.762    0.000
       9.450   16.368    0.000
      10.500   15.762    0.000
      10.150   16.368    0.000
      11.200   15.762    0.000
      11.550   16.368    0.000
      12.600   15.762    0.000
      12.250   16.368    0.000
      13.300   15.762    0.000
      13.650   16.368    0.000
      14.700   15.762    0.000
      14.350   16.368    0.000
      15.400   15.762    0.000
      15.750   16.368    0.000
      16.800   15.762    0.000
      16.450   16.368    0.000
      17.500   15.762    0.000
      17.850   16.368    0.000
      18.900   15.762    0.000
      18.550   16.368    0.000
      19.600   15.762    0.000
      19.950   16.368    0.000
      21.000   15.762    0.000
      20.650   16.368    0.000
      21.700   15.762    0.000
      22.050   16.368    0.000
      23.100   15.762    0.000
      22.750   16.368    0.000
      23.800   15.762    0.000
      24.150   16.368    0.000
      25.200   15.762    0.000
      24.850   16.368    0.000
      25.900   15.762    0.000
      26.250   16.368    0.000
      27.300   15.762    0.000
      26.950   16.368    0.000
      28.000   15.762    0.000
      28.350   16.368    0.000
      29.400   15.762    0.000
      29.050   16.368    0.000
      30.100   15.762    0.000
      30.450   16.368    0.000
      31.500   15.762    0.000
      31.150   16.368    0.000
      32.200   15.762    0.000
      32.550   16.368    0.000
      33.600   15.762    0.000
      33.250   16.368    0.000
      34.300   15.762    0.000
      34.650   16.368    0.000
      35.700   15.762    0.000
      35.350   16.368    0.000
      36.400   15.762    0.000
      36.750   16.368    0.000
      37.800   15.762    0.000
      37.450   16.368    0.000
      38.500   15.762    0.000
      38.850   16.368    0.000
      39.900   15.762    0.000
      39.550   16.368    0.000
      40.600   15.762    0.000
      40.950   16.368    0.000
       0.000   16.974    0.000
      -0.350   17.580    0.000
       0.700   16.974    0.000
       1.050   17.580    0.000
       2.100   16.974    0.000
       1.750   17.580    0.000
       2.800   16.974    0.000
       3.150   17.580    0.000
       4.200   16.974    0.000
       3.850   17.580    0.000
       4.900   16.974    0.000
       5.250   17.580    0.000
       6.300   16.974    0.000
       5.950   17.580    0.000
       7.000   16.974    0.000
       7.350   17.580    0.000
       8.400   16.974    0.000
       8.050   17.580    0.000
       9.100   16.974    0.000
       9.450   17.580    0.000
      10.500   16.974    0.000
      10.150   17.580    0.000
      11.200   16.974    0.000
      11.550   17.580    0.000
      12.600   16.974    0.000
      12.250   17.580    0.000
      13.300   16.974    0.000
      13.650   17.580    0.000
      14.700   16.974    0.000
      14.350   17.580    0.000
      15.400   16.974    0.000
      15.750   17.580    0.000
      16.800   16.974    0.000
      16.450   17.580    0.000
      17.500   16.974    0.000
      17.850   17.580    0.000
      18.900   16.974    0.000
      18.550   17.580    0.000
      19.600   16.974    0.000
      19.950   17.580    0.000
      21.000   16.974    0.000
      20.650   17.580    0.000
      21.700   16.974    0.000
      22.050   17.580    0.000
      23.100   16.974    0.000
      22.750   17.580    0.000
      23.800   16.974    0.000
      24.150   17.580    0.000
      25.200   16.974    0.000
      24.850   17.580    0.000
      25.900   16.974    0.000
      26.250   17.580    0.000
      27.300   16.974    0.000
      26.950   17.580    0.000
      28.000   16.974    0.000
      28.350   17.580    0.000
      29.400   16.974    0.000
      29.050   17.580    0.000
      30.100   16.974    0.000
      30.450   17.580    0.000
      31.500   16.974    0.000
      31.150   17.580    0.000
      32.200   16.974    0.000
      32.550   17.580    0.000
      33.600   16.974    0.000
      33.250   17.580    0.000
      34.300   16.974    0.000
      34.650   17.580    0.000
      35.700   16.974    0.000
      35.350   17.580    0.000
      36.400   16.974    0.000
      36.750   17.580    0.000
      37.800   16.974    0.000
      37.450   17.580    0.000
      38.500   16.974    0.000
      38.850   17.580    0.000
      39.900   16.974    0.000
      39.550   17.580    0.000
      40.600   16.974    0.000
      40.950   17.580    0.000
       0.000   18.187    0.000
      -0.350   18.793    0.000
       0.700   18.187    0.000
       1.050   18.793    0.000
       2.100   18.187    0.000
       1.750   18.793    0.000
       2.800   18.187    0.000
       3.150   18.793    0.000
       4.200   18.187    0.000
       3.850   18.793    0.000
       4.900   18.187    0.000
       5.250   18.793    0.000
       6.300   18.187    0.000
       5.950   18.793    0.000
       7.000   18.187    0.000
       7.350   18.793    0.000
       8.400   18.187    0.000
       8.050   18.793    0.000
       9.100   18.187    0.000
       9.450   18.793    0.000
      10.500   18.187    0.000
      10.150   18.793    0.000
      11.200   18.187    0.000
      11.550   18.793    0.000
      12.600   18.187    0.000
      12.250   18.793    0.000
      13.300   18.187    0.000
      13.650   18.793    0.000
      14.700   18.187    0.000
      14.350   18.793    0.000
      15.400   18.187    0.000
      15.750   18.793    0.000
      16.800   18.187    0.000
      16.450   18.793    0.000
      17.500   18.187    0.000
      17.850   18.793    0.000
      18.900   18.187    0.000
      18.550   18.793    0.000
      19.600   18.187    0.000
      19.950   18.793    0.000
      21.000   18.187    0.000
      20.650   18.793    0.000
      21.700   18.187    0.000
      22.050   18.793    0.000
      23.100   18.187    0.000
      22.750   18.793    0.000
      23.800   18.187    0.000
      24.150   18.793    0.000
      25.200   18.187    0.000
      24.850   18.793    0.000
      25.900   18.187    0.000
      26.250   18.793    0.000
      27.300   18.187    0.000
      26.950   18.793    0.000
      28.000   18.187    0.000
      28.350   18.793    0.000
      29.400   18.187    0.000
      29.050   18.793    0.000
      30.100   18.187    0.000
      30.450   18.793    0.000
      31.500   18.187    0.000
      31.150   18.793    0.000
      32.200   18.187    0.000
      32.550   18.793    0.000
      33.600   18.187    0.000
      33.250   18.793    0.000
      34.300   18.187    0.000
      34.650   18.793    0.000
      35.700   18.187    0.000
      35.350   18.793    0.000
      36.400   18.187    0.000
      36.750   18.793    0.000
      37.800   18.187    0.000
      37.450   18.793    0.000
      38.500   18.187    0.000
      38.850   18.793    0.000
      39.900   18.187    0.000
      39.550   18.793    0.000
      40.600   18.187    0.000
      40.950   18.793    0.000
       0.000   19.399    0.000
      -0.350   20.005    0.000
       0.700   19.399    0.000
       1.050   20.005    0.000
       2.100   19.399    0.000
       1.750   20.005    0.000
       2.800   19.399    0.000
       3.150   20.005    0.000
       4.200   19.399    0.000
       3.850   20.005    0.000
       4.900   19.399    0.000
       5.250   20.005    0.000
       6.300   19.399    0.000
       5.950   20.005    0.000
       7.000   19.399    0.000
       7.350   20.005    0.000
       8.400   19.399    0.000
       8.050   20.005    0.000
       9.100   19.399    0.000
       9.450   20.005    0.000
      10.500   19.399    0.000
      10.150   20.005    0.000
      11.200   19.399    0.000
      11.550   20.005    0.000
      12.600   19.399    0.000
      12.250   20.005    0.000
      13.300   19.399    0.000
      13.650   20.005    0.000
      14.700   19.399    0.000
      14.350   20.005    0.000
      15.400   19.399    0.000
      15.750   20.005    0.000
      16.800   19.399    0.000
      16.450   20.005    0.000
      17.500   19.399    0.000
      17.850   20.005    0.000
      18.900   19.399    0.000
      18.550   20.005    0.000
      19.600   19.399    0.000
      19.950   20.005    0.000
      21.000   19.399    0.000
      20.650   20.005    0.000
      21.700   19.399    0.000
      22.050   20.005    0.000
      23.100   19.399    0.000
      22.750   20.005    0.000
      23.800   19.399    0.000
      24.150   20.005    0.000
      25.200   19.399    0.000
      24.850   20.005    0.000
      25.900   19.399    0.000
      26.250   20.005    0.000
      27.300   19.399    0.000
      26.950   20.005    0.000
      28.000   19.399    0.000
      28.350   20.005    0.000
      29.400   19.399    0.000
      29.050   20.005    0.000
      30.100   19.399    0.000
      30.450   20.005    0.000
      31.500   19.399    0.000
      31.150   20.005    0.000
      32.200   19.399    0.000
      32.550   20.005    0.000
      33.600   19.399    0.000
      33.250   20.005    0.000
      34.300   19.399    0.000
      34.650   20.005    0.000
      35.700   19.399    0.000
      35.350   20.005    0.000
      36.400   19.399    0.000
      36.750   20.005    0.000
      37.800   19.399    0.000
      37.450   20.005    0.000
      38.500   19.399    0.000
      38.850   20.005    0.000
      39.900   19.399    0.000
      39.550   20.005    0.000
      40.600   19.399    0.000
      40.950   20.005    0.000
       0.000   20.611    0.000
      -0.350   21.218    0.000
       0.700   20.611    0.000
       1.050   21.218    0.000
       2.100   20.611    0.000
       1.750   21.218    0.000
       2.800   20.611    0.000
       3.150   21.218    0.000
       4.200   20.611    0.000
       3.850   21.218    0.000
       4.900   20.611    0.000
       5.250   21.218    0.000
       6.300   20.611    0.000
       5.950   21.218    0.000
       7.000   20.611    0.000
       7.350   21.218    0.000
       8.400   20.611    0.000
       8.050   21.218    0.000
       9.100   20.611    0.000
       9.450   21.218    0.000
      10.500   20.611    0.000
      10.150   21.218    0.000
      11.200   20.611    0.000
      11.550   21.218    0.000
      12.600   20.611    0.000
      12.250   21.218    0.000
      13.300   20.611    0.000
      13.650   21.218    0.000
      14.700   20.611    0.000
      14.350   21.218    0.000
      15.400   20.611    0.000
      15.750   21.218    0.000
      16.800   20.611    0.000
      16.450   21.218    0.000
      17.500   20.611    0.000
      17.850   21.218    0.000
      18.900   20.611    0.000
      18.550   21.218    0.000
      19.600   20.611    0.000
      19.950   21.218    0.000
      21.000   20.611    0.000
      20.650   21.218    0.000
      21.700   20.611    0.000
      22.050   21.218    0.000
      23.100   20.611    0.000
      22.750   21.218    0.000
      23.800   20.611    0.000
      24.150   21.218    0.000
      25.200   20.611    0.000
      24.850   21.218    0.000
      25.900   20.611    0.000
      26.250   21.218    0.000
      27.300   20.611    0.000
      26.950   21.218    0.000
      28.000   20.611    0.000
      28.350   21.218    0.000
      29.400   20.611    0.000
      29.050   21.218    0.000
      30.100   20.611    0.000
      30.450   21.218    0.000
      31.500   20.611    0.000
      31.150   21.218    0.000
      32.200   20.611    0.000
      32.550   21.218    0.000
      33.600   20.611    0.000
      33.250   21.218    0.000
      34.300   20.611    0.000
      34.650   21.218    0.000
      35.700   20.611    0.000
      35.350   21.218    0.000
      36.400   20.611    0.000
      36.750   21.218    0.000
      37.800   20.611    0.000
      37.450   21.218    0.000
      38.500   20.611    0.000
      38.850   21.218    0.000
      39.900   20.611    0.000
      39.550   21.218    0.000
      40.600   20.611    0.000
      40.950   21.218    0.000
       0.000   21.824    0.000
      -0.350   22.430    0.000
       0.700   21.824    0.000
       1.050   22.430    0.000
       2.100   21.824    0.000
       1.750   22.430    0.000
       2.800   21.824    0.000
       3.150   22.430    0.000
       4.200   21.824    0.000
       3.850   22.430    0.000
       4.900   21.824    0.000
       5.250   22.430    0.000
       6.300   21.824    0.000
       5.950   22.430    0.000
       7.000   21.824    0.000
       7.350   22.430    0.000
       8.400   21.824    0.000
       8.050   22.430    0.000
       9.100   21.824    0.000
       9.450   22.430    0.000
      10.500   21.824    0.000
      10.150   22.430    0.000
      11.200   21.824    0.000
      11.550   22.430    0.000
      12.600   21.824    0.000
      12.250   22.430    0.000
      13.300   21.824    0.000
      13.650   22.430    0.000
      14.700   21.824    0.000
      14.350   22.430    0.000
      15.400   21.824    0.000
      15.750   22.430    0.000
      16.800   21.824    0.000
      16.450   22.430    0.000
      17.500   21.824    0.000
      17.850   22.430    0.000
      18.900   21.824    0.000
      18.550   22.430    0.000
      19.600   21.824    0.000
      19.950   22.430    0.000
      21.000   21.824    0.000
      20.650   22.430    0.000
      21.700   21.824    0.000
      22.050   22.430    0.000
      23.100   21.824    0.000
      22.750   22.430    0.000
      23.800   21.824    0.000
      24.150   22.430    0.000
      25.200   21.824    0.000
      24.850   22.430    0.000
      25.900   21.824    0.000
      26.250   22.430    0.000
      27.300   21.824    0.000
      26.950   22.430    0.000
      28.000   21.824    0.000
      28.350   22.430    0.000
      29.400   21.824    0.000
      29.050   22.430    0.000
      30.100   21.824    0.000
      30.450   22.430    0.000
      31.500   21.824    0.000
      31.150   22.430    0.000
      32.200   21.824    0.000
      32.550   22.430    0.000
      33.600   21.824    0.000
      33.250   22.430    0.000
      34.300   21.824    0.000
      34.650   22.430    0.000
      35.700   21.824    0.000
      35.350   22.430    0.000
      36.400   21.824    0.000
      36.750   22.430    0.000
      37.800   21.824    0.000
      37.450   22.430    0.000
      38.500   21.824    0.000
      38.850   22.430    0.000
      39.900   21.824    0.000
      39.550   22.430    0.000
      40.600   21.824    0.000
      40.950   22.430    0.000
       0.000   23.036    0.000
      -0.350   23.642    0.000
       0.700   23.036    0.000
       1.050   23.642    0.000
       2.100   23.036    0.000
       1.750   23.642    0.000
       2.800   23.036    0.000
       3.150   23.642    0.000
       4.200   23.036    0.000
       3.850   23.642    0.000
       4.900   23.036    0.000
       5.250   23.642    0.000
       6.300   23.036    0.000
       5.950   23.642    0.000
       7.000   23.036    0.000
       7.350   23.642    0.000
       8.400   23.036    0.000
       8.050   23.642    0.000
       9.100   23.036    0.000
       9.450   23.642    0.000
      10.500   23.036    0.000
      10.150   23.642    0.000
      11.200   23.036    0.000
      11.550   23.642    0.000
      12.600   23.036    0.000
      12.250   23.642    0.000
      13.300   23.036    0.000
      13.650   23.642    0.000
      14.700   23.036    0.000
      14.350   23.642    0.000
      15.400   23.036    0.000
      15.750   23.642    0.000
      16.800   23.036    0.000
      16.450   23.642    0.000
      17.500   23.036    0.000
      17.850   23.642    0.000
      18.900   23.036    0.000
      18.550   23.642    0.000
      19.600   23.036    0.000
      19.950   23.642    0.000
      21.000   23.036    0.000
      20.650   23.642    0.000
      21.700   23.036    0.000
      22.050   23.642    0.000
      23.100   23.036    0.000
      22.750   23.642    0.000
      23.800   23.036    0.000
      24.150   23.642    0.000
      25.200   23.036    0.000
      24.850   23.642    0.000
      25.900   23.036    0.000
      26.250   23.642    0.000
      27.300   23.036    0.000
      26.950   23.642    0.000
      28.000   23.036    0.000
      28.350   23.642    0.000
      29.400   23.036    0.000
      29.050   23.642    0.000
      30.100   23.036    0.000
      30.450   23.642    0.000
      31.500   23.036    0.000
      31.150   23.642    0.000
      32.200   23.036    0.000
      32.550   23.642    0.000
      33.600   23.036    0.000
      33.250   23.642    0.000
      34.300   23.036    0.000
      34.650   23.642    0.000
      35.700   23.036    0.000
      35.350   23.642    0.000
      36.400   23.036    0.000
      36.750   23.642    0.000
      37.800   23.036    0.000
      37.450   23.642    0.000
      38.500   23.036    0.000
      38.850   23.642    0.000
      39.900   23.036    0.000
      39.550   23.642    0.000
      40.600   23.036    0.000
      40.950   23.642    0.000
       0.000   24.249    0.000
      -0.350   24.855    0.000
       0.700   24.249    0.000
       1.050   24.855    0.000
       2.100   24.249    0.000
       1.750   24.855    0.000
       2.800   24.249    0.000
       3.150   24.855    0.000
       4.200   24.249    0.000
       3.850   24.855    0.000
       4.900   24.249    0.000
       5.250   24.855    0.000
       6.300   24.249    0.000
       5.950   24.855    0.000
       7.000   24.249    0.000
       7.350   24.855    0.000
       8.400   24.249    0.000
       8.050   24.855    0.000
       9.100   24.249    0.000
       9.450   24.855    0.000
      10.500   24.249    0.000
      10.150   24.855    0.000
      11.200   24.249    0.000
      11.550   24.855    0.000
      12.600   24.249    0.000
      12.250   24.855    0.000
      13.300   24.249    0.000
      13.650   24.855    0.000
      14.700   24.249    0.000
      14.350   24.855    0.000
      15.400   24.249    0.000
      15.750   24.855    0.000
      16.800   24.249    0.000
      16.450   24.855    0.000
      17.500   24.249    0.000
      17.850   24.855    0.000
      18.900   24.249    0.000
      18.550   24.855    0.000
      19.600   24.249    0.000
      19.950   24.855    0.000
      21.000   24.249    0.000
      20.650   24.855    0.000
      21.700   24.249    0.000
      22.050   24.855    0.000
      23.100   24.249    0.000
      22.750   24.855    0.000
      23.800   24.249    0.000
      24.150   24.855    0.000
      25.200   24.249    0.000
      24.850   24.855    0.000
      25.900   24.249    0.000
      26.250   24.855    0.000
      27.300   24.249    0.000
      26.950   24.855    0.000
      28.000   24.249    0.000
      28.350   24.855    0.000
      29.400   24.249    0.000
      29.050   24.855    0.000
      30.100   24.249    0.000
      30.450   24.855    0.000
      31.500   24.249    0.000
      31.150   24.855    0.000
      32.200   24.249    0.000
      32.550   24.855    0.000
      33.600   24.249    0.000
      33.250   24.855    0.000
      34.300   24.249    0.000
      34.650   24.855    0.000
      35.700   24.249    0.000
      35.350   24.855    0.000
      36.400   24.249    0.000
      36.750   24.855    0.000
      37.800   24.249    0.000
      37.450   24.855    0.000
      38.500   24.249    0.000
      38.850   24.855    0.000
      39.900   24.249    0.000
      39.550   24.855    0.000
      40.600   24.249    0.000
      40.950   24.855    0.000
       0.000   25.461    0.000
      -0.350   26.067    0.000
       0.700   25.461    0.000
       1.050   26.067    0.000
       2.100   25.461    0.000
       1.750   26.067    0.000
       2.800   25.461    0.000
       3.150   26.067    0.000
       4.200   25.461    0.000
       3.850   26.067    0.000
       4.900   25.461    0.000
       5.250   26.067    0.000
       6.300   25.461    0.000
       5.950   26.067    0.000
       7.000   25.461    0.000
       7.350   26.067    0.000
       8.400   25.461    0.000
       8.050   26.067    0.000
       9.100   25.461    0.000
       9.450   26.067    0.000
      10.500   25.461    0.000
      10.150   26.067    0.000
      11.200   25.461    0.000
      11.550   26.067    0.000
      12.600   25.461    0.000
      12.250   26.067    0.000
      13.300   25.461    0.000
      13.650   26.067    0.000
      14.700   25.461    0.000
      14.350   26.067    0.000
      15.400   25.461    0.000
      15.750   26.067    0.000
      16.800   25.461    0.000
      16.450   26.067    0.000
      17.500   25.461    0.000
      17.850   26.067    0.000
      18.900   25.461    0.000
      18.550   26.067    0.000
      19.600   25.461    0.000
      19.950   26.067    0.000
      21.000   25.461    0.000
      20.650   26.067    0.000
      21.700   25.461    0.000
      22.050   26.067    0.000
      23.100   25.461    0.000
      22.750   26.067    0.000
      23.800   25.461    0.000
      24.150   26.067    0.000
      25.200   25.461    0.000
      24.850   26.067    0.000
      25.900   25.461    0.000
      26.250   26.067    0.000
      27.300   25.461    0.000
      26.950   26.067    0.000
      28.000   25.461    0.000
      28.350   26.067    0.000
      29.400   25.461    0.000
      29.050   26.067    0.000
      30.100   25.461    0.000
      30.450   26.067    0.000
      31.500   25.461    0.000
      31.150   26.067    0.000
      32.200   25.461    0.000
      32.550   26.067    0.000
      33.600   25.461    0.000
      33.250   26.067    0.000
      34.300   25.461    0.000
      34.650   26.067    0.000
      35.700   25.461    0.000
      35.350   26.067    0.000
      36.400   25.461    0.000
      36.750   26.067    0.000
      37.800   25.461    0.000
      37.450   26.067    0.000
      38.500   25.461    0.000
      38.850   26.067    0.000
      39.900   25.461    0.000
      39.550   26.067    0.000
      40.600   25.461    0.000
      40.950   26.067    0.000
       0.000   26.674    0.000
      -0.350   27.280    0.000
       0.700   26.674    0.000
       1.050   27.280    0.000
       2.100   26.674    0.000
       1.750   27.280    0.000
       2.800   26.674    0.000
       3.150   27.280    0.000
       4.200   26.674    0.000
       3.850   27.280    0.000
       4.900   26.674    0.000
       5.250   27.280    0.000
       6.300   26.674    0.000
       5.950   27.280    0.000
       7.000   26.674    0.000
       7.350   27.280    0.000
       8.400   26.674    0.000
       8.050   27.280    0.000
       9.100   26.674    0.000
       9.450   27.280    0.000
      10.500   26.674    0.000
      10.150   27.280    0.000
      11.200   26.674    0.000
      11.550   27.280    0.000
      12.600   26.674    0.000
      12.250   27.280    0.000
      13.300   26.674    0.000
      13.650   27.280    0.000
      14.700   26.674    0.000
      14.350   27.280    0.000
      15.400   26.674    0.000
      15.750   27.280    0.000
      16.800   26.674    0.000
      16.450   27.280    0.000
      17.500   26.674    0.000
      17.850   27.280    0.000
      18.900   26.674    0.000
      18.550   27.280    0.000
      19.600   26.674    0.000
      19.950   27.280    0.000
      21.000   26.674    0.000
      20.650   27.280    0.000
      21.700   26.674    0.000
      22.050   27.280    0.000
      23.100   26.674    0.000
      22.750   27.280    0.000
      23.800   26.674    0.000
      24.150   27.280    0.000
      25.200   26.674    0.000
      24.850   27.280    0.000
      25.900   26.674    0.000
      26.250   27.280    0.000
      27.300   26.674    0.000
      26.950   27.280    0.000
      28.000   26.674    0.000
      28.350   27.280    0.000
      29.400   26.674    0.000
      29.050   27.280    0.000
      30.100   26.674    0.000
      30.450   27.280    0.000
      31.500   26.674    0.000
      31.150   27.280    0.000
      32.200   26.674    0.000
      32.550   27.280    0.000
      33.600   26.674    0.000
      33.250   27.280    0.000
      34.300   26.674    0.000
      34.650   27.280    0.000
      35.700   26.674    0.000
      35.350   27.280    0.000
      36.400   26.674    0.000
      36.750   27.280    0.000
      37.800   26.674    0.000
      37.450   27.280    0.000
      38.500   26.674    0.000
      38.850   27.280    0.000
      39.900   26.674    0.000
      39.550   27.280    0.000
      40.600   26.674    0.000
      40.950   27.280    0.000
       0.000   27.886    0.000
      -0.350   28.492    0.000
       0.700   27.886    0.000
       1.050   28.492    0.000
       2.100   27.886    0.000
       1.750   28.492    0.000
       2.800   27.886    0.000
       3.150   28.492    0.000
       4.200   27.886    0.000
       3.850   28.492    0.000
       4.900   27.886    0.000
       5.250   28.492    0.000
       6.300   27.886    0.000
       5.950   28.492    0.000
       7.000   27.886    0.000
       7.350   28.492    0.000
       8.400   27.886    0.000
       8.050   28.492    0.000
       9.100   27.886    0.000
       9.450   28.492    0.000
      10.500   27.886    0.000
      10.150   28.492    0.000
      11.200   27.886    0.000
      11.550   28.492    0.000
      12.600   27.886    0.000
      12.250   28.492    0.000
      13.300   27.886    0.000
      13.650   28.492    0.000
      14.700   27.886    0.000
      14.350   28.492    0.000
      15.400   27.886    0.000
      15.750   28.492    0.000
      16.800   27.886    0.000
      16.450   28.492    0.000
      17.500   27.886    0.000
      17.850   28.492    0.000
      18.900   27.886    0.000
      18.550   28.492    0.000
      19.600   27.886    0.000
      19.950   28.492    0.000
      21.000   27.886    0.000
      20.650   28.492    0.000
      21.700   27.886    0.000
      22.050   28.492    0.000
      23.100   27.886    0.000
      22.750   28.492    0.000
      23.800   27.886    0.000
      24.150   28.492    0.000
      25.200   27.886    0.000
      24.850   28.492    0.000
      25.900   27.886    0.000
      26.250   28.492    0.000
      27.300   27.886    0.000
      26.950   28.492    0.000
      28.000   27.886    0.000
      28.350   28.492    0.000
      29.400   27.886    0.000
      29.050   28.492    0.000
      30.100   27.886    0.000
      30.450   28.492    0.000
      31.500   27.886    0.000
      31.150   28.492    0.000
      32.200   27.886    0.000
      32.550   28.492    0.000
      33.600   27.886    0.000
      33.250   28.492    0.000
      34.300   27.886    0.000
      34.650   28.492    0.000
      35.700   27.886    0.000
      35.350   28.492    0.000
      36.400   27.886    0.000
      36.750   28.492    0.000
      37.800   27.886    0.000
      37.450   28.492    0.000
      38.500   27.886    0.000
      38.850   28.492    0.000
      39.900   27.886    0.000
      39.550   28.492    0.000
      40.600   27.886    0.000
      40.950   28.492    0.000
       0.000   29.098    0.000
      -0.350   29.705    0.000
       0.700   29.098    0.000
       1.050   29.705    0.000
       2.100   29.098    0.000
       1.750   29.705    0.000
       2.800   29.098    0.000
       3.150   29.705    0.000
       4.200   29.098    0.000
       3.850   29.705    0.000
       4.900   29.098    0.000
       5.250   29.705    0.000
       6.300   29.098    0.000
       5.950   29.705    0.000
       7.000   29.098    0.000
       7.350   29.705    0.000
       8.400   29.098    0.000
       8.050   29.705    0.000
       9.100   29.098    0.000
       9.450   29.705    0.000
      10.500   29.098    0.000
      10.150   29.705    0.000
      11.200   29.098    0.000
      11.550   29.705    0.000
      12.600   29.098    0.000
      12.250   29.705    0.000
      13.300   29.098    0.000
      13.650   29.705    0.000
      14.700   29.098    0.000
      14.350   29.705    0.000
      15.400   29.098    0.000
      15.750   29.705    0.000
      16.800   29.098    0.000
      16.450   29.705    0.000
      17.500   29.098    0.000
      17.850   29.705    0.000
      18.900   29.098    0.000
      18.550   29.705    0.000
      19.600   29.098    0.000
      19.950   29.705    0.000
      21.000   29.098    0.000
      20.650   29.705    0.000
      21.700   29.098    0.000
      22.050   29.705    0.000
      23.100   29.098    0.000
      22.750   29.705    0.000
      23.800   29.098    0.000
      24.150   29.705    0.000
      25.200   29.098    0.000
      24.850   29.705    0.000
      25.900   29.098    0.000
      26.250   29.705    0.000
      27.300   29.098    0.000
      26.950   29.705    0.000
      28.000   29.098    0.000
      28.350   29.705    0.000
      29.400   29.098    0.000
      29.050   29.705    0.000
      30.100   29.098    0.000
      30.450   29.705    0.000
      31.500   29.098    0.000
      31.150   29.705    0.000
      32.200   29.098    0.000
      32.550   29.705    0.000
      33.600   29.098    0.000
      33.250   29.705    0.000
      34.300   29.098    0.000
      34.650   29.705    0.000
      35.700   29.098    0.000
      35.350   29.705    0.000
      36.400   29.098    0.000
      36.750   29.705    0.000
      37.800   29.098    0.000
      37.450   29.705    0.000
      38.500   29.098    0.000
      38.850   29.705    0.000
      39.900   29.098    0.000
      39.550   29.705    0.000
      40.600   29.098    0.000
      40.950   29.705    0.000
       0.000   30.311    0.000
      -0.350   30.917    0.000
       0.700   30.311    0.000
       1.050   30.917    0.000
       2.100   30.311    0.000
       1.750   30.917    0.000
       2.800   30.311    0.000
       3.150   30.917    0.000
       4.200   30.311    0.000
       3.850   30.917    0.000
       4.900   30.311    0.000
       5.250   30.917    0.000
       6.300   30.311    0.000
       5.950   30.917    0.000
       7.000   30.311    0.000
       7.350   30.917    0.000
       8.400   30.311    0.000
       8.050   30.917    0.000
       9.100   30.311    0.000
       9.450   30.917    0.000
      10.500   30.311    0.000
      10.150   30.917    0.000
      11.200   30.311    0.000
      11.550   30.917    0.000
      12.600   30.311    0.000
      12.250   30.917    0.000
      13.300   30.311    0.000
      13.650   30.917    0.000
      14.700   30.311    0.000
      14.350   30.917    0.000
      15.400   30.311    0.000
      15.750   30.917    0.000
      16.800   30.311    0.000
      16.450   30.917    0.000
      17.500   30.311    0.000
      17.850   30.917    0.000
      18.900   30.311    0.000
      18.550   30.917    0.000
      19.600   30.311    0.000
      19.950   30.917    0.000
      21.000   30.311    0.000
      20.650   30.917    0.000
      21.700   30.311    0.000
      22.050   30.917    0.000
      23.100   30.311    0.000
      22.750   30.917    0.000
      23.800   30.311    0.000
      24.150   30.917    0.000
      25.200   30.311    0.000
      24.850   30.917    0.000
      25.900   30.311    0.000
      26.250   30.917    0.000
      27.300   30.311    0.000
      26.950   30.917    0.000
      28.000   30.311    0.000
      28.350   30.917    0.000
      29.400   30.311    0.000
      29.050   30.917    0.000
      30.100   30.311    0.000
      30.450   30.917    0.000
      31.500   30.311    0.000
      31.150   30.917    0.000
      32.200   30.311    0.000
      32.550   30.917    0.000
      33.600   30.311    0.000
      33.250   30.917    0.000
      34.300   30.311    0.000
      34.650   30.917    0.000
      35.700   30.311    0.000
      35.350   30.917    0.000
      36.400   30.311    0.000
      36.750   30.917    0.000
      37.800   30.311    0.000
      37.450   30.917    0.000
      38.500   30.311    0.000
      38.850   30.917    0.000
      39.900   30.311    0.000
      39.550   30.917    0.000
      40.600   30.311    0.000
      40.950   30.917    0.000
       0.000   31.523    0.000
      -0.350   32.130    0.000
       0.700   31.523    0.000
       1.050   32.130    0.000
       2.100   31.523    0.000
       1.750   32.130    0.000
       2.800   31.523    0.000
       3.150   32.130    0.000
       4.200   31.523    0.000
       3.850   32.130    0.000
       4.900   31.523    0.000
       5.250   32.130    0.000
       6.300   31.523    0.000
       5.950   32.130    0.000
       7.000   31.523    0.000
       7.350   32.130    0.000
       8.400   31.523    0.000
       8.050   32.130    0.000
       9.100   31.523    0.000
       9.450   32.130    0.000
      10.500   31.523    0.000
      10.150   32.130    0.000
      11.200   31.523    0.000
      11.550   32.130    0.000
      12.600   31.523    0.000
      12.250   32.130    0.000
      13.300   31.523    0.000
      13.650   32.130    0.000
      14.700   31.523    0.000
      14.350   32.130    0.000
      15.400   31.523    0.000
      15.750   32.130    0.000
      16.800   31.523    0.000
      16.450   32.130    0.000
      17.500   31.523    0.000
      17.850   32.130    0.000
      18.900   31.523    0.000
      18.550   32.130    0.000
      19.600   31.523    0.000
      19.950   32.130    0.000
      21.000   31.523    0.000
      20.650   32.130    0.000
      21.700   31.523    0.000
      22.050   32.130    0.000
      23.100   31.523    0.000
      22.750   32.130    0.000
      23.800   31.523    0.000
      24.150   32.130    0.000
      25.200   31.523    0.000
      24.850   32.130    0.000
      25.900   31.523    0.000
      26.250   32.130    0.000
      27.300   31.523    0.000
      26.950   32.130    0.000
      28.000   31.523    0.000
      28.350   32.130    0.000
      29.400   31.523    0.000
      29.050   32.130    0.000
      30.100   31.523    0.000
      30.450   32.130    0.000
      31.500   31.523    0.000
      31.150   32.130    0.000
      32.200   31.523    0.000
      32.550   32.130    0.000
      33.600   31.523    0.000
      33.250   32.130    0.000
      34.300   31.523    0.000
      34.650   32.130    0.000
      35.700   31.523    0.000
      35.350   32.130    0.000
      36.400   31.523    0.000
      36.750   32.130    0.000
      37.800   31.523    0.000
      37.450   32.130    0.000
      38.500   31.523    0.000
      38.850   32.130    0.000
      39.900   31.523    0.000
      39.550   32.130    0.000
      40.600   31.523    0.000
      40.950   32.130    0.000
       0.000   32.736    0.000
      -0.350   33.342    0.000
       0.700   32.736    0.000
       1.050   33.342    0.000
       2.100   32.736    0.000
       1.750   33.342    0.000
       2.800   32.736    0.000
       3.150   33.342    0.000
       4.200   32.736    0.000
       3.850   33.342    0.000
       4.900   32.736    0.000
       5.250   33.342    0.000
       6.300   32.736    0.000
       5.950   33.342    0.000
       7.000   32.736    0.000
       7.350   33.342    0.000
       8.400   32.736    0.000
       8.050   33.342    0.000
       9.100   32.736    0.000
       9.450   33.342    0.000
      10.500   32.736    0.000
      10.150   33.342    0.000
      11.200   32.736    0.000
      11.550   33.342    0.000
      12.600   32.736    0.000
      12.250   33.342    0.000
      13.300   32.736    0.000
      13.650   33.342    0.000
      14.700   32.736    0.000
      14.350   33.342    0.000
      15.400   32.736    0.000
      15.750   33.342    0.000
      16.800   32.736    0.000
      16.450   33.342    0.000
      17.500   32.736    0.000
      17.850   33.342    0.000
      18.900   32.736    0.000
      18.550   33.342    0.000
      19.600   32.736    0.000
      19.950   33.342    0.000
      21.000   32.736    0.000
      20.650   33.342    0.000
      21.700   32.736    0.000
      22.050   33.342    0.000
      23.100   32.736    0.000
      22.750   33.342    0.000
      23.800   32.736    0.000
      24.150   33.342    0.000
      25.200   32.736    0.000
      24.850   33.342    0.000
      25.900   32.736    0.000
      26.250   33.342    0.000
      27.300   32.736    0.000
      26.950   33.342    0.000
      28.000   32.736    0.000
      28.350   33.342    0.000
      29.400   32.736    0.000
      29.050   33.342    0.000
      30.100   32.736    0.000
      30.450   33.342    0.000
      31.500   32.736    0.000
      31.150   33.342    0.000
      32.200   32.736    0.000
      32.550   33.342    0.000
      33.600   32.736    0.000
      33.250   33.342    0.000
      34.300   32.736    0.000
      34.650   33.342    0.000
      35.700   32.736    0.000
      35.350   33.342    0.000
      36.400   32.736    0.000
      36.750   33.342    0.000
      37.800   32.736    0.000
      37.450   33.342    0.000
      38.500   32.736    0.000
      38.850   33.342    0.000
      39.900   32.736    0.000
      39.550   33.342    0.000
      40.600   32.736    0.000
      40.950   33.342    0.000
       0.000   33.948    0.000
      -0.350   34.554    0.000
       0.700   33.948    0.000
       1.050   34.554    0.000
       2.100   33.948    0.000
       1.750   34.554    0.000
       2.800   33.948    0.000
       3.150   34.554    0.000
       4.200   33.948    0.000
       3.850   34.554    0.000
       4.900   33.948    0.000
       5.250   34.554    0.000
       6.300   33.948    0.000
       5.950   34.554    0.000
       7.000   33.948    0.000
       7.350   34.554    0.000
       8.400   33.948    0.000
       8.050   34.554    0.000
       9.100   33.948    0.000
       9.450   34.554    0.000
      10.500   33.948    0.000
      10.150   34.554    0.000
      11.200   33.948    0.000
      11.550   34.554    0.000
      12.600   33.948    0.000
      12.250   34.554    0.000
      13.300   33.948    0.000
      13.650   34.554    0.000
      14.700   33.948    0.000
      14.350   34.554    0.000
      15.400   33.948    0.000
      15.750   34.554    0.000
      16.800   33.948    0.000
      16.450   34.554    0.000
      17.500   33.948    0.000
      17.850   34.554    0.000
      18.900   33.948    0.000
      18.550   34.554    0.000
      19.600   33.948    0.000
      19.950   34.554    0.000
      21.000   33.948    0.000
      20.650   34.554    0.000
      21.700   33.948    0.000
      22.050   34.554    0.000
      23.100   33.948    0.000
      22.750   34.554    0.000
      23.800   33.948    0.000
      24.150   34.554    0.000
      25.200   33.948    0.000
      24.850   34.554    0.000
      25.900   33.948    0.000
      26.250   34.554    0.000
      27.300   33.948    0.000
      26.950   34.554    0.000
      28.000   33.948    0.000
      28.350   34.554    0.000
      29.400   33.948    0.000
      29.050   34.554    0.000
      30.100   33.948    0.000
      30.450   34.554    0.000
      31.500   33.948    0.000
      31.150   34.554    0.000
      32.200   33.948    0.000
      32.550   34.554    0.000
      33.600   33.948    0.000
      33.250   34.554    0.000
      34.300   33.948    0.000
      34.650   34.554    0.000
      35.700   33.948    0.000
      35.350   34.554    0.000
      36.400   33.948    0.000
      36.750   34.554    0.000
      37.800   33.948    0.000
      37.450   34.554    0.000
      38.500   33.948    0.000
      38.850   34.554    0.000
      39.900   33.948    0.000
      39.550   34.554    0.000
      40.600   33.948    0.000
      40.950   34.554    0.000
       0.000   35.161    0.000
      -0.350   35.767    0.000
       0.700   35.161    0.000
       1.050   35.767    0.000
       2.100   35.161    0.000
       1.750   35.767    0.000
       2.800   35.161    0.000
       3.150   35.767    0.000
       4.200   35.161    0.000
       3.850   35.767    0.000
       4.900   35.161    0.000
       5.250   35.767    0.000
       6.300   35.161    0.000
       5.950   35.767    0.000
       7.000   35.161    0.000
       7.350   35.767    0.000
       8.400   35.161    0.000
       8.050   35.767    0.000
       9.100   35.161    0.000
       9.450   35.767    0.000
      10.500   35.161    0.000
      10.150   35.767    0.000
      11.200   35.161    0.000
      11.550   35.767    0.000
      12.600   35.161    0.000
      12.250   35.767    0.000
      13.300   35.161    0.000
      13.650   35.767    0.000
      14.700   35.161    0.000
      14.350   35.767    0.000
      15.400   35.161    0.000
      15.750   35.767    0.000
      16.800   35.161    0.000
      16.450   35.767    0.000
      17.500   35.161    0.000
      17.850   35.767    0.000
      18.900   35.161    0.000
      18.550   35.767    0.000
      19.600   35.161    0.000
      19.950   35.767    0.000
      21.000   35.161    0.000
      20.650   35.767    0.000
      21.700   35.161    0.000
      22.050   35.767    0.000
      23.100   35.161    0.000
      22.750   35.767    0.000
      23.800   35.161    0.000
      24.150   35.767    0.000
      25.200   35.161    0.000
      24.850   35.767    0.000
      25.900   35.161    0.000
      26.250   35.767    0.000
      27.300   35.161    0.000
      26.950   35.767    0.000
      28.000   35.161    0.000
      28.350   35.767    0.000
      29.400   35.161    0.000
      29.050   35.767    0.000
      30.100   35.161    0.000
      30.450   35.767    0.000
      31.500   35.161    0.000
      31.150   35.767    0.000
      32.200   35.161    0.000
      32.550   35.767    0.000
      33.600   35.161    0.000
      33.250   35.767    0.000
      34.300   35.161    0.000
      34.650   35.767    0.000
      35.700   35.161    0.000
      35.350   35.767    0.000
      36.400   35.161    0.000
      36.750   35.767    0.000
      37.800   35.161    0.000
      37.450   35.767    0.000
      38.500   35.161    0.000
      38.850   35.767    0.000
      39.900   35.161    0.000
      39.550   35.767    0.000
      40.600   35.161    0.000
      40.950   35.767    0.000
       0.000   36.373    0.000
      -0.350   36.979    0.000
       0.700   36.373    0.000
       1.050   36.979    0.000
       2.100   36.373    0.000
       1.750   36.979    0.000
       2.800   36.373    0.000
       3.150   36.979    0.000
       4.200   36.373    0.000
       3.850   36.979    0.000
       4.900   36.373    0.000
       5.250   36.979    0.000
       6.300   36.373    0.000
       5.950   36.979    0.000
       7.000   36.373    0.000
       7.350   36.979    0.000
       8.400   36.373    0.000
       8.050   36.979    0.000
       9.100   36.373    0.000
       9.450   36.979    0.000
      10.500   36.373    0.000
      10.150   36.979    0.000
      11.200   36.373    0.000
      11.550   36.979    0.000
      12.600   36.373    0.000
      12.250   36.979    0.000
      13.300   36.373    0.000
      13.650   36.979    0.000
      14.700   36.373    0.000
      14.350   36.979    0.000
      15.400   36.373    0.000
      15.750   36.979    0.000
      16.800   36.373    0.000
      16.450   36.979    0.000
      17.500   36.373    0.000
      17.850   36.979    0.000
      18.900   36.373    0.000
      18.550   36.979    0.000
      19.600   36.373    0.000
      19.950   36.979    0.000
      21.000   36.373    0.000
      20.650   36.979    0.000
      21.700   36.373    0.000
      22.050   36.979    0.000
      23.100   36.373    0.000
      22.750   36.979    0.000
      23.800   36.373    0.000
      24.150   36.979    0.000
      25.200   36.373    0.000
      24.850   36.979    0.000
      25.900   36.373    0.000
      26.250   36.979    0.000
      27.300   36.373    0.000
      26.950   36.979    0.000
      28.000   36.373    0.000
      28.350   36.979    0.000
      29.400   36.373    0.000
      29.050   36.979    0.000
      30.100   36.373    0.000
      30.450   36.979    0.000
      31.500   36.373    0.000
      31.150   36.979    0.000
      32.200   36.373    0.000
      32.550   36.979    0.000
      33.600   36.373    0.000
      33.250   36.979    0.000
      34.300   36.373    0.000
      34.650   36.979    0.000
      35.700   36.373    0.000
      35.350   36.979    0.000
      36.400   36.373    0.000
      36.750   36.979    0.000
      37.800   36.373    0.000
      37.450   36.979    0.000
      38.500   36.373    0.000
      38.850   36.979    0.000
      39.900   36.373    0.000
      39.550   36.979    0.000
      40.600   36.373    0.000
      40.950   36.979    0.000
       0.000   37.586    0.000
      -0.350   38.192    0.000
       0.700   37.586    0.000
       1.050   38.192    0.000
       2.100   37.586    0.000
       1.750   38.192    0.000
       2.800   37.586    0.000
       3.150   38.192    0.000
       4.200   37.586    0.000
       3.850   38.192    0.000
       4.900   37.586    0.000
       5.250   38.192    0.000
       6.300   37.586    0.000
       5.950   38.192    0.000
       7.000   37.586    0.000
       7.350   38.192    0.000
       8.400   37.586    0.000
       8.050   38.192    0.000
       9.100   37.586    0.000
       9.450   38.192    0.000
      10.500   37.586    0.000
      10.150   38.192    0.000
      11.200   37.586    0.000
      11.550   38.192    0.000
      12.600   37.586    0.000
      12.250   38.192    0.000
      13.300   37.586    0.000
      13.650   38.192    0.000
      14.700   37.586    0.000
      14.350   38.192    0.000
      15.400   37.586    0.000
      15.750   38.192    0.000
      16.800   37.586    0.000
      16.450   38.192    0.000
      17.500   37.586    0.000
      17.850   38.192    0.000
      18.900   37.586    0.000
      18.550   38.192    0.000
      19.600   37.586    0.000
      19.950   38.192    0.000
      21.000   37.586    0.000
      20.650   38.192    0.000
      21.700   37.586    0.000
      22.050   38.192    0.000
      23.100   37.586    0.000
      22.750   38.192    0.000
      23.800   37.586    0.000
      24.150   38.192    0.000
      25.200   37.586    0.000
      24.850   38.192    0.000
      25.900   37.586    0.000
      26.250   38.192    0.000
      27.300   37.586    0.000
      26.950   38.192    0.000
      28.000   37.586    0.000
      28.350   38.192    0.000
      29.400   37.586    0.000
      29.050   38.192    0.000
      30.100   37.586    0.000
      30.450   38.192    0.000
      31.500   37.586    0.000
      31.150   38.192    0.000
      32.200   37.586    0.000
      32.550   38.192    0.000
      33.600   37.586    0.000
      33.250   38.192    0.000
      34.300   37.586    0.000
      34.650   38.192    0.000
      35.700   37.586    0.000
      35.350   38.192    0.000
      36.400   37.586    0.000
      36.750   38.192    0.000
      37.800   37.586    0.000
      37.450   38.192    0.000
      38.500   37.586    0.000
      38.850   38.192    0.000
      39.900   37.586    0.000
      39.550   38.192    0.000
      40.600   37.586    0.000
      40.950   38.192    0.000
       0.000   38.798    0.000
      -0.350   39.404    0.000
       0.700   38.798    0.000
       1.050   39.404    0.000
       2.100   38.798    0.000
       1.750   39.404    0.000
       2.800   38.798    0.000
       3.150   39.404    0.000
       4.200   38.798    0.000
       3.850   39.404    0.000
       4.900   38.798    0.000
       5.250   39.404    0.000
       6.300   38.798    0.000
       5.950   39.404    0.000
       7.000   38.798    0.000
       7.350   39.404    0.000
       8.400   38.798    0.000
       8.050   39.404    0.000
       9.100   38.798    0.000
       9.450   39.404    0.000
      10.500   38.798    0.000
      10.150   39.404    0.000
      11.200   38.798    0.000
      11.550   39.404    0.000
      12.600   38.798    0.000
      12.250   39.404    0.000
      13.300   38.798    0.000
      13.650   39.404    0.000
      14.700   38.798    0.000
      14.350   39.404    0.000
      15.400   38.798    0.000
      15.750   39.404    0.000
      16.800   38.798    0.000
      16.450   39.404    0.000
      17.500   38.798    0.000
      17.850   39.404    0.000
      18.900   38.798    0.000
      18.550   39.404    0.000
      19.600   38.798    0.000
      19.950   39.404    0.000
      21.000   38.798    0.000
      20.650   39.404    0.000
      21.700   38.798    0.000
      22.050   39.404    0.000
      23.100   38.798    0.000
      22.750   39.404    0.000
      23.800   38.798    0.000
      24.150   39.404    0.000
      25.200   38.798    0.000
      24.850   39.404    0.000
      25.900   38.798    0.000
      26.250   39.404    0.000
      27.300   38.798    0.000
      26.950   39.404    0.000
      28.000   38.798    0.000
      28.350   39.404    0.000
      29.400   38.798    0.000
      29.050   39.404    0.000
      30.100   38.798    0.000
      30.450   39.404    0.000
      31.500   38.798    0.000
      31.150   39.404    0.000
      32.200   38.798    0.000
      32.550   39.404    0.000
      33.600   38.798    0.000
      33.250   39.404    0.000
      34.300   38.798    0.000
      34.650   39.404    0.000
      35.700   38.798    0.000
      35.350   39.404    0.000
      36.400   38.798    0.000
      36.750   39.404    0.000
      37.800   38.798    0.000
      37.450   39.404    0.000
      38.500   38.798    0.000
      38.850   39.404    0.000
      39.900   38.798    0.000
      39.550   39.404    0.000
      40.600   38.798    0.000
      40.950   39.404    0.000
  
