18.000000 18.000000 -1.035563 
18.000000 18.100000 -1.035739 
18.000000 18.200000 -1.036238 
18.000000 18.300000 -1.037000 
18.000000 18.400000 -1.037934 
18.000000 18.500000 -1.038928 
18.000000 18.600000 -1.039862 
18.000000 18.700000 -1.040623 
18.000000 18.800000 -1.041121 
18.000000 18.900000 -1.041295 
18.000000 19.000000 -1.041125 
18.000000 19.100000 -1.040632 
18.000000 19.200000 -1.039876 
18.000000 19.300000 -1.038947 
18.000000 19.400000 -1.037958 
18.000000 19.500000 -1.037028 
18.000000 19.600000 -1.036271 
18.000000 19.700000 -1.035776 
18.000000 19.800000 -1.035606 
18.000000 19.900000 -1.035779 
18.000000 20.000000 -1.036275 
18.000000 20.100000 -1.037035 
18.000000 20.200000 -1.037967 
18.000000 20.300000 -1.038958 
18.000000 20.400000 -1.039889 
18.000000 20.500000 -1.040648 
18.000000 20.600000 -1.041143 
18.000000 20.700000 -1.041315 
18.000000 20.800000 -1.041143 
18.000000 20.900000 -1.040648 
18.000000 21.000000 -1.039889 
18.000000 21.100000 -1.038958 
18.000000 21.200000 -1.037967 
18.000000 21.300000 -1.037035 
18.000000 21.400000 -1.036275 
18.000000 21.500000 -1.035779 
18.000000 21.600000 -1.035606 
18.000000 21.700000 -1.035776 
18.000000 21.800000 -1.036271 
18.000000 21.900000 -1.037028 
18.000000 22.000000 -1.037958 
18.000000 22.100000 -1.038947 
18.000000 22.200000 -1.039876 
18.000000 22.300000 -1.040632 
18.000000 22.400000 -1.041125 
18.000000 22.500000 -1.041295 
18.000000 22.600000 -1.041121 
18.000000 22.700000 -1.040623 
18.000000 22.800000 -1.039862 
18.000000 22.900000 -1.038928 
18.000000 23.000000 -1.037934 
18.000000 23.100000 -1.037000 
18.000000 23.200000 -1.036238 
18.000000 23.300000 -1.035739 
18.100000 18.000000 -1.035739 
18.100000 18.100000 -1.035914 
18.100000 18.200000 -1.036411 
18.100000 18.300000 -1.037171 
18.100000 18.400000 -1.038102 
18.100000 18.500000 -1.039092 
18.100000 18.600000 -1.040023 
18.100000 18.700000 -1.040782 
18.100000 18.800000 -1.041278 
18.100000 18.900000 -1.041451 
18.100000 19.000000 -1.041282 
18.100000 19.100000 -1.040791 
18.100000 19.200000 -1.040037 
18.100000 19.300000 -1.039111 
18.100000 19.400000 -1.038126 
18.100000 19.500000 -1.037199 
18.100000 19.600000 -1.036444 
18.100000 19.700000 -1.035952 
18.100000 19.800000 -1.035781 
18.100000 19.900000 -1.035954 
18.100000 20.000000 -1.036449 
18.100000 20.100000 -1.037206 
18.100000 20.200000 -1.038135 
18.100000 20.300000 -1.039122 
18.100000 20.400000 -1.040050 
18.100000 20.500000 -1.040807 
18.100000 20.600000 -1.041300 
18.100000 20.700000 -1.041472 
18.100000 20.800000 -1.041300 
18.100000 20.900000 -1.040807 
18.100000 21.000000 -1.040050 
18.100000 21.100000 -1.039122 
18.100000 21.200000 -1.038135 
18.100000 21.300000 -1.037206 
18.100000 21.400000 -1.036449 
18.100000 21.500000 -1.035954 
18.100000 21.600000 -1.035781 
18.100000 21.700000 -1.035952 
18.100000 21.800000 -1.036444 
18.100000 21.900000 -1.037199 
18.100000 22.000000 -1.038126 
18.100000 22.100000 -1.039111 
18.100000 22.200000 -1.040037 
18.100000 22.300000 -1.040791 
18.100000 22.400000 -1.041282 
18.100000 22.500000 -1.041451 
18.100000 22.600000 -1.041278 
18.100000 22.700000 -1.040782 
18.100000 22.800000 -1.040023 
18.100000 22.900000 -1.039092 
18.100000 23.000000 -1.038102 
18.100000 23.100000 -1.037171 
18.100000 23.200000 -1.036411 
18.100000 23.300000 -1.035914 
18.200000 18.000000 -1.036238 
18.200000 18.100000 -1.036411 
18.200000 18.200000 -1.036904 
18.200000 18.300000 -1.037656 
18.200000 18.400000 -1.038578 
18.200000 18.500000 -1.039559 
18.200000 18.600000 -1.040480 
18.200000 18.700000 -1.041232 
18.200000 18.800000 -1.041723 
18.200000 18.900000 -1.041895 
18.200000 19.000000 -1.041727 
18.200000 19.100000 -1.041241 
18.200000 19.200000 -1.040494 
18.200000 19.300000 -1.039578 
18.200000 19.400000 -1.038602 
18.200000 19.500000 -1.037684 
18.200000 19.600000 -1.036937 
18.200000 19.700000 -1.036449 
18.200000 19.800000 -1.036280 
18.200000 19.900000 -1.036451 
18.200000 20.000000 -1.036941 
18.200000 20.100000 -1.037691 
18.200000 20.200000 -1.038611 
18.200000 20.300000 -1.039589 
18.200000 20.400000 -1.040508 
18.200000 20.500000 -1.041257 
18.200000 20.600000 -1.041746 
18.200000 20.700000 -1.041915 
18.200000 20.800000 -1.041746 
18.200000 20.900000 -1.041257 
18.200000 21.000000 -1.040508 
18.200000 21.100000 -1.039589 
18.200000 21.200000 -1.038611 
18.200000 21.300000 -1.037691 
18.200000 21.400000 -1.036941 
18.200000 21.500000 -1.036451 
18.200000 21.600000 -1.036280 
18.200000 21.700000 -1.036449 
18.200000 21.800000 -1.036937 
18.200000 21.900000 -1.037684 
18.200000 22.000000 -1.038602 
18.200000 22.100000 -1.039578 
18.200000 22.200000 -1.040494 
18.200000 22.300000 -1.041241 
18.200000 22.400000 -1.041727 
18.200000 22.500000 -1.041895 
18.200000 22.600000 -1.041723 
18.200000 22.700000 -1.041232 
18.200000 22.800000 -1.040480 
18.200000 22.900000 -1.039559 
18.200000 23.000000 -1.038578 
18.200000 23.100000 -1.037656 
18.200000 23.200000 -1.036904 
18.200000 23.300000 -1.036411 
18.300000 18.000000 -1.037000 
18.300000 18.100000 -1.037171 
18.300000 18.200000 -1.037656 
18.300000 18.300000 -1.038397 
18.300000 18.400000 -1.039306 
18.300000 18.500000 -1.040271 
18.300000 18.600000 -1.041179 
18.300000 18.700000 -1.041919 
18.300000 18.800000 -1.042403 
18.300000 18.900000 -1.042572 
18.300000 19.000000 -1.042407 
18.300000 19.100000 -1.041928 
18.300000 19.200000 -1.041193 
18.300000 19.300000 -1.040290 
18.300000 19.400000 -1.039329 
18.300000 19.500000 -1.038426 
18.300000 19.600000 -1.037689 
18.300000 19.700000 -1.037209 
18.300000 19.800000 -1.037043 
18.300000 19.900000 -1.037211 
18.300000 20.000000 -1.037694 
18.300000 20.100000 -1.038432 
18.300000 20.200000 -1.039338 
18.300000 20.300000 -1.040301 
18.300000 20.400000 -1.041206 
18.300000 20.500000 -1.041944 
18.300000 20.600000 -1.042425 
18.300000 20.700000 -1.042593 
18.300000 20.800000 -1.042425 
18.300000 20.900000 -1.041944 
18.300000 21.000000 -1.041206 
18.300000 21.100000 -1.040301 
18.300000 21.200000 -1.039338 
18.300000 21.300000 -1.038432 
18.300000 21.400000 -1.037694 
18.300000 21.500000 -1.037211 
18.300000 21.600000 -1.037043 
18.300000 21.700000 -1.037209 
18.300000 21.800000 -1.037689 
18.300000 21.900000 -1.038426 
18.300000 22.000000 -1.039329 
18.300000 22.100000 -1.040290 
18.300000 22.200000 -1.041193 
18.300000 22.300000 -1.041928 
18.300000 22.400000 -1.042407 
18.300000 22.500000 -1.042572 
18.300000 22.600000 -1.042403 
18.300000 22.700000 -1.041919 
18.300000 22.800000 -1.041179 
18.300000 22.900000 -1.040271 
18.300000 23.000000 -1.039306 
18.300000 23.100000 -1.038397 
18.300000 23.200000 -1.037656 
18.300000 23.300000 -1.037171 
18.400000 18.000000 -1.037934 
18.400000 18.100000 -1.038102 
18.400000 18.200000 -1.038578 
18.400000 18.300000 -1.039306 
18.400000 18.400000 -1.040197 
18.400000 18.500000 -1.041144 
18.400000 18.600000 -1.042035 
18.400000 18.700000 -1.042761 
18.400000 18.800000 -1.043236 
18.400000 18.900000 -1.043402 
18.400000 19.000000 -1.043240 
18.400000 19.100000 -1.042770 
18.400000 19.200000 -1.042049 
18.400000 19.300000 -1.041163 
18.400000 19.400000 -1.040220 
18.400000 19.500000 -1.039334 
18.400000 19.600000 -1.038611 
18.400000 19.700000 -1.038140 
18.400000 19.800000 -1.037977 
18.400000 19.900000 -1.038142 
18.400000 20.000000 -1.038616 
18.400000 20.100000 -1.039340 
18.400000 20.200000 -1.040229 
18.400000 20.300000 -1.041174 
18.400000 20.400000 -1.042062 
18.400000 20.500000 -1.042786 
18.400000 20.600000 -1.043259 
18.400000 20.700000 -1.043423 
18.400000 20.800000 -1.043259 
18.400000 20.900000 -1.042786 
18.400000 21.000000 -1.042062 
18.400000 21.100000 -1.041174 
18.400000 21.200000 -1.040229 
18.400000 21.300000 -1.039340 
18.400000 21.400000 -1.038616 
18.400000 21.500000 -1.038142 
18.400000 21.600000 -1.037977 
18.400000 21.700000 -1.038140 
18.400000 21.800000 -1.038611 
18.400000 21.900000 -1.039334 
18.400000 22.000000 -1.040220 
18.400000 22.100000 -1.041163 
18.400000 22.200000 -1.042049 
18.400000 22.300000 -1.042770 
18.400000 22.400000 -1.043240 
18.400000 22.500000 -1.043402 
18.400000 22.600000 -1.043236 
18.400000 22.700000 -1.042761 
18.400000 22.800000 -1.042035 
18.400000 22.900000 -1.041144 
18.400000 23.000000 -1.040197 
18.400000 23.100000 -1.039306 
18.400000 23.200000 -1.038578 
18.400000 23.300000 -1.038102 
18.500000 18.000000 -1.038928 
18.500000 18.100000 -1.039092 
18.500000 18.200000 -1.039559 
18.500000 18.300000 -1.040271 
18.500000 18.400000 -1.041144 
18.500000 18.500000 -1.042073 
18.500000 18.600000 -1.042945 
18.500000 18.700000 -1.043657 
18.500000 18.800000 -1.044122 
18.500000 18.900000 -1.044285 
18.500000 19.000000 -1.044127 
18.500000 19.100000 -1.043666 
18.500000 19.200000 -1.042959 
18.500000 19.300000 -1.042092 
18.500000 19.400000 -1.041168 
18.500000 19.500000 -1.040299 
18.500000 19.600000 -1.039592 
18.500000 19.700000 -1.039130 
18.500000 19.800000 -1.038971 
18.500000 19.900000 -1.039132 
18.500000 20.000000 -1.039596 
18.500000 20.100000 -1.040306 
18.500000 20.200000 -1.041177 
18.500000 20.300000 -1.042103 
18.500000 20.400000 -1.042973 
18.500000 20.500000 -1.043682 
18.500000 20.600000 -1.044145 
18.500000 20.700000 -1.044305 
18.500000 20.800000 -1.044145 
18.500000 20.900000 -1.043682 
18.500000 21.000000 -1.042973 
18.500000 21.100000 -1.042103 
18.500000 21.200000 -1.041177 
18.500000 21.300000 -1.040306 
18.500000 21.400000 -1.039596 
18.500000 21.500000 -1.039132 
18.500000 21.600000 -1.038971 
18.500000 21.700000 -1.039130 
18.500000 21.800000 -1.039592 
18.500000 21.900000 -1.040299 
18.500000 22.000000 -1.041168 
18.500000 22.100000 -1.042092 
18.500000 22.200000 -1.042959 
18.500000 22.300000 -1.043666 
18.500000 22.400000 -1.044127 
18.500000 22.500000 -1.044285 
18.500000 22.600000 -1.044122 
18.500000 22.700000 -1.043657 
18.500000 22.800000 -1.042945 
18.500000 22.900000 -1.042073 
18.500000 23.000000 -1.041144 
18.500000 23.100000 -1.040271 
18.500000 23.200000 -1.039559 
18.500000 23.300000 -1.039092 
18.600000 18.000000 -1.039862 
18.600000 18.100000 -1.040023 
18.600000 18.200000 -1.040480 
18.600000 18.300000 -1.041179 
18.600000 18.400000 -1.042035 
18.600000 18.500000 -1.042945 
18.600000 18.600000 -1.043801 
18.600000 18.700000 -1.044498 
18.600000 18.800000 -1.044954 
18.600000 18.900000 -1.045114 
18.600000 19.000000 -1.044959 
18.600000 19.100000 -1.044508 
18.600000 19.200000 -1.043815 
18.600000 19.300000 -1.042964 
18.600000 19.400000 -1.042058 
18.600000 19.500000 -1.041207 
18.600000 19.600000 -1.040513 
18.600000 19.700000 -1.040061 
18.600000 19.800000 -1.039904 
18.600000 19.900000 -1.040063 
18.600000 20.000000 -1.040518 
18.600000 20.100000 -1.041214 
18.600000 20.200000 -1.042067 
18.600000 20.300000 -1.042975 
18.600000 20.400000 -1.043828 
18.600000 20.500000 -1.044524 
18.600000 20.600000 -1.044977 
18.600000 20.700000 -1.045135 
18.600000 20.800000 -1.044977 
18.600000 20.900000 -1.044524 
18.600000 21.000000 -1.043828 
18.600000 21.100000 -1.042975 
18.600000 21.200000 -1.042067 
18.600000 21.300000 -1.041214 
18.600000 21.400000 -1.040518 
18.600000 21.500000 -1.040063 
18.600000 21.600000 -1.039904 
18.600000 21.700000 -1.040061 
18.600000 21.800000 -1.040513 
18.600000 21.900000 -1.041207 
18.600000 22.000000 -1.042058 
18.600000 22.100000 -1.042964 
18.600000 22.200000 -1.043815 
18.600000 22.300000 -1.044508 
18.600000 22.400000 -1.044959 
18.600000 22.500000 -1.045114 
18.600000 22.600000 -1.044954 
18.600000 22.700000 -1.044498 
18.600000 22.800000 -1.043801 
18.600000 22.900000 -1.042945 
18.600000 23.000000 -1.042035 
18.600000 23.100000 -1.041179 
18.600000 23.200000 -1.040480 
18.600000 23.300000 -1.040023 
18.700000 18.000000 -1.040623 
18.700000 18.100000 -1.040782 
18.700000 18.200000 -1.041232 
18.700000 18.300000 -1.041919 
18.700000 18.400000 -1.042761 
18.700000 18.500000 -1.043657 
18.700000 18.600000 -1.044498 
18.700000 18.700000 -1.045185 
18.700000 18.800000 -1.045633 
18.700000 18.900000 -1.045791 
18.700000 19.000000 -1.045638 
18.700000 19.100000 -1.045194 
18.700000 19.200000 -1.044512 
18.700000 19.300000 -1.043675 
18.700000 19.400000 -1.042784 
18.700000 19.500000 -1.041947 
18.700000 19.600000 -1.041264 
18.700000 19.700000 -1.040819 
18.700000 19.800000 -1.040665 
18.700000 19.900000 -1.040821 
18.700000 20.000000 -1.041269 
18.700000 20.100000 -1.041954 
18.700000 20.200000 -1.042793 
18.700000 20.300000 -1.043687 
18.700000 20.400000 -1.044526 
18.700000 20.500000 -1.045210 
18.700000 20.600000 -1.045656 
18.700000 20.700000 -1.045811 
18.700000 20.800000 -1.045656 
18.700000 20.900000 -1.045210 
18.700000 21.000000 -1.044526 
18.700000 21.100000 -1.043687 
18.700000 21.200000 -1.042793 
18.700000 21.300000 -1.041954 
18.700000 21.400000 -1.041269 
18.700000 21.500000 -1.040821 
18.700000 21.600000 -1.040665 
18.700000 21.700000 -1.040819 
18.700000 21.800000 -1.041264 
18.700000 21.900000 -1.041947 
18.700000 22.000000 -1.042784 
18.700000 22.100000 -1.043675 
18.700000 22.200000 -1.044512 
18.700000 22.300000 -1.045194 
18.700000 22.400000 -1.045638 
18.700000 22.500000 -1.045791 
18.700000 22.600000 -1.045633 
18.700000 22.700000 -1.045185 
18.700000 22.800000 -1.044498 
18.700000 22.900000 -1.043657 
18.700000 23.000000 -1.042761 
18.700000 23.100000 -1.041919 
18.700000 23.200000 -1.041232 
18.700000 23.300000 -1.040782 
18.800000 18.000000 -1.041121 
18.800000 18.100000 -1.041278 
18.800000 18.200000 -1.041723 
18.800000 18.300000 -1.042403 
18.800000 18.400000 -1.043236 
18.800000 18.500000 -1.044122 
18.800000 18.600000 -1.044954 
18.800000 18.700000 -1.045633 
18.800000 18.800000 -1.046077 
18.800000 18.900000 -1.046233 
18.800000 19.000000 -1.046082 
18.800000 19.100000 -1.045643 
18.800000 19.200000 -1.044968 
18.800000 19.300000 -1.044141 
18.800000 19.400000 -1.043259 
18.800000 19.500000 -1.042431 
18.800000 19.600000 -1.041756 
18.800000 19.700000 -1.041315 
18.800000 19.800000 -1.041163 
18.800000 19.900000 -1.041317 
18.800000 20.000000 -1.041760 
18.800000 20.100000 -1.042438 
18.800000 20.200000 -1.043268 
18.800000 20.300000 -1.044152 
18.800000 20.400000 -1.044982 
18.800000 20.500000 -1.045659 
18.800000 20.600000 -1.046100 
18.800000 20.700000 -1.046254 
18.800000 20.800000 -1.046100 
18.800000 20.900000 -1.045659 
18.800000 21.000000 -1.044982 
18.800000 21.100000 -1.044152 
18.800000 21.200000 -1.043268 
18.800000 21.300000 -1.042438 
18.800000 21.400000 -1.041760 
18.800000 21.500000 -1.041317 
18.800000 21.600000 -1.041163 
18.800000 21.700000 -1.041315 
18.800000 21.800000 -1.041756 
18.800000 21.900000 -1.042431 
18.800000 22.000000 -1.043259 
18.800000 22.100000 -1.044141 
18.800000 22.200000 -1.044968 
18.800000 22.300000 -1.045643 
18.800000 22.400000 -1.046082 
18.800000 22.500000 -1.046233 
18.800000 22.600000 -1.046077 
18.800000 22.700000 -1.045633 
18.800000 22.800000 -1.044954 
18.800000 22.900000 -1.044122 
18.800000 23.000000 -1.043236 
18.800000 23.100000 -1.042403 
18.800000 23.200000 -1.041723 
18.800000 23.300000 -1.041278 
18.900000 18.000000 -1.041295 
18.900000 18.100000 -1.041451 
18.900000 18.200000 -1.041895 
18.900000 18.300000 -1.042572 
18.900000 18.400000 -1.043402 
18.900000 18.500000 -1.044285 
18.900000 18.600000 -1.045114 
18.900000 18.700000 -1.045791 
18.900000 18.800000 -1.046233 
18.900000 18.900000 -1.046388 
18.900000 19.000000 -1.046238 
18.900000 19.100000 -1.045800 
18.900000 19.200000 -1.045128 
18.900000 19.300000 -1.044304 
18.900000 19.400000 -1.043426 
18.900000 19.500000 -1.042600 
18.900000 19.600000 -1.041928 
18.900000 19.700000 -1.041489 
18.900000 19.800000 -1.041337 
18.900000 19.900000 -1.041491 
18.900000 20.000000 -1.041932 
18.900000 20.100000 -1.042607 
18.900000 20.200000 -1.043435 
18.900000 20.300000 -1.044315 
18.900000 20.400000 -1.045142 
18.900000 20.500000 -1.045816 
18.900000 20.600000 -1.046256 
18.900000 20.700000 -1.046409 
18.900000 20.800000 -1.046256 
18.900000 20.900000 -1.045816 
18.900000 21.000000 -1.045142 
18.900000 21.100000 -1.044315 
18.900000 21.200000 -1.043435 
18.900000 21.300000 -1.042607 
18.900000 21.400000 -1.041932 
18.900000 21.500000 -1.041491 
18.900000 21.600000 -1.041337 
18.900000 21.700000 -1.041489 
18.900000 21.800000 -1.041928 
18.900000 21.900000 -1.042600 
18.900000 22.000000 -1.043426 
18.900000 22.100000 -1.044304 
18.900000 22.200000 -1.045128 
18.900000 22.300000 -1.045800 
18.900000 22.400000 -1.046238 
18.900000 22.500000 -1.046388 
18.900000 22.600000 -1.046233 
18.900000 22.700000 -1.045791 
18.900000 22.800000 -1.045114 
18.900000 22.900000 -1.044285 
18.900000 23.000000 -1.043402 
18.900000 23.100000 -1.042572 
18.900000 23.200000 -1.041895 
18.900000 23.300000 -1.041451 
19.000000 18.000000 -1.041125 
19.000000 18.100000 -1.041282 
19.000000 18.200000 -1.041727 
19.000000 18.300000 -1.042407 
19.000000 18.400000 -1.043240 
19.000000 18.500000 -1.044127 
19.000000 18.600000 -1.044959 
19.000000 18.700000 -1.045638 
19.000000 18.800000 -1.046082 
19.000000 18.900000 -1.046238 
19.000000 19.000000 -1.046087 
19.000000 19.100000 -1.045647 
19.000000 19.200000 -1.044973 
19.000000 19.300000 -1.044145 
19.000000 19.400000 -1.043264 
19.000000 19.500000 -1.042435 
19.000000 19.600000 -1.041760 
19.000000 19.700000 -1.041320 
19.000000 19.800000 -1.041168 
19.000000 19.900000 -1.041322 
19.000000 20.000000 -1.041765 
19.000000 20.100000 -1.042442 
19.000000 20.200000 -1.043273 
19.000000 20.300000 -1.044157 
19.000000 20.400000 -1.044987 
19.000000 20.500000 -1.045663 
19.000000 20.600000 -1.046105 
19.000000 20.700000 -1.046258 
19.000000 20.800000 -1.046105 
19.000000 20.900000 -1.045663 
19.000000 21.000000 -1.044987 
19.000000 21.100000 -1.044157 
19.000000 21.200000 -1.043273 
19.000000 21.300000 -1.042442 
19.000000 21.400000 -1.041765 
19.000000 21.500000 -1.041322 
19.000000 21.600000 -1.041168 
19.000000 21.700000 -1.041320 
19.000000 21.800000 -1.041760 
19.000000 21.900000 -1.042435 
19.000000 22.000000 -1.043264 
19.000000 22.100000 -1.044145 
19.000000 22.200000 -1.044973 
19.000000 22.300000 -1.045647 
19.000000 22.400000 -1.046087 
19.000000 22.500000 -1.046238 
19.000000 22.600000 -1.046082 
19.000000 22.700000 -1.045638 
19.000000 22.800000 -1.044959 
19.000000 22.900000 -1.044127 
19.000000 23.000000 -1.043240 
19.000000 23.100000 -1.042407 
19.000000 23.200000 -1.041727 
19.000000 23.300000 -1.041282 
19.100000 18.000000 -1.040632 
19.100000 18.100000 -1.040791 
19.100000 18.200000 -1.041241 
19.100000 18.300000 -1.041928 
19.100000 18.400000 -1.042770 
19.100000 18.500000 -1.043666 
19.100000 18.600000 -1.044508 
19.100000 18.700000 -1.045194 
19.100000 18.800000 -1.045643 
19.100000 18.900000 -1.045800 
19.100000 19.000000 -1.045647 
19.100000 19.100000 -1.045203 
19.100000 19.200000 -1.044522 
19.100000 19.300000 -1.043685 
19.100000 19.400000 -1.042794 
19.100000 19.500000 -1.041956 
19.100000 19.600000 -1.041274 
19.100000 19.700000 -1.040829 
19.100000 19.800000 -1.040675 
19.100000 19.900000 -1.040831 
19.100000 20.000000 -1.041278 
19.100000 20.100000 -1.041963 
19.100000 20.200000 -1.042803 
19.100000 20.300000 -1.043696 
19.100000 20.400000 -1.044535 
19.100000 20.500000 -1.045219 
19.100000 20.600000 -1.045666 
19.100000 20.700000 -1.045821 
19.100000 20.800000 -1.045666 
19.100000 20.900000 -1.045219 
19.100000 21.000000 -1.044535 
19.100000 21.100000 -1.043696 
19.100000 21.200000 -1.042803 
19.100000 21.300000 -1.041963 
19.100000 21.400000 -1.041278 
19.100000 21.500000 -1.040831 
19.100000 21.600000 -1.040675 
19.100000 21.700000 -1.040829 
19.100000 21.800000 -1.041274 
19.100000 21.900000 -1.041956 
19.100000 22.000000 -1.042794 
19.100000 22.100000 -1.043685 
19.100000 22.200000 -1.044522 
19.100000 22.300000 -1.045203 
19.100000 22.400000 -1.045647 
19.100000 22.500000 -1.045800 
19.100000 22.600000 -1.045643 
19.100000 22.700000 -1.045194 
19.100000 22.800000 -1.044508 
19.100000 22.900000 -1.043666 
19.100000 23.000000 -1.042770 
19.100000 23.100000 -1.041928 
19.100000 23.200000 -1.041241 
19.100000 23.300000 -1.040791 
19.200000 18.000000 -1.039876 
19.200000 18.100000 -1.040037 
19.200000 18.200000 -1.040494 
19.200000 18.300000 -1.041193 
19.200000 18.400000 -1.042049 
19.200000 18.500000 -1.042959 
19.200000 18.600000 -1.043815 
19.200000 18.700000 -1.044512 
19.200000 18.800000 -1.044968 
19.200000 18.900000 -1.045128 
19.200000 19.000000 -1.044973 
19.200000 19.100000 -1.044522 
19.200000 19.200000 -1.043829 
19.200000 19.300000 -1.042978 
19.200000 19.400000 -1.042072 
19.200000 19.500000 -1.041221 
19.200000 19.600000 -1.040527 
19.200000 19.700000 -1.040075 
19.200000 19.800000 -1.039918 
19.200000 19.900000 -1.040077 
19.200000 20.000000 -1.040532 
19.200000 20.100000 -1.041228 
19.200000 20.200000 -1.042081 
19.200000 20.300000 -1.042989 
19.200000 20.400000 -1.043842 
19.200000 20.500000 -1.044538 
19.200000 20.600000 -1.044991 
19.200000 20.700000 -1.045149 
19.200000 20.800000 -1.044991 
19.200000 20.900000 -1.044538 
19.200000 21.000000 -1.043842 
19.200000 21.100000 -1.042989 
19.200000 21.200000 -1.042081 
19.200000 21.300000 -1.041228 
19.200000 21.400000 -1.040532 
19.200000 21.500000 -1.040077 
19.200000 21.600000 -1.039918 
19.200000 21.700000 -1.040075 
19.200000 21.800000 -1.040527 
19.200000 21.900000 -1.041221 
19.200000 22.000000 -1.042072 
19.200000 22.100000 -1.042978 
19.200000 22.200000 -1.043829 
19.200000 22.300000 -1.044522 
19.200000 22.400000 -1.044973 
19.200000 22.500000 -1.045128 
19.200000 22.600000 -1.044968 
19.200000 22.700000 -1.044512 
19.200000 22.800000 -1.043815 
19.200000 22.900000 -1.042959 
19.200000 23.000000 -1.042049 
19.200000 23.100000 -1.041193 
19.200000 23.200000 -1.040494 
19.200000 23.300000 -1.040037 
19.300000 18.000000 -1.038947 
19.300000 18.100000 -1.039111 
19.300000 18.200000 -1.039578 
19.300000 18.300000 -1.040290 
19.300000 18.400000 -1.041163 
19.300000 18.500000 -1.042092 
19.300000 18.600000 -1.042964 
19.300000 18.700000 -1.043675 
19.300000 18.800000 -1.044141 
19.300000 18.900000 -1.044304 
19.300000 19.000000 -1.044145 
19.300000 19.100000 -1.043685 
19.300000 19.200000 -1.042978 
19.300000 19.300000 -1.042110 
19.300000 19.400000 -1.041186 
19.300000 19.500000 -1.040318 
19.300000 19.600000 -1.039610 
19.300000 19.700000 -1.039149 
19.300000 19.800000 -1.038989 
19.300000 19.900000 -1.039151 
19.300000 20.000000 -1.039615 
19.300000 20.100000 -1.040325 
19.300000 20.200000 -1.041195 
19.300000 20.300000 -1.042122 
19.300000 20.400000 -1.042992 
19.300000 20.500000 -1.043701 
19.300000 20.600000 -1.044163 
19.300000 20.700000 -1.044324 
19.300000 20.800000 -1.044163 
19.300000 20.900000 -1.043701 
19.300000 21.000000 -1.042992 
19.300000 21.100000 -1.042122 
19.300000 21.200000 -1.041195 
19.300000 21.300000 -1.040325 
19.300000 21.400000 -1.039615 
19.300000 21.500000 -1.039151 
19.300000 21.600000 -1.038989 
19.300000 21.700000 -1.039149 
19.300000 21.800000 -1.039610 
19.300000 21.900000 -1.040318 
19.300000 22.000000 -1.041186 
19.300000 22.100000 -1.042110 
19.300000 22.200000 -1.042978 
19.300000 22.300000 -1.043685 
19.300000 22.400000 -1.044145 
19.300000 22.500000 -1.044304 
19.300000 22.600000 -1.044141 
19.300000 22.700000 -1.043675 
19.300000 22.800000 -1.042964 
19.300000 22.900000 -1.042092 
19.300000 23.000000 -1.041163 
19.300000 23.100000 -1.040290 
19.300000 23.200000 -1.039578 
19.300000 23.300000 -1.039111 
19.400000 18.000000 -1.037958 
19.400000 18.100000 -1.038126 
19.400000 18.200000 -1.038602 
19.400000 18.300000 -1.039329 
19.400000 18.400000 -1.040220 
19.400000 18.500000 -1.041168 
19.400000 18.600000 -1.042058 
19.400000 18.700000 -1.042784 
19.400000 18.800000 -1.043259 
19.400000 18.900000 -1.043426 
19.400000 19.000000 -1.043264 
19.400000 19.100000 -1.042794 
19.400000 19.200000 -1.042072 
19.400000 19.300000 -1.041186 
19.400000 19.400000 -1.040243 
19.400000 19.500000 -1.039357 
19.400000 19.600000 -1.038635 
19.400000 19.700000 -1.038163 
19.400000 19.800000 -1.038000 
19.400000 19.900000 -1.038166 
19.400000 20.000000 -1.038639 
19.400000 20.100000 -1.039364 
19.400000 20.200000 -1.040252 
19.400000 20.300000 -1.041198 
19.400000 20.400000 -1.042086 
19.400000 20.500000 -1.042810 
19.400000 20.600000 -1.043282 
19.400000 20.700000 -1.043446 
19.400000 20.800000 -1.043282 
19.400000 20.900000 -1.042810 
19.400000 21.000000 -1.042086 
19.400000 21.100000 -1.041198 
19.400000 21.200000 -1.040252 
19.400000 21.300000 -1.039364 
19.400000 21.400000 -1.038639 
19.400000 21.500000 -1.038166 
19.400000 21.600000 -1.038000 
19.400000 21.700000 -1.038163 
19.400000 21.800000 -1.038635 
19.400000 21.900000 -1.039357 
19.400000 22.000000 -1.040243 
19.400000 22.100000 -1.041186 
19.400000 22.200000 -1.042072 
19.400000 22.300000 -1.042794 
19.400000 22.400000 -1.043264 
19.400000 22.500000 -1.043426 
19.400000 22.600000 -1.043259 
19.400000 22.700000 -1.042784 
19.400000 22.800000 -1.042058 
19.400000 22.900000 -1.041168 
19.400000 23.000000 -1.040220 
19.400000 23.100000 -1.039329 
19.400000 23.200000 -1.038602 
19.400000 23.300000 -1.038126 
19.500000 18.000000 -1.037028 
19.500000 18.100000 -1.037199 
19.500000 18.200000 -1.037684 
19.500000 18.300000 -1.038426 
19.500000 18.400000 -1.039334 
19.500000 18.500000 -1.040299 
19.500000 18.600000 -1.041207 
19.500000 18.700000 -1.041947 
19.500000 18.800000 -1.042431 
19.500000 18.900000 -1.042600 
19.500000 19.000000 -1.042435 
19.500000 19.100000 -1.041956 
19.500000 19.200000 -1.041221 
19.500000 19.300000 -1.040318 
19.500000 19.400000 -1.039357 
19.500000 19.500000 -1.038454 
19.500000 19.600000 -1.037717 
19.500000 19.700000 -1.037237 
19.500000 19.800000 -1.037071 
19.500000 19.900000 -1.037239 
19.500000 20.000000 -1.037722 
19.500000 20.100000 -1.038460 
19.500000 20.200000 -1.039366 
19.500000 20.300000 -1.040329 
19.500000 20.400000 -1.041235 
19.500000 20.500000 -1.041972 
19.500000 20.600000 -1.042454 
19.500000 20.700000 -1.042621 
19.500000 20.800000 -1.042454 
19.500000 20.900000 -1.041972 
19.500000 21.000000 -1.041235 
19.500000 21.100000 -1.040329 
19.500000 21.200000 -1.039366 
19.500000 21.300000 -1.038460 
19.500000 21.400000 -1.037722 
19.500000 21.500000 -1.037239 
19.500000 21.600000 -1.037071 
19.500000 21.700000 -1.037237 
19.500000 21.800000 -1.037717 
19.500000 21.900000 -1.038454 
19.500000 22.000000 -1.039357 
19.500000 22.100000 -1.040318 
19.500000 22.200000 -1.041221 
19.500000 22.300000 -1.041956 
19.500000 22.400000 -1.042435 
19.500000 22.500000 -1.042600 
19.500000 22.600000 -1.042431 
19.500000 22.700000 -1.041947 
19.500000 22.800000 -1.041207 
19.500000 22.900000 -1.040299 
19.500000 23.000000 -1.039334 
19.500000 23.100000 -1.038426 
19.500000 23.200000 -1.037684 
19.500000 23.300000 -1.037199 
19.600000 18.000000 -1.036271 
19.600000 18.100000 -1.036444 
19.600000 18.200000 -1.036937 
19.600000 18.300000 -1.037689 
19.600000 18.400000 -1.038611 
19.600000 18.500000 -1.039592 
19.600000 18.600000 -1.040513 
19.600000 18.700000 -1.041264 
19.600000 18.800000 -1.041756 
19.600000 18.900000 -1.041928 
19.600000 19.000000 -1.041760 
19.600000 19.100000 -1.041274 
19.600000 19.200000 -1.040527 
19.600000 19.300000 -1.039610 
19.600000 19.400000 -1.038635 
19.600000 19.500000 -1.037717 
19.600000 19.600000 -1.036970 
19.600000 19.700000 -1.036482 
19.600000 19.800000 -1.036313 
19.600000 19.900000 -1.036484 
19.600000 20.000000 -1.036974 
19.600000 20.100000 -1.037724 
19.600000 20.200000 -1.038644 
19.600000 20.300000 -1.039622 
19.600000 20.400000 -1.040541 
19.600000 20.500000 -1.041290 
19.600000 20.600000 -1.041778 
19.600000 20.700000 -1.041948 
19.600000 20.800000 -1.041778 
19.600000 20.900000 -1.041290 
19.600000 21.000000 -1.040541 
19.600000 21.100000 -1.039622 
19.600000 21.200000 -1.038644 
19.600000 21.300000 -1.037724 
19.600000 21.400000 -1.036974 
19.600000 21.500000 -1.036484 
19.600000 21.600000 -1.036313 
19.600000 21.700000 -1.036482 
19.600000 21.800000 -1.036970 
19.600000 21.900000 -1.037717 
19.600000 22.000000 -1.038635 
19.600000 22.100000 -1.039610 
19.600000 22.200000 -1.040527 
19.600000 22.300000 -1.041274 
19.600000 22.400000 -1.041760 
19.600000 22.500000 -1.041928 
19.600000 22.600000 -1.041756 
19.600000 22.700000 -1.041264 
19.600000 22.800000 -1.040513 
19.600000 22.900000 -1.039592 
19.600000 23.000000 -1.038611 
19.600000 23.100000 -1.037689 
19.600000 23.200000 -1.036937 
19.600000 23.300000 -1.036444 
19.700000 18.000000 -1.035776 
19.700000 18.100000 -1.035952 
19.700000 18.200000 -1.036449 
19.700000 18.300000 -1.037209 
19.700000 18.400000 -1.038140 
19.700000 18.500000 -1.039130 
19.700000 18.600000 -1.040061 
19.700000 18.700000 -1.040819 
19.700000 18.800000 -1.041315 
19.700000 18.900000 -1.041489 
19.700000 19.000000 -1.041320 
19.700000 19.100000 -1.040829 
19.700000 19.200000 -1.040075 
19.700000 19.300000 -1.039149 
19.700000 19.400000 -1.038163 
19.700000 19.500000 -1.037237 
19.700000 19.600000 -1.036482 
19.700000 19.700000 -1.035989 
19.700000 19.800000 -1.035819 
19.700000 19.900000 -1.035992 
19.700000 20.000000 -1.036486 
19.700000 20.100000 -1.037244 
19.700000 20.200000 -1.038172 
19.700000 20.300000 -1.039160 
19.700000 20.400000 -1.040088 
19.700000 20.500000 -1.040844 
19.700000 20.600000 -1.041338 
19.700000 20.700000 -1.041509 
19.700000 20.800000 -1.041338 
19.700000 20.900000 -1.040844 
19.700000 21.000000 -1.040088 
19.700000 21.100000 -1.039160 
19.700000 21.200000 -1.038172 
19.700000 21.300000 -1.037244 
19.700000 21.400000 -1.036486 
19.700000 21.500000 -1.035992 
19.700000 21.600000 -1.035819 
19.700000 21.700000 -1.035989 
19.700000 21.800000 -1.036482 
19.700000 21.900000 -1.037237 
19.700000 22.000000 -1.038163 
19.700000 22.100000 -1.039149 
19.700000 22.200000 -1.040075 
19.700000 22.300000 -1.040829 
19.700000 22.400000 -1.041320 
19.700000 22.500000 -1.041489 
19.700000 22.600000 -1.041315 
19.700000 22.700000 -1.040819 
19.700000 22.800000 -1.040061 
19.700000 22.900000 -1.039130 
19.700000 23.000000 -1.038140 
19.700000 23.100000 -1.037209 
19.700000 23.200000 -1.036449 
19.700000 23.300000 -1.035952 
19.800000 18.000000 -1.035606 
19.800000 18.100000 -1.035781 
19.800000 18.200000 -1.036280 
19.800000 18.300000 -1.037043 
19.800000 18.400000 -1.037977 
19.800000 18.500000 -1.038971 
19.800000 18.600000 -1.039904 
19.800000 18.700000 -1.040665 
19.800000 18.800000 -1.041163 
19.800000 18.900000 -1.041337 
19.800000 19.000000 -1.041168 
19.800000 19.100000 -1.040675 
19.800000 19.200000 -1.039918 
19.800000 19.300000 -1.038989 
19.800000 19.400000 -1.038000 
19.800000 19.500000 -1.037071 
19.800000 19.600000 -1.036313 
19.800000 19.700000 -1.035819 
19.800000 19.800000 -1.035648 
19.800000 19.900000 -1.035821 
19.800000 20.000000 -1.036318 
19.800000 20.100000 -1.037078 
19.800000 20.200000 -1.038009 
19.800000 20.300000 -1.039001 
19.800000 20.400000 -1.039932 
19.800000 20.500000 -1.040691 
19.800000 20.600000 -1.041186 
19.800000 20.700000 -1.041358 
19.800000 20.800000 -1.041186 
19.800000 20.900000 -1.040691 
19.800000 21.000000 -1.039932 
19.800000 21.100000 -1.039001 
19.800000 21.200000 -1.038009 
19.800000 21.300000 -1.037078 
19.800000 21.400000 -1.036318 
19.800000 21.500000 -1.035821 
19.800000 21.600000 -1.035648 
19.800000 21.700000 -1.035819 
19.800000 21.800000 -1.036313 
19.800000 21.900000 -1.037071 
19.800000 22.000000 -1.038000 
19.800000 22.100000 -1.038989 
19.800000 22.200000 -1.039918 
19.800000 22.300000 -1.040675 
19.800000 22.400000 -1.041168 
19.800000 22.500000 -1.041337 
19.800000 22.600000 -1.041163 
19.800000 22.700000 -1.040665 
19.800000 22.800000 -1.039904 
19.800000 22.900000 -1.038971 
19.800000 23.000000 -1.037977 
19.800000 23.100000 -1.037043 
19.800000 23.200000 -1.036280 
19.800000 23.300000 -1.035781 
19.900000 18.000000 -1.035779 
19.900000 18.100000 -1.035954 
19.900000 18.200000 -1.036451 
19.900000 18.300000 -1.037211 
19.900000 18.400000 -1.038142 
19.900000 18.500000 -1.039132 
19.900000 18.600000 -1.040063 
19.900000 18.700000 -1.040821 
19.900000 18.800000 -1.041317 
19.900000 18.900000 -1.041491 
19.900000 19.000000 -1.041322 
19.900000 19.100000 -1.040831 
19.900000 19.200000 -1.040077 
19.900000 19.300000 -1.039151 
19.900000 19.400000 -1.038166 
19.900000 19.500000 -1.037239 
19.900000 19.600000 -1.036484 
19.900000 19.700000 -1.035992 
19.900000 19.800000 -1.035821 
19.900000 19.900000 -1.035994 
19.900000 20.000000 -1.036489 
19.900000 20.100000 -1.037246 
19.900000 20.200000 -1.038175 
19.900000 20.300000 -1.039162 
19.900000 20.400000 -1.040090 
19.900000 20.500000 -1.040847 
19.900000 20.600000 -1.041340 
19.900000 20.700000 -1.041512 
19.900000 20.800000 -1.041340 
19.900000 20.900000 -1.040847 
19.900000 21.000000 -1.040090 
19.900000 21.100000 -1.039162 
19.900000 21.200000 -1.038175 
19.900000 21.300000 -1.037246 
19.900000 21.400000 -1.036489 
19.900000 21.500000 -1.035994 
19.900000 21.600000 -1.035821 
19.900000 21.700000 -1.035992 
19.900000 21.800000 -1.036484 
19.900000 21.900000 -1.037239 
19.900000 22.000000 -1.038166 
19.900000 22.100000 -1.039151 
19.900000 22.200000 -1.040077 
19.900000 22.300000 -1.040831 
19.900000 22.400000 -1.041322 
19.900000 22.500000 -1.041491 
19.900000 22.600000 -1.041317 
19.900000 22.700000 -1.040821 
19.900000 22.800000 -1.040063 
19.900000 22.900000 -1.039132 
19.900000 23.000000 -1.038142 
19.900000 23.100000 -1.037211 
19.900000 23.200000 -1.036451 
19.900000 23.300000 -1.035954 
20.000000 18.000000 -1.036275 
20.000000 18.100000 -1.036449 
20.000000 18.200000 -1.036941 
20.000000 18.300000 -1.037694 
20.000000 18.400000 -1.038616 
20.000000 18.500000 -1.039596 
20.000000 18.600000 -1.040518 
20.000000 18.700000 -1.041269 
20.000000 18.800000 -1.041760 
20.000000 18.900000 -1.041932 
20.000000 19.000000 -1.041765 
20.000000 19.100000 -1.041278 
20.000000 19.200000 -1.040532 
20.000000 19.300000 -1.039615 
20.000000 19.400000 -1.038639 
20.000000 19.500000 -1.037722 
20.000000 19.600000 -1.036974 
20.000000 19.700000 -1.036486 
20.000000 19.800000 -1.036318 
20.000000 19.900000 -1.036489 
20.000000 20.000000 -1.036979 
20.000000 20.100000 -1.037729 
20.000000 20.200000 -1.038648 
20.000000 20.300000 -1.039626 
20.000000 20.400000 -1.040545 
20.000000 20.500000 -1.041294 
20.000000 20.600000 -1.041783 
20.000000 20.700000 -1.041953 
20.000000 20.800000 -1.041783 
20.000000 20.900000 -1.041294 
20.000000 21.000000 -1.040545 
20.000000 21.100000 -1.039626 
20.000000 21.200000 -1.038648 
20.000000 21.300000 -1.037729 
20.000000 21.400000 -1.036979 
20.000000 21.500000 -1.036489 
20.000000 21.600000 -1.036318 
20.000000 21.700000 -1.036486 
20.000000 21.800000 -1.036974 
20.000000 21.900000 -1.037722 
20.000000 22.000000 -1.038639 
20.000000 22.100000 -1.039615 
20.000000 22.200000 -1.040532 
20.000000 22.300000 -1.041278 
20.000000 22.400000 -1.041765 
20.000000 22.500000 -1.041932 
20.000000 22.600000 -1.041760 
20.000000 22.700000 -1.041269 
20.000000 22.800000 -1.040518 
20.000000 22.900000 -1.039596 
20.000000 23.000000 -1.038616 
20.000000 23.100000 -1.037694 
20.000000 23.200000 -1.036941 
20.000000 23.300000 -1.036449 
20.100000 18.000000 -1.037035 
20.100000 18.100000 -1.037206 
20.100000 18.200000 -1.037691 
20.100000 18.300000 -1.038432 
20.100000 18.400000 -1.039340 
20.100000 18.500000 -1.040306 
20.100000 18.600000 -1.041214 
20.100000 18.700000 -1.041954 
20.100000 18.800000 -1.042438 
20.100000 18.900000 -1.042607 
20.100000 19.000000 -1.042442 
20.100000 19.100000 -1.041963 
20.100000 19.200000 -1.041228 
20.100000 19.300000 -1.040325 
20.100000 19.400000 -1.039364 
20.100000 19.500000 -1.038460 
20.100000 19.600000 -1.037724 
20.100000 19.700000 -1.037244 
20.100000 19.800000 -1.037078 
20.100000 19.900000 -1.037246 
20.100000 20.000000 -1.037729 
20.100000 20.100000 -1.038467 
20.100000 20.200000 -1.039373 
20.100000 20.300000 -1.040336 
20.100000 20.400000 -1.041241 
20.100000 20.500000 -1.041979 
20.100000 20.600000 -1.042460 
20.100000 20.700000 -1.042628 
20.100000 20.800000 -1.042460 
20.100000 20.900000 -1.041979 
20.100000 21.000000 -1.041241 
20.100000 21.100000 -1.040336 
20.100000 21.200000 -1.039373 
20.100000 21.300000 -1.038467 
20.100000 21.400000 -1.037729 
20.100000 21.500000 -1.037246 
20.100000 21.600000 -1.037078 
20.100000 21.700000 -1.037244 
20.100000 21.800000 -1.037724 
20.100000 21.900000 -1.038460 
20.100000 22.000000 -1.039364 
20.100000 22.100000 -1.040325 
20.100000 22.200000 -1.041228 
20.100000 22.300000 -1.041963 
20.100000 22.400000 -1.042442 
20.100000 22.500000 -1.042607 
20.100000 22.600000 -1.042438 
20.100000 22.700000 -1.041954 
20.100000 22.800000 -1.041214 
20.100000 22.900000 -1.040306 
20.100000 23.000000 -1.039340 
20.100000 23.100000 -1.038432 
20.100000 23.200000 -1.037691 
20.100000 23.300000 -1.037206 
20.200000 18.000000 -1.037967 
20.200000 18.100000 -1.038135 
20.200000 18.200000 -1.038611 
20.200000 18.300000 -1.039338 
20.200000 18.400000 -1.040229 
20.200000 18.500000 -1.041177 
20.200000 18.600000 -1.042067 
20.200000 18.700000 -1.042793 
20.200000 18.800000 -1.043268 
20.200000 18.900000 -1.043435 
20.200000 19.000000 -1.043273 
20.200000 19.100000 -1.042803 
20.200000 19.200000 -1.042081 
20.200000 19.300000 -1.041195 
20.200000 19.400000 -1.040252 
20.200000 19.500000 -1.039366 
20.200000 19.600000 -1.038644 
20.200000 19.700000 -1.038172 
20.200000 19.800000 -1.038009 
20.200000 19.900000 -1.038175 
20.200000 20.000000 -1.038648 
20.200000 20.100000 -1.039373 
20.200000 20.200000 -1.040261 
20.200000 20.300000 -1.041207 
20.200000 20.400000 -1.042095 
20.200000 20.500000 -1.042819 
20.200000 20.600000 -1.043291 
20.200000 20.700000 -1.043455 
20.200000 20.800000 -1.043291 
20.200000 20.900000 -1.042819 
20.200000 21.000000 -1.042095 
20.200000 21.100000 -1.041207 
20.200000 21.200000 -1.040261 
20.200000 21.300000 -1.039373 
20.200000 21.400000 -1.038648 
20.200000 21.500000 -1.038175 
20.200000 21.600000 -1.038009 
20.200000 21.700000 -1.038172 
20.200000 21.800000 -1.038644 
20.200000 21.900000 -1.039366 
20.200000 22.000000 -1.040252 
20.200000 22.100000 -1.041195 
20.200000 22.200000 -1.042081 
20.200000 22.300000 -1.042803 
20.200000 22.400000 -1.043273 
20.200000 22.500000 -1.043435 
20.200000 22.600000 -1.043268 
20.200000 22.700000 -1.042793 
20.200000 22.800000 -1.042067 
20.200000 22.900000 -1.041177 
20.200000 23.000000 -1.040229 
20.200000 23.100000 -1.039338 
20.200000 23.200000 -1.038611 
20.200000 23.300000 -1.038135 
20.300000 18.000000 -1.038958 
20.300000 18.100000 -1.039122 
20.300000 18.200000 -1.039589 
20.300000 18.300000 -1.040301 
20.300000 18.400000 -1.041174 
20.300000 18.500000 -1.042103 
20.300000 18.600000 -1.042975 
20.300000 18.700000 -1.043687 
20.300000 18.800000 -1.044152 
20.300000 18.900000 -1.044315 
20.300000 19.000000 -1.044157 
20.300000 19.100000 -1.043696 
20.300000 19.200000 -1.042989 
20.300000 19.300000 -1.042122 
20.300000 19.400000 -1.041198 
20.300000 19.500000 -1.040329 
20.300000 19.600000 -1.039622 
20.300000 19.700000 -1.039160 
20.300000 19.800000 -1.039001 
20.300000 19.900000 -1.039162 
20.300000 20.000000 -1.039626 
20.300000 20.100000 -1.040336 
20.300000 20.200000 -1.041207 
20.300000 20.300000 -1.042133 
20.300000 20.400000 -1.043003 
20.300000 20.500000 -1.043712 
20.300000 20.600000 -1.044175 
20.300000 20.700000 -1.044335 
20.300000 20.800000 -1.044175 
20.300000 20.900000 -1.043712 
20.300000 21.000000 -1.043003 
20.300000 21.100000 -1.042133 
20.300000 21.200000 -1.041207 
20.300000 21.300000 -1.040336 
20.300000 21.400000 -1.039626 
20.300000 21.500000 -1.039162 
20.300000 21.600000 -1.039001 
20.300000 21.700000 -1.039160 
20.300000 21.800000 -1.039622 
20.300000 21.900000 -1.040329 
20.300000 22.000000 -1.041198 
20.300000 22.100000 -1.042122 
20.300000 22.200000 -1.042989 
20.300000 22.300000 -1.043696 
20.300000 22.400000 -1.044157 
20.300000 22.500000 -1.044315 
20.300000 22.600000 -1.044152 
20.300000 22.700000 -1.043687 
20.300000 22.800000 -1.042975 
20.300000 22.900000 -1.042103 
20.300000 23.000000 -1.041174 
20.300000 23.100000 -1.040301 
20.300000 23.200000 -1.039589 
20.300000 23.300000 -1.039122 
20.400000 18.000000 -1.039889 
20.400000 18.100000 -1.040050 
20.400000 18.200000 -1.040508 
20.400000 18.300000 -1.041206 
20.400000 18.400000 -1.042062 
20.400000 18.500000 -1.042973 
20.400000 18.600000 -1.043828 
20.400000 18.700000 -1.044526 
20.400000 18.800000 -1.044982 
20.400000 18.900000 -1.045142 
20.400000 19.000000 -1.044987 
20.400000 19.100000 -1.044535 
20.400000 19.200000 -1.043842 
20.400000 19.300000 -1.042992 
20.400000 19.400000 -1.042086 
20.400000 19.500000 -1.041235 
20.400000 19.600000 -1.040541 
20.400000 19.700000 -1.040088 
20.400000 19.800000 -1.039932 
20.400000 19.900000 -1.040090 
20.400000 20.000000 -1.040545 
20.400000 20.100000 -1.041241 
20.400000 20.200000 -1.042095 
20.400000 20.300000 -1.043003 
20.400000 20.400000 -1.043856 
20.400000 20.500000 -1.044551 
20.400000 20.600000 -1.045005 
20.400000 20.700000 -1.045162 
20.400000 20.800000 -1.045005 
20.400000 20.900000 -1.044551 
20.400000 21.000000 -1.043856 
20.400000 21.100000 -1.043003 
20.400000 21.200000 -1.042095 
20.400000 21.300000 -1.041241 
20.400000 21.400000 -1.040545 
20.400000 21.500000 -1.040090 
20.400000 21.600000 -1.039932 
20.400000 21.700000 -1.040088 
20.400000 21.800000 -1.040541 
20.400000 21.900000 -1.041235 
20.400000 22.000000 -1.042086 
20.400000 22.100000 -1.042992 
20.400000 22.200000 -1.043842 
20.400000 22.300000 -1.044535 
20.400000 22.400000 -1.044987 
20.400000 22.500000 -1.045142 
20.400000 22.600000 -1.044982 
20.400000 22.700000 -1.044526 
20.400000 22.800000 -1.043828 
20.400000 22.900000 -1.042973 
20.400000 23.000000 -1.042062 
20.400000 23.100000 -1.041206 
20.400000 23.200000 -1.040508 
20.400000 23.300000 -1.040050 
20.500000 18.000000 -1.040648 
20.500000 18.100000 -1.040807 
20.500000 18.200000 -1.041257 
20.500000 18.300000 -1.041944 
20.500000 18.400000 -1.042786 
20.500000 18.500000 -1.043682 
20.500000 18.600000 -1.044524 
20.500000 18.700000 -1.045210 
20.500000 18.800000 -1.045659 
20.500000 18.900000 -1.045816 
20.500000 19.000000 -1.045663 
20.500000 19.100000 -1.045219 
20.500000 19.200000 -1.044538 
20.500000 19.300000 -1.043701 
20.500000 19.400000 -1.042810 
20.500000 19.500000 -1.041972 
20.500000 19.600000 -1.041290 
20.500000 19.700000 -1.040844 
20.500000 19.800000 -1.040691 
20.500000 19.900000 -1.040847 
20.500000 20.000000 -1.041294 
20.500000 20.100000 -1.041979 
20.500000 20.200000 -1.042819 
20.500000 20.300000 -1.043712 
20.500000 20.400000 -1.044551 
20.500000 20.500000 -1.045235 
20.500000 20.600000 -1.045682 
20.500000 20.700000 -1.045837 
20.500000 20.800000 -1.045682 
20.500000 20.900000 -1.045235 
20.500000 21.000000 -1.044551 
20.500000 21.100000 -1.043712 
20.500000 21.200000 -1.042819 
20.500000 21.300000 -1.041979 
20.500000 21.400000 -1.041294 
20.500000 21.500000 -1.040847 
20.500000 21.600000 -1.040691 
20.500000 21.700000 -1.040844 
20.500000 21.800000 -1.041290 
20.500000 21.900000 -1.041972 
20.500000 22.000000 -1.042810 
20.500000 22.100000 -1.043701 
20.500000 22.200000 -1.044538 
20.500000 22.300000 -1.045219 
20.500000 22.400000 -1.045663 
20.500000 22.500000 -1.045816 
20.500000 22.600000 -1.045659 
20.500000 22.700000 -1.045210 
20.500000 22.800000 -1.044524 
20.500000 22.900000 -1.043682 
20.500000 23.000000 -1.042786 
20.500000 23.100000 -1.041944 
20.500000 23.200000 -1.041257 
20.500000 23.300000 -1.040807 
20.600000 18.000000 -1.041143 
20.600000 18.100000 -1.041300 
20.600000 18.200000 -1.041746 
20.600000 18.300000 -1.042425 
20.600000 18.400000 -1.043259 
20.600000 18.500000 -1.044145 
20.600000 18.600000 -1.044977 
20.600000 18.700000 -1.045656 
20.600000 18.800000 -1.046100 
20.600000 18.900000 -1.046256 
20.600000 19.000000 -1.046105 
20.600000 19.100000 -1.045666 
20.600000 19.200000 -1.044991 
20.600000 19.300000 -1.044163 
20.600000 19.400000 -1.043282 
20.600000 19.500000 -1.042454 
20.600000 19.600000 -1.041778 
20.600000 19.700000 -1.041338 
20.600000 19.800000 -1.041186 
20.600000 19.900000 -1.041340 
20.600000 20.000000 -1.041783 
20.600000 20.100000 -1.042460 
20.600000 20.200000 -1.043291 
20.600000 20.300000 -1.044175 
20.600000 20.400000 -1.045005 
20.600000 20.500000 -1.045682 
20.600000 20.600000 -1.046123 
20.600000 20.700000 -1.046276 
20.600000 20.800000 -1.046123 
20.600000 20.900000 -1.045682 
20.600000 21.000000 -1.045005 
20.600000 21.100000 -1.044175 
20.600000 21.200000 -1.043291 
20.600000 21.300000 -1.042460 
20.600000 21.400000 -1.041783 
20.600000 21.500000 -1.041340 
20.600000 21.600000 -1.041186 
20.600000 21.700000 -1.041338 
20.600000 21.800000 -1.041778 
20.600000 21.900000 -1.042454 
20.600000 22.000000 -1.043282 
20.600000 22.100000 -1.044163 
20.600000 22.200000 -1.044991 
20.600000 22.300000 -1.045666 
20.600000 22.400000 -1.046105 
20.600000 22.500000 -1.046256 
20.600000 22.600000 -1.046100 
20.600000 22.700000 -1.045656 
20.600000 22.800000 -1.044977 
20.600000 22.900000 -1.044145 
20.600000 23.000000 -1.043259 
20.600000 23.100000 -1.042425 
20.600000 23.200000 -1.041746 
20.600000 23.300000 -1.041300 
20.700000 18.000000 -1.041315 
20.700000 18.100000 -1.041472 
20.700000 18.200000 -1.041915 
20.700000 18.300000 -1.042593 
20.700000 18.400000 -1.043423 
20.700000 18.500000 -1.044305 
20.700000 18.600000 -1.045135 
20.700000 18.700000 -1.045811 
20.700000 18.800000 -1.046254 
20.700000 18.900000 -1.046409 
20.700000 19.000000 -1.046258 
20.700000 19.100000 -1.045821 
20.700000 19.200000 -1.045149 
20.700000 19.300000 -1.044324 
20.700000 19.400000 -1.043446 
20.700000 19.500000 -1.042621 
20.700000 19.600000 -1.041948 
20.700000 19.700000 -1.041509 
20.700000 19.800000 -1.041358 
20.700000 19.900000 -1.041512 
20.700000 20.000000 -1.041953 
20.700000 20.100000 -1.042628 
20.700000 20.200000 -1.043455 
20.700000 20.300000 -1.044335 
20.700000 20.400000 -1.045162 
20.700000 20.500000 -1.045837 
20.700000 20.600000 -1.046276 
20.700000 20.700000 -1.046429 
20.700000 20.800000 -1.046276 
20.700000 20.900000 -1.045837 
20.700000 21.000000 -1.045162 
20.700000 21.100000 -1.044335 
20.700000 21.200000 -1.043455 
20.700000 21.300000 -1.042628 
20.700000 21.400000 -1.041953 
20.700000 21.500000 -1.041512 
20.700000 21.600000 -1.041358 
20.700000 21.700000 -1.041509 
20.700000 21.800000 -1.041948 
20.700000 21.900000 -1.042621 
20.700000 22.000000 -1.043446 
20.700000 22.100000 -1.044324 
20.700000 22.200000 -1.045149 
20.700000 22.300000 -1.045821 
20.700000 22.400000 -1.046258 
20.700000 22.500000 -1.046409 
20.700000 22.600000 -1.046254 
20.700000 22.700000 -1.045811 
20.700000 22.800000 -1.045135 
20.700000 22.900000 -1.044305 
20.700000 23.000000 -1.043423 
20.700000 23.100000 -1.042593 
20.700000 23.200000 -1.041915 
20.700000 23.300000 -1.041472 
20.800000 18.000000 -1.041143 
20.800000 18.100000 -1.041300 
20.800000 18.200000 -1.041746 
20.800000 18.300000 -1.042425 
20.800000 18.400000 -1.043259 
20.800000 18.500000 -1.044145 
20.800000 18.600000 -1.044977 
20.800000 18.700000 -1.045656 
20.800000 18.800000 -1.046100 
20.800000 18.900000 -1.046256 
20.800000 19.000000 -1.046105 
20.800000 19.100000 -1.045666 
20.800000 19.200000 -1.044991 
20.800000 19.300000 -1.044163 
20.800000 19.400000 -1.043282 
20.800000 19.500000 -1.042454 
20.800000 19.600000 -1.041778 
20.800000 19.700000 -1.041338 
20.800000 19.800000 -1.041186 
20.800000 19.900000 -1.041340 
20.800000 20.000000 -1.041783 
20.800000 20.100000 -1.042460 
20.800000 20.200000 -1.043291 
20.800000 20.300000 -1.044175 
20.800000 20.400000 -1.045005 
20.800000 20.500000 -1.045682 
20.800000 20.600000 -1.046123 
20.800000 20.700000 -1.046276 
20.800000 20.800000 -1.046123 
20.800000 20.900000 -1.045682 
20.800000 21.000000 -1.045005 
20.800000 21.100000 -1.044175 
20.800000 21.200000 -1.043291 
20.800000 21.300000 -1.042460 
20.800000 21.400000 -1.041783 
20.800000 21.500000 -1.041340 
20.800000 21.600000 -1.041186 
20.800000 21.700000 -1.041338 
20.800000 21.800000 -1.041778 
20.800000 21.900000 -1.042454 
20.800000 22.000000 -1.043282 
20.800000 22.100000 -1.044163 
20.800000 22.200000 -1.044991 
20.800000 22.300000 -1.045666 
20.800000 22.400000 -1.046105 
20.800000 22.500000 -1.046256 
20.800000 22.600000 -1.046100 
20.800000 22.700000 -1.045656 
20.800000 22.800000 -1.044977 
20.800000 22.900000 -1.044145 
20.800000 23.000000 -1.043259 
20.800000 23.100000 -1.042425 
20.800000 23.200000 -1.041746 
20.800000 23.300000 -1.041300 
20.900000 18.000000 -1.040648 
20.900000 18.100000 -1.040807 
20.900000 18.200000 -1.041257 
20.900000 18.300000 -1.041944 
20.900000 18.400000 -1.042786 
20.900000 18.500000 -1.043682 
20.900000 18.600000 -1.044524 
20.900000 18.700000 -1.045210 
20.900000 18.800000 -1.045659 
20.900000 18.900000 -1.045816 
20.900000 19.000000 -1.045663 
20.900000 19.100000 -1.045219 
20.900000 19.200000 -1.044538 
20.900000 19.300000 -1.043701 
20.900000 19.400000 -1.042810 
20.900000 19.500000 -1.041972 
20.900000 19.600000 -1.041290 
20.900000 19.700000 -1.040844 
20.900000 19.800000 -1.040691 
20.900000 19.900000 -1.040847 
20.900000 20.000000 -1.041294 
20.900000 20.100000 -1.041979 
20.900000 20.200000 -1.042819 
20.900000 20.300000 -1.043712 
20.900000 20.400000 -1.044551 
20.900000 20.500000 -1.045235 
20.900000 20.600000 -1.045682 
20.900000 20.700000 -1.045837 
20.900000 20.800000 -1.045682 
20.900000 20.900000 -1.045235 
20.900000 21.000000 -1.044551 
20.900000 21.100000 -1.043712 
20.900000 21.200000 -1.042819 
20.900000 21.300000 -1.041979 
20.900000 21.400000 -1.041294 
20.900000 21.500000 -1.040847 
20.900000 21.600000 -1.040691 
20.900000 21.700000 -1.040844 
20.900000 21.800000 -1.041290 
20.900000 21.900000 -1.041972 
20.900000 22.000000 -1.042810 
20.900000 22.100000 -1.043701 
20.900000 22.200000 -1.044538 
20.900000 22.300000 -1.045219 
20.900000 22.400000 -1.045663 
20.900000 22.500000 -1.045816 
20.900000 22.600000 -1.045659 
20.900000 22.700000 -1.045210 
20.900000 22.800000 -1.044524 
20.900000 22.900000 -1.043682 
20.900000 23.000000 -1.042786 
20.900000 23.100000 -1.041944 
20.900000 23.200000 -1.041257 
20.900000 23.300000 -1.040807 
21.000000 18.000000 -1.039889 
21.000000 18.100000 -1.040050 
21.000000 18.200000 -1.040508 
21.000000 18.300000 -1.041206 
21.000000 18.400000 -1.042062 
21.000000 18.500000 -1.042973 
21.000000 18.600000 -1.043828 
21.000000 18.700000 -1.044526 
21.000000 18.800000 -1.044982 
21.000000 18.900000 -1.045142 
21.000000 19.000000 -1.044987 
21.000000 19.100000 -1.044535 
21.000000 19.200000 -1.043842 
21.000000 19.300000 -1.042992 
21.000000 19.400000 -1.042086 
21.000000 19.500000 -1.041235 
21.000000 19.600000 -1.040541 
21.000000 19.700000 -1.040088 
21.000000 19.800000 -1.039932 
21.000000 19.900000 -1.040090 
21.000000 20.000000 -1.040545 
21.000000 20.100000 -1.041241 
21.000000 20.200000 -1.042095 
21.000000 20.300000 -1.043003 
21.000000 20.400000 -1.043856 
21.000000 20.500000 -1.044551 
21.000000 20.600000 -1.045005 
21.000000 20.700000 -1.045162 
21.000000 20.800000 -1.045005 
21.000000 20.900000 -1.044551 
21.000000 21.000000 -1.043856 
21.000000 21.100000 -1.043003 
21.000000 21.200000 -1.042095 
21.000000 21.300000 -1.041241 
21.000000 21.400000 -1.040545 
21.000000 21.500000 -1.040090 
21.000000 21.600000 -1.039932 
21.000000 21.700000 -1.040088 
21.000000 21.800000 -1.040541 
21.000000 21.900000 -1.041235 
21.000000 22.000000 -1.042086 
21.000000 22.100000 -1.042992 
21.000000 22.200000 -1.043842 
21.000000 22.300000 -1.044535 
21.000000 22.400000 -1.044987 
21.000000 22.500000 -1.045142 
21.000000 22.600000 -1.044982 
21.000000 22.700000 -1.044526 
21.000000 22.800000 -1.043828 
21.000000 22.900000 -1.042973 
21.000000 23.000000 -1.042062 
21.000000 23.100000 -1.041206 
21.000000 23.200000 -1.040508 
21.000000 23.300000 -1.040050 
21.100000 18.000000 -1.038958 
21.100000 18.100000 -1.039122 
21.100000 18.200000 -1.039589 
21.100000 18.300000 -1.040301 
21.100000 18.400000 -1.041174 
21.100000 18.500000 -1.042103 
21.100000 18.600000 -1.042975 
21.100000 18.700000 -1.043687 
21.100000 18.800000 -1.044152 
21.100000 18.900000 -1.044315 
21.100000 19.000000 -1.044157 
21.100000 19.100000 -1.043696 
21.100000 19.200000 -1.042989 
21.100000 19.300000 -1.042122 
21.100000 19.400000 -1.041198 
21.100000 19.500000 -1.040329 
21.100000 19.600000 -1.039622 
21.100000 19.700000 -1.039160 
21.100000 19.800000 -1.039001 
21.100000 19.900000 -1.039162 
21.100000 20.000000 -1.039626 
21.100000 20.100000 -1.040336 
21.100000 20.200000 -1.041207 
21.100000 20.300000 -1.042133 
21.100000 20.400000 -1.043003 
21.100000 20.500000 -1.043712 
21.100000 20.600000 -1.044175 
21.100000 20.700000 -1.044335 
21.100000 20.800000 -1.044175 
21.100000 20.900000 -1.043712 
21.100000 21.000000 -1.043003 
21.100000 21.100000 -1.042133 
21.100000 21.200000 -1.041207 
21.100000 21.300000 -1.040336 
21.100000 21.400000 -1.039626 
21.100000 21.500000 -1.039162 
21.100000 21.600000 -1.039001 
21.100000 21.700000 -1.039160 
21.100000 21.800000 -1.039622 
21.100000 21.900000 -1.040329 
21.100000 22.000000 -1.041198 
21.100000 22.100000 -1.042122 
21.100000 22.200000 -1.042989 
21.100000 22.300000 -1.043696 
21.100000 22.400000 -1.044157 
21.100000 22.500000 -1.044315 
21.100000 22.600000 -1.044152 
21.100000 22.700000 -1.043687 
21.100000 22.800000 -1.042975 
21.100000 22.900000 -1.042103 
21.100000 23.000000 -1.041174 
21.100000 23.100000 -1.040301 
21.100000 23.200000 -1.039589 
21.100000 23.300000 -1.039122 
21.200000 18.000000 -1.037967 
21.200000 18.100000 -1.038135 
21.200000 18.200000 -1.038611 
21.200000 18.300000 -1.039338 
21.200000 18.400000 -1.040229 
21.200000 18.500000 -1.041177 
21.200000 18.600000 -1.042067 
21.200000 18.700000 -1.042793 
21.200000 18.800000 -1.043268 
21.200000 18.900000 -1.043435 
21.200000 19.000000 -1.043273 
21.200000 19.100000 -1.042803 
21.200000 19.200000 -1.042081 
21.200000 19.300000 -1.041195 
21.200000 19.400000 -1.040252 
21.200000 19.500000 -1.039366 
21.200000 19.600000 -1.038644 
21.200000 19.700000 -1.038172 
21.200000 19.800000 -1.038009 
21.200000 19.900000 -1.038175 
21.200000 20.000000 -1.038648 
21.200000 20.100000 -1.039373 
21.200000 20.200000 -1.040261 
21.200000 20.300000 -1.041207 
21.200000 20.400000 -1.042095 
21.200000 20.500000 -1.042819 
21.200000 20.600000 -1.043291 
21.200000 20.700000 -1.043455 
21.200000 20.800000 -1.043291 
21.200000 20.900000 -1.042819 
21.200000 21.000000 -1.042095 
21.200000 21.100000 -1.041207 
21.200000 21.200000 -1.040261 
21.200000 21.300000 -1.039373 
21.200000 21.400000 -1.038648 
21.200000 21.500000 -1.038175 
21.200000 21.600000 -1.038009 
21.200000 21.700000 -1.038172 
21.200000 21.800000 -1.038644 
21.200000 21.900000 -1.039366 
21.200000 22.000000 -1.040252 
21.200000 22.100000 -1.041195 
21.200000 22.200000 -1.042081 
21.200000 22.300000 -1.042803 
21.200000 22.400000 -1.043273 
21.200000 22.500000 -1.043435 
21.200000 22.600000 -1.043268 
21.200000 22.700000 -1.042793 
21.200000 22.800000 -1.042067 
21.200000 22.900000 -1.041177 
21.200000 23.000000 -1.040229 
21.200000 23.100000 -1.039338 
21.200000 23.200000 -1.038611 
21.200000 23.300000 -1.038135 
21.300000 18.000000 -1.037035 
21.300000 18.100000 -1.037206 
21.300000 18.200000 -1.037691 
21.300000 18.300000 -1.038432 
21.300000 18.400000 -1.039340 
21.300000 18.500000 -1.040306 
21.300000 18.600000 -1.041214 
21.300000 18.700000 -1.041954 
21.300000 18.800000 -1.042438 
21.300000 18.900000 -1.042607 
21.300000 19.000000 -1.042442 
21.300000 19.100000 -1.041963 
21.300000 19.200000 -1.041228 
21.300000 19.300000 -1.040325 
21.300000 19.400000 -1.039364 
21.300000 19.500000 -1.038460 
21.300000 19.600000 -1.037724 
21.300000 19.700000 -1.037244 
21.300000 19.800000 -1.037078 
21.300000 19.900000 -1.037246 
21.300000 20.000000 -1.037729 
21.300000 20.100000 -1.038467 
21.300000 20.200000 -1.039373 
21.300000 20.300000 -1.040336 
21.300000 20.400000 -1.041241 
21.300000 20.500000 -1.041979 
21.300000 20.600000 -1.042460 
21.300000 20.700000 -1.042628 
21.300000 20.800000 -1.042460 
21.300000 20.900000 -1.041979 
21.300000 21.000000 -1.041241 
21.300000 21.100000 -1.040336 
21.300000 21.200000 -1.039373 
21.300000 21.300000 -1.038467 
21.300000 21.400000 -1.037729 
21.300000 21.500000 -1.037246 
21.300000 21.600000 -1.037078 
21.300000 21.700000 -1.037244 
21.300000 21.800000 -1.037724 
21.300000 21.900000 -1.038460 
21.300000 22.000000 -1.039364 
21.300000 22.100000 -1.040325 
21.300000 22.200000 -1.041228 
21.300000 22.300000 -1.041963 
21.300000 22.400000 -1.042442 
21.300000 22.500000 -1.042607 
21.300000 22.600000 -1.042438 
21.300000 22.700000 -1.041954 
21.300000 22.800000 -1.041214 
21.300000 22.900000 -1.040306 
21.300000 23.000000 -1.039340 
21.300000 23.100000 -1.038432 
21.300000 23.200000 -1.037691 
21.300000 23.300000 -1.037206 
21.400000 18.000000 -1.036275 
21.400000 18.100000 -1.036449 
21.400000 18.200000 -1.036941 
21.400000 18.300000 -1.037694 
21.400000 18.400000 -1.038616 
21.400000 18.500000 -1.039596 
21.400000 18.600000 -1.040518 
21.400000 18.700000 -1.041269 
21.400000 18.800000 -1.041760 
21.400000 18.900000 -1.041932 
21.400000 19.000000 -1.041765 
21.400000 19.100000 -1.041278 
21.400000 19.200000 -1.040532 
21.400000 19.300000 -1.039615 
21.400000 19.400000 -1.038639 
21.400000 19.500000 -1.037722 
21.400000 19.600000 -1.036974 
21.400000 19.700000 -1.036486 
21.400000 19.800000 -1.036318 
21.400000 19.900000 -1.036489 
21.400000 20.000000 -1.036979 
21.400000 20.100000 -1.037729 
21.400000 20.200000 -1.038648 
21.400000 20.300000 -1.039626 
21.400000 20.400000 -1.040545 
21.400000 20.500000 -1.041294 
21.400000 20.600000 -1.041783 
21.400000 20.700000 -1.041953 
21.400000 20.800000 -1.041783 
21.400000 20.900000 -1.041294 
21.400000 21.000000 -1.040545 
21.400000 21.100000 -1.039626 
21.400000 21.200000 -1.038648 
21.400000 21.300000 -1.037729 
21.400000 21.400000 -1.036979 
21.400000 21.500000 -1.036489 
21.400000 21.600000 -1.036318 
21.400000 21.700000 -1.036486 
21.400000 21.800000 -1.036974 
21.400000 21.900000 -1.037722 
21.400000 22.000000 -1.038639 
21.400000 22.100000 -1.039615 
21.400000 22.200000 -1.040532 
21.400000 22.300000 -1.041278 
21.400000 22.400000 -1.041765 
21.400000 22.500000 -1.041932 
21.400000 22.600000 -1.041760 
21.400000 22.700000 -1.041269 
21.400000 22.800000 -1.040518 
21.400000 22.900000 -1.039596 
21.400000 23.000000 -1.038616 
21.400000 23.100000 -1.037694 
21.400000 23.200000 -1.036941 
21.400000 23.300000 -1.036449 
21.500000 18.000000 -1.035779 
21.500000 18.100000 -1.035954 
21.500000 18.200000 -1.036451 
21.500000 18.300000 -1.037211 
21.500000 18.400000 -1.038142 
21.500000 18.500000 -1.039132 
21.500000 18.600000 -1.040063 
21.500000 18.700000 -1.040821 
21.500000 18.800000 -1.041317 
21.500000 18.900000 -1.041491 
21.500000 19.000000 -1.041322 
21.500000 19.100000 -1.040831 
21.500000 19.200000 -1.040077 
21.500000 19.300000 -1.039151 
21.500000 19.400000 -1.038166 
21.500000 19.500000 -1.037239 
21.500000 19.600000 -1.036484 
21.500000 19.700000 -1.035992 
21.500000 19.800000 -1.035821 
21.500000 19.900000 -1.035994 
21.500000 20.000000 -1.036489 
21.500000 20.100000 -1.037246 
21.500000 20.200000 -1.038175 
21.500000 20.300000 -1.039162 
21.500000 20.400000 -1.040090 
21.500000 20.500000 -1.040847 
21.500000 20.600000 -1.041340 
21.500000 20.700000 -1.041512 
21.500000 20.800000 -1.041340 
21.500000 20.900000 -1.040847 
21.500000 21.000000 -1.040090 
21.500000 21.100000 -1.039162 
21.500000 21.200000 -1.038175 
21.500000 21.300000 -1.037246 
21.500000 21.400000 -1.036489 
21.500000 21.500000 -1.035994 
21.500000 21.600000 -1.035821 
21.500000 21.700000 -1.035992 
21.500000 21.800000 -1.036484 
21.500000 21.900000 -1.037239 
21.500000 22.000000 -1.038166 
21.500000 22.100000 -1.039151 
21.500000 22.200000 -1.040077 
21.500000 22.300000 -1.040831 
21.500000 22.400000 -1.041322 
21.500000 22.500000 -1.041491 
21.500000 22.600000 -1.041317 
21.500000 22.700000 -1.040821 
21.500000 22.800000 -1.040063 
21.500000 22.900000 -1.039132 
21.500000 23.000000 -1.038142 
21.500000 23.100000 -1.037211 
21.500000 23.200000 -1.036451 
21.500000 23.300000 -1.035954 
21.600000 18.000000 -1.035606 
21.600000 18.100000 -1.035781 
21.600000 18.200000 -1.036280 
21.600000 18.300000 -1.037043 
21.600000 18.400000 -1.037977 
21.600000 18.500000 -1.038971 
21.600000 18.600000 -1.039904 
21.600000 18.700000 -1.040665 
21.600000 18.800000 -1.041163 
21.600000 18.900000 -1.041337 
21.600000 19.000000 -1.041168 
21.600000 19.100000 -1.040675 
21.600000 19.200000 -1.039918 
21.600000 19.300000 -1.038989 
21.600000 19.400000 -1.038000 
21.600000 19.500000 -1.037071 
21.600000 19.600000 -1.036313 
21.600000 19.700000 -1.035819 
21.600000 19.800000 -1.035648 
21.600000 19.900000 -1.035821 
21.600000 20.000000 -1.036318 
21.600000 20.100000 -1.037078 
21.600000 20.200000 -1.038009 
21.600000 20.300000 -1.039001 
21.600000 20.400000 -1.039932 
21.600000 20.500000 -1.040691 
21.600000 20.600000 -1.041186 
21.600000 20.700000 -1.041358 
21.600000 20.800000 -1.041186 
21.600000 20.900000 -1.040691 
21.600000 21.000000 -1.039932 
21.600000 21.100000 -1.039001 
21.600000 21.200000 -1.038009 
21.600000 21.300000 -1.037078 
21.600000 21.400000 -1.036318 
21.600000 21.500000 -1.035821 
21.600000 21.600000 -1.035648 
21.600000 21.700000 -1.035819 
21.600000 21.800000 -1.036313 
21.600000 21.900000 -1.037071 
21.600000 22.000000 -1.038000 
21.600000 22.100000 -1.038989 
21.600000 22.200000 -1.039918 
21.600000 22.300000 -1.040675 
21.600000 22.400000 -1.041168 
21.600000 22.500000 -1.041337 
21.600000 22.600000 -1.041163 
21.600000 22.700000 -1.040665 
21.600000 22.800000 -1.039904 
21.600000 22.900000 -1.038971 
21.600000 23.000000 -1.037977 
21.600000 23.100000 -1.037043 
21.600000 23.200000 -1.036280 
21.600000 23.300000 -1.035781 
21.700000 18.000000 -1.035776 
21.700000 18.100000 -1.035952 
21.700000 18.200000 -1.036449 
21.700000 18.300000 -1.037209 
21.700000 18.400000 -1.038140 
21.700000 18.500000 -1.039130 
21.700000 18.600000 -1.040061 
21.700000 18.700000 -1.040819 
21.700000 18.800000 -1.041315 
21.700000 18.900000 -1.041489 
21.700000 19.000000 -1.041320 
21.700000 19.100000 -1.040829 
21.700000 19.200000 -1.040075 
21.700000 19.300000 -1.039149 
21.700000 19.400000 -1.038163 
21.700000 19.500000 -1.037237 
21.700000 19.600000 -1.036482 
21.700000 19.700000 -1.035989 
21.700000 19.800000 -1.035819 
21.700000 19.900000 -1.035992 
21.700000 20.000000 -1.036486 
21.700000 20.100000 -1.037244 
21.700000 20.200000 -1.038172 
21.700000 20.300000 -1.039160 
21.700000 20.400000 -1.040088 
21.700000 20.500000 -1.040844 
21.700000 20.600000 -1.041338 
21.700000 20.700000 -1.041509 
21.700000 20.800000 -1.041338 
21.700000 20.900000 -1.040844 
21.700000 21.000000 -1.040088 
21.700000 21.100000 -1.039160 
21.700000 21.200000 -1.038172 
21.700000 21.300000 -1.037244 
21.700000 21.400000 -1.036486 
21.700000 21.500000 -1.035992 
21.700000 21.600000 -1.035819 
21.700000 21.700000 -1.035989 
21.700000 21.800000 -1.036482 
21.700000 21.900000 -1.037237 
21.700000 22.000000 -1.038163 
21.700000 22.100000 -1.039149 
21.700000 22.200000 -1.040075 
21.700000 22.300000 -1.040829 
21.700000 22.400000 -1.041320 
21.700000 22.500000 -1.041489 
21.700000 22.600000 -1.041315 
21.700000 22.700000 -1.040819 
21.700000 22.800000 -1.040061 
21.700000 22.900000 -1.039130 
21.700000 23.000000 -1.038140 
21.700000 23.100000 -1.037209 
21.700000 23.200000 -1.036449 
21.700000 23.300000 -1.035952 
21.800000 18.000000 -1.036271 
21.800000 18.100000 -1.036444 
21.800000 18.200000 -1.036937 
21.800000 18.300000 -1.037689 
21.800000 18.400000 -1.038611 
21.800000 18.500000 -1.039592 
21.800000 18.600000 -1.040513 
21.800000 18.700000 -1.041264 
21.800000 18.800000 -1.041756 
21.800000 18.900000 -1.041928 
21.800000 19.000000 -1.041760 
21.800000 19.100000 -1.041274 
21.800000 19.200000 -1.040527 
21.800000 19.300000 -1.039610 
21.800000 19.400000 -1.038635 
21.800000 19.500000 -1.037717 
21.800000 19.600000 -1.036970 
21.800000 19.700000 -1.036482 
21.800000 19.800000 -1.036313 
21.800000 19.900000 -1.036484 
21.800000 20.000000 -1.036974 
21.800000 20.100000 -1.037724 
21.800000 20.200000 -1.038644 
21.800000 20.300000 -1.039622 
21.800000 20.400000 -1.040541 
21.800000 20.500000 -1.041290 
21.800000 20.600000 -1.041778 
21.800000 20.700000 -1.041948 
21.800000 20.800000 -1.041778 
21.800000 20.900000 -1.041290 
21.800000 21.000000 -1.040541 
21.800000 21.100000 -1.039622 
21.800000 21.200000 -1.038644 
21.800000 21.300000 -1.037724 
21.800000 21.400000 -1.036974 
21.800000 21.500000 -1.036484 
21.800000 21.600000 -1.036313 
21.800000 21.700000 -1.036482 
21.800000 21.800000 -1.036970 
21.800000 21.900000 -1.037717 
21.800000 22.000000 -1.038635 
21.800000 22.100000 -1.039610 
21.800000 22.200000 -1.040527 
21.800000 22.300000 -1.041274 
21.800000 22.400000 -1.041760 
21.800000 22.500000 -1.041928 
21.800000 22.600000 -1.041756 
21.800000 22.700000 -1.041264 
21.800000 22.800000 -1.040513 
21.800000 22.900000 -1.039592 
21.800000 23.000000 -1.038611 
21.800000 23.100000 -1.037689 
21.800000 23.200000 -1.036937 
21.800000 23.300000 -1.036444 
21.900000 18.000000 -1.037028 
21.900000 18.100000 -1.037199 
21.900000 18.200000 -1.037684 
21.900000 18.300000 -1.038426 
21.900000 18.400000 -1.039334 
21.900000 18.500000 -1.040299 
21.900000 18.600000 -1.041207 
21.900000 18.700000 -1.041947 
21.900000 18.800000 -1.042431 
21.900000 18.900000 -1.042600 
21.900000 19.000000 -1.042435 
21.900000 19.100000 -1.041956 
21.900000 19.200000 -1.041221 
21.900000 19.300000 -1.040318 
21.900000 19.400000 -1.039357 
21.900000 19.500000 -1.038454 
21.900000 19.600000 -1.037717 
21.900000 19.700000 -1.037237 
21.900000 19.800000 -1.037071 
21.900000 19.900000 -1.037239 
21.900000 20.000000 -1.037722 
21.900000 20.100000 -1.038460 
21.900000 20.200000 -1.039366 
21.900000 20.300000 -1.040329 
21.900000 20.400000 -1.041235 
21.900000 20.500000 -1.041972 
21.900000 20.600000 -1.042454 
21.900000 20.700000 -1.042621 
21.900000 20.800000 -1.042454 
21.900000 20.900000 -1.041972 
21.900000 21.000000 -1.041235 
21.900000 21.100000 -1.040329 
21.900000 21.200000 -1.039366 
21.900000 21.300000 -1.038460 
21.900000 21.400000 -1.037722 
21.900000 21.500000 -1.037239 
21.900000 21.600000 -1.037071 
21.900000 21.700000 -1.037237 
21.900000 21.800000 -1.037717 
21.900000 21.900000 -1.038454 
21.900000 22.000000 -1.039357 
21.900000 22.100000 -1.040318 
21.900000 22.200000 -1.041221 
21.900000 22.300000 -1.041956 
21.900000 22.400000 -1.042435 
21.900000 22.500000 -1.042600 
21.900000 22.600000 -1.042431 
21.900000 22.700000 -1.041947 
21.900000 22.800000 -1.041207 
21.900000 22.900000 -1.040299 
21.900000 23.000000 -1.039334 
21.900000 23.100000 -1.038426 
21.900000 23.200000 -1.037684 
21.900000 23.300000 -1.037199 
22.000000 18.000000 -1.037958 
22.000000 18.100000 -1.038126 
22.000000 18.200000 -1.038602 
22.000000 18.300000 -1.039329 
22.000000 18.400000 -1.040220 
22.000000 18.500000 -1.041168 
22.000000 18.600000 -1.042058 
22.000000 18.700000 -1.042784 
22.000000 18.800000 -1.043259 
22.000000 18.900000 -1.043426 
22.000000 19.000000 -1.043264 
22.000000 19.100000 -1.042794 
22.000000 19.200000 -1.042072 
22.000000 19.300000 -1.041186 
22.000000 19.400000 -1.040243 
22.000000 19.500000 -1.039357 
22.000000 19.600000 -1.038635 
22.000000 19.700000 -1.038163 
22.000000 19.800000 -1.038000 
22.000000 19.900000 -1.038166 
22.000000 20.000000 -1.038639 
22.000000 20.100000 -1.039364 
22.000000 20.200000 -1.040252 
22.000000 20.300000 -1.041198 
22.000000 20.400000 -1.042086 
22.000000 20.500000 -1.042810 
22.000000 20.600000 -1.043282 
22.000000 20.700000 -1.043446 
22.000000 20.800000 -1.043282 
22.000000 20.900000 -1.042810 
22.000000 21.000000 -1.042086 
22.000000 21.100000 -1.041198 
22.000000 21.200000 -1.040252 
22.000000 21.300000 -1.039364 
22.000000 21.400000 -1.038639 
22.000000 21.500000 -1.038166 
22.000000 21.600000 -1.038000 
22.000000 21.700000 -1.038163 
22.000000 21.800000 -1.038635 
22.000000 21.900000 -1.039357 
22.000000 22.000000 -1.040243 
22.000000 22.100000 -1.041186 
22.000000 22.200000 -1.042072 
22.000000 22.300000 -1.042794 
22.000000 22.400000 -1.043264 
22.000000 22.500000 -1.043426 
22.000000 22.600000 -1.043259 
22.000000 22.700000 -1.042784 
22.000000 22.800000 -1.042058 
22.000000 22.900000 -1.041168 
22.000000 23.000000 -1.040220 
22.000000 23.100000 -1.039329 
22.000000 23.200000 -1.038602 
22.000000 23.300000 -1.038126 
22.100000 18.000000 -1.038947 
22.100000 18.100000 -1.039111 
22.100000 18.200000 -1.039578 
22.100000 18.300000 -1.040290 
22.100000 18.400000 -1.041163 
22.100000 18.500000 -1.042092 
22.100000 18.600000 -1.042964 
22.100000 18.700000 -1.043675 
22.100000 18.800000 -1.044141 
22.100000 18.900000 -1.044304 
22.100000 19.000000 -1.044145 
22.100000 19.100000 -1.043685 
22.100000 19.200000 -1.042978 
22.100000 19.300000 -1.042110 
22.100000 19.400000 -1.041186 
22.100000 19.500000 -1.040318 
22.100000 19.600000 -1.039610 
22.100000 19.700000 -1.039149 
22.100000 19.800000 -1.038989 
22.100000 19.900000 -1.039151 
22.100000 20.000000 -1.039615 
22.100000 20.100000 -1.040325 
22.100000 20.200000 -1.041195 
22.100000 20.300000 -1.042122 
22.100000 20.400000 -1.042992 
22.100000 20.500000 -1.043701 
22.100000 20.600000 -1.044163 
22.100000 20.700000 -1.044324 
22.100000 20.800000 -1.044163 
22.100000 20.900000 -1.043701 
22.100000 21.000000 -1.042992 
22.100000 21.100000 -1.042122 
22.100000 21.200000 -1.041195 
22.100000 21.300000 -1.040325 
22.100000 21.400000 -1.039615 
22.100000 21.500000 -1.039151 
22.100000 21.600000 -1.038989 
22.100000 21.700000 -1.039149 
22.100000 21.800000 -1.039610 
22.100000 21.900000 -1.040318 
22.100000 22.000000 -1.041186 
22.100000 22.100000 -1.042110 
22.100000 22.200000 -1.042978 
22.100000 22.300000 -1.043685 
22.100000 22.400000 -1.044145 
22.100000 22.500000 -1.044304 
22.100000 22.600000 -1.044141 
22.100000 22.700000 -1.043675 
22.100000 22.800000 -1.042964 
22.100000 22.900000 -1.042092 
22.100000 23.000000 -1.041163 
22.100000 23.100000 -1.040290 
22.100000 23.200000 -1.039578 
22.100000 23.300000 -1.039111 
22.200000 18.000000 -1.039876 
22.200000 18.100000 -1.040037 
22.200000 18.200000 -1.040494 
22.200000 18.300000 -1.041193 
22.200000 18.400000 -1.042049 
22.200000 18.500000 -1.042959 
22.200000 18.600000 -1.043815 
22.200000 18.700000 -1.044512 
22.200000 18.800000 -1.044968 
22.200000 18.900000 -1.045128 
22.200000 19.000000 -1.044973 
22.200000 19.100000 -1.044522 
22.200000 19.200000 -1.043829 
22.200000 19.300000 -1.042978 
22.200000 19.400000 -1.042072 
22.200000 19.500000 -1.041221 
22.200000 19.600000 -1.040527 
22.200000 19.700000 -1.040075 
22.200000 19.800000 -1.039918 
22.200000 19.900000 -1.040077 
22.200000 20.000000 -1.040532 
22.200000 20.100000 -1.041228 
22.200000 20.200000 -1.042081 
22.200000 20.300000 -1.042989 
22.200000 20.400000 -1.043842 
22.200000 20.500000 -1.044538 
22.200000 20.600000 -1.044991 
22.200000 20.700000 -1.045149 
22.200000 20.800000 -1.044991 
22.200000 20.900000 -1.044538 
22.200000 21.000000 -1.043842 
22.200000 21.100000 -1.042989 
22.200000 21.200000 -1.042081 
22.200000 21.300000 -1.041228 
22.200000 21.400000 -1.040532 
22.200000 21.500000 -1.040077 
22.200000 21.600000 -1.039918 
22.200000 21.700000 -1.040075 
22.200000 21.800000 -1.040527 
22.200000 21.900000 -1.041221 
22.200000 22.000000 -1.042072 
22.200000 22.100000 -1.042978 
22.200000 22.200000 -1.043829 
22.200000 22.300000 -1.044522 
22.200000 22.400000 -1.044973 
22.200000 22.500000 -1.045128 
22.200000 22.600000 -1.044968 
22.200000 22.700000 -1.044512 
22.200000 22.800000 -1.043815 
22.200000 22.900000 -1.042959 
22.200000 23.000000 -1.042049 
22.200000 23.100000 -1.041193 
22.200000 23.200000 -1.040494 
22.200000 23.300000 -1.040037 
22.300000 18.000000 -1.040632 
22.300000 18.100000 -1.040791 
22.300000 18.200000 -1.041241 
22.300000 18.300000 -1.041928 
22.300000 18.400000 -1.042770 
22.300000 18.500000 -1.043666 
22.300000 18.600000 -1.044508 
22.300000 18.700000 -1.045194 
22.300000 18.800000 -1.045643 
22.300000 18.900000 -1.045800 
22.300000 19.000000 -1.045647 
22.300000 19.100000 -1.045203 
22.300000 19.200000 -1.044522 
22.300000 19.300000 -1.043685 
22.300000 19.400000 -1.042794 
22.300000 19.500000 -1.041956 
22.300000 19.600000 -1.041274 
22.300000 19.700000 -1.040829 
22.300000 19.800000 -1.040675 
22.300000 19.900000 -1.040831 
22.300000 20.000000 -1.041278 
22.300000 20.100000 -1.041963 
22.300000 20.200000 -1.042803 
22.300000 20.300000 -1.043696 
22.300000 20.400000 -1.044535 
22.300000 20.500000 -1.045219 
22.300000 20.600000 -1.045666 
22.300000 20.700000 -1.045821 
22.300000 20.800000 -1.045666 
22.300000 20.900000 -1.045219 
22.300000 21.000000 -1.044535 
22.300000 21.100000 -1.043696 
22.300000 21.200000 -1.042803 
22.300000 21.300000 -1.041963 
22.300000 21.400000 -1.041278 
22.300000 21.500000 -1.040831 
22.300000 21.600000 -1.040675 
22.300000 21.700000 -1.040829 
22.300000 21.800000 -1.041274 
22.300000 21.900000 -1.041956 
22.300000 22.000000 -1.042794 
22.300000 22.100000 -1.043685 
22.300000 22.200000 -1.044522 
22.300000 22.300000 -1.045203 
22.300000 22.400000 -1.045647 
22.300000 22.500000 -1.045800 
22.300000 22.600000 -1.045643 
22.300000 22.700000 -1.045194 
22.300000 22.800000 -1.044508 
22.300000 22.900000 -1.043666 
22.300000 23.000000 -1.042770 
22.300000 23.100000 -1.041928 
22.300000 23.200000 -1.041241 
22.300000 23.300000 -1.040791 
22.400000 18.000000 -1.041125 
22.400000 18.100000 -1.041282 
22.400000 18.200000 -1.041727 
22.400000 18.300000 -1.042407 
22.400000 18.400000 -1.043240 
22.400000 18.500000 -1.044127 
22.400000 18.600000 -1.044959 
22.400000 18.700000 -1.045638 
22.400000 18.800000 -1.046082 
22.400000 18.900000 -1.046238 
22.400000 19.000000 -1.046087 
22.400000 19.100000 -1.045647 
22.400000 19.200000 -1.044973 
22.400000 19.300000 -1.044145 
22.400000 19.400000 -1.043264 
22.400000 19.500000 -1.042435 
22.400000 19.600000 -1.041760 
22.400000 19.700000 -1.041320 
22.400000 19.800000 -1.041168 
22.400000 19.900000 -1.041322 
22.400000 20.000000 -1.041765 
22.400000 20.100000 -1.042442 
22.400000 20.200000 -1.043273 
22.400000 20.300000 -1.044157 
22.400000 20.400000 -1.044987 
22.400000 20.500000 -1.045663 
22.400000 20.600000 -1.046105 
22.400000 20.700000 -1.046258 
22.400000 20.800000 -1.046105 
22.400000 20.900000 -1.045663 
22.400000 21.000000 -1.044987 
22.400000 21.100000 -1.044157 
22.400000 21.200000 -1.043273 
22.400000 21.300000 -1.042442 
22.400000 21.400000 -1.041765 
22.400000 21.500000 -1.041322 
22.400000 21.600000 -1.041168 
22.400000 21.700000 -1.041320 
22.400000 21.800000 -1.041760 
22.400000 21.900000 -1.042435 
22.400000 22.000000 -1.043264 
22.400000 22.100000 -1.044145 
22.400000 22.200000 -1.044973 
22.400000 22.300000 -1.045647 
22.400000 22.400000 -1.046087 
22.400000 22.500000 -1.046238 
22.400000 22.600000 -1.046082 
22.400000 22.700000 -1.045638 
22.400000 22.800000 -1.044959 
22.400000 22.900000 -1.044127 
22.400000 23.000000 -1.043240 
22.400000 23.100000 -1.042407 
22.400000 23.200000 -1.041727 
22.400000 23.300000 -1.041282 
22.500000 18.000000 -1.041295 
22.500000 18.100000 -1.041451 
22.500000 18.200000 -1.041895 
22.500000 18.300000 -1.042572 
22.500000 18.400000 -1.043402 
22.500000 18.500000 -1.044285 
22.500000 18.600000 -1.045114 
22.500000 18.700000 -1.045791 
22.500000 18.800000 -1.046233 
22.500000 18.900000 -1.046388 
22.500000 19.000000 -1.046238 
22.500000 19.100000 -1.045800 
22.500000 19.200000 -1.045128 
22.500000 19.300000 -1.044304 
22.500000 19.400000 -1.043426 
22.500000 19.500000 -1.042600 
22.500000 19.600000 -1.041928 
22.500000 19.700000 -1.041489 
22.500000 19.800000 -1.041337 
22.500000 19.900000 -1.041491 
22.500000 20.000000 -1.041932 
22.500000 20.100000 -1.042607 
22.500000 20.200000 -1.043435 
22.500000 20.300000 -1.044315 
22.500000 20.400000 -1.045142 
22.500000 20.500000 -1.045816 
22.500000 20.600000 -1.046256 
22.500000 20.700000 -1.046409 
22.500000 20.800000 -1.046256 
22.500000 20.900000 -1.045816 
22.500000 21.000000 -1.045142 
22.500000 21.100000 -1.044315 
22.500000 21.200000 -1.043435 
22.500000 21.300000 -1.042607 
22.500000 21.400000 -1.041932 
22.500000 21.500000 -1.041491 
22.500000 21.600000 -1.041337 
22.500000 21.700000 -1.041489 
22.500000 21.800000 -1.041928 
22.500000 21.900000 -1.042600 
22.500000 22.000000 -1.043426 
22.500000 22.100000 -1.044304 
22.500000 22.200000 -1.045128 
22.500000 22.300000 -1.045800 
22.500000 22.400000 -1.046238 
22.500000 22.500000 -1.046388 
22.500000 22.600000 -1.046233 
22.500000 22.700000 -1.045791 
22.500000 22.800000 -1.045114 
22.500000 22.900000 -1.044285 
22.500000 23.000000 -1.043402 
22.500000 23.100000 -1.042572 
22.500000 23.200000 -1.041895 
22.500000 23.300000 -1.041451 
22.600000 18.000000 -1.041121 
22.600000 18.100000 -1.041278 
22.600000 18.200000 -1.041723 
22.600000 18.300000 -1.042403 
22.600000 18.400000 -1.043236 
22.600000 18.500000 -1.044122 
22.600000 18.600000 -1.044954 
22.600000 18.700000 -1.045633 
22.600000 18.800000 -1.046077 
22.600000 18.900000 -1.046233 
22.600000 19.000000 -1.046082 
22.600000 19.100000 -1.045643 
22.600000 19.200000 -1.044968 
22.600000 19.300000 -1.044141 
22.600000 19.400000 -1.043259 
22.600000 19.500000 -1.042431 
22.600000 19.600000 -1.041756 
22.600000 19.700000 -1.041315 
22.600000 19.800000 -1.041163 
22.600000 19.900000 -1.041317 
22.600000 20.000000 -1.041760 
22.600000 20.100000 -1.042438 
22.600000 20.200000 -1.043268 
22.600000 20.300000 -1.044152 
22.600000 20.400000 -1.044982 
22.600000 20.500000 -1.045659 
22.600000 20.600000 -1.046100 
22.600000 20.700000 -1.046254 
22.600000 20.800000 -1.046100 
22.600000 20.900000 -1.045659 
22.600000 21.000000 -1.044982 
22.600000 21.100000 -1.044152 
22.600000 21.200000 -1.043268 
22.600000 21.300000 -1.042438 
22.600000 21.400000 -1.041760 
22.600000 21.500000 -1.041317 
22.600000 21.600000 -1.041163 
22.600000 21.700000 -1.041315 
22.600000 21.800000 -1.041756 
22.600000 21.900000 -1.042431 
22.600000 22.000000 -1.043259 
22.600000 22.100000 -1.044141 
22.600000 22.200000 -1.044968 
22.600000 22.300000 -1.045643 
22.600000 22.400000 -1.046082 
22.600000 22.500000 -1.046233 
22.600000 22.600000 -1.046077 
22.600000 22.700000 -1.045633 
22.600000 22.800000 -1.044954 
22.600000 22.900000 -1.044122 
22.600000 23.000000 -1.043236 
22.600000 23.100000 -1.042403 
22.600000 23.200000 -1.041723 
22.600000 23.300000 -1.041278 
22.700000 18.000000 -1.040623 
22.700000 18.100000 -1.040782 
22.700000 18.200000 -1.041232 
22.700000 18.300000 -1.041919 
22.700000 18.400000 -1.042761 
22.700000 18.500000 -1.043657 
22.700000 18.600000 -1.044498 
22.700000 18.700000 -1.045185 
22.700000 18.800000 -1.045633 
22.700000 18.900000 -1.045791 
22.700000 19.000000 -1.045638 
22.700000 19.100000 -1.045194 
22.700000 19.200000 -1.044512 
22.700000 19.300000 -1.043675 
22.700000 19.400000 -1.042784 
22.700000 19.500000 -1.041947 
22.700000 19.600000 -1.041264 
22.700000 19.700000 -1.040819 
22.700000 19.800000 -1.040665 
22.700000 19.900000 -1.040821 
22.700000 20.000000 -1.041269 
22.700000 20.100000 -1.041954 
22.700000 20.200000 -1.042793 
22.700000 20.300000 -1.043687 
22.700000 20.400000 -1.044526 
22.700000 20.500000 -1.045210 
22.700000 20.600000 -1.045656 
22.700000 20.700000 -1.045811 
22.700000 20.800000 -1.045656 
22.700000 20.900000 -1.045210 
22.700000 21.000000 -1.044526 
22.700000 21.100000 -1.043687 
22.700000 21.200000 -1.042793 
22.700000 21.300000 -1.041954 
22.700000 21.400000 -1.041269 
22.700000 21.500000 -1.040821 
22.700000 21.600000 -1.040665 
22.700000 21.700000 -1.040819 
22.700000 21.800000 -1.041264 
22.700000 21.900000 -1.041947 
22.700000 22.000000 -1.042784 
22.700000 22.100000 -1.043675 
22.700000 22.200000 -1.044512 
22.700000 22.300000 -1.045194 
22.700000 22.400000 -1.045638 
22.700000 22.500000 -1.045791 
22.700000 22.600000 -1.045633 
22.700000 22.700000 -1.045185 
22.700000 22.800000 -1.044498 
22.700000 22.900000 -1.043657 
22.700000 23.000000 -1.042761 
22.700000 23.100000 -1.041919 
22.700000 23.200000 -1.041232 
22.700000 23.300000 -1.040782 
22.800000 18.000000 -1.039862 
22.800000 18.100000 -1.040023 
22.800000 18.200000 -1.040480 
22.800000 18.300000 -1.041179 
22.800000 18.400000 -1.042035 
22.800000 18.500000 -1.042945 
22.800000 18.600000 -1.043801 
22.800000 18.700000 -1.044498 
22.800000 18.800000 -1.044954 
22.800000 18.900000 -1.045114 
22.800000 19.000000 -1.044959 
22.800000 19.100000 -1.044508 
22.800000 19.200000 -1.043815 
22.800000 19.300000 -1.042964 
22.800000 19.400000 -1.042058 
22.800000 19.500000 -1.041207 
22.800000 19.600000 -1.040513 
22.800000 19.700000 -1.040061 
22.800000 19.800000 -1.039904 
22.800000 19.900000 -1.040063 
22.800000 20.000000 -1.040518 
22.800000 20.100000 -1.041214 
22.800000 20.200000 -1.042067 
22.800000 20.300000 -1.042975 
22.800000 20.400000 -1.043828 
22.800000 20.500000 -1.044524 
22.800000 20.600000 -1.044977 
22.800000 20.700000 -1.045135 
22.800000 20.800000 -1.044977 
22.800000 20.900000 -1.044524 
22.800000 21.000000 -1.043828 
22.800000 21.100000 -1.042975 
22.800000 21.200000 -1.042067 
22.800000 21.300000 -1.041214 
22.800000 21.400000 -1.040518 
22.800000 21.500000 -1.040063 
22.800000 21.600000 -1.039904 
22.800000 21.700000 -1.040061 
22.800000 21.800000 -1.040513 
22.800000 21.900000 -1.041207 
22.800000 22.000000 -1.042058 
22.800000 22.100000 -1.042964 
22.800000 22.200000 -1.043815 
22.800000 22.300000 -1.044508 
22.800000 22.400000 -1.044959 
22.800000 22.500000 -1.045114 
22.800000 22.600000 -1.044954 
22.800000 22.700000 -1.044498 
22.800000 22.800000 -1.043801 
22.800000 22.900000 -1.042945 
22.800000 23.000000 -1.042035 
22.800000 23.100000 -1.041179 
22.800000 23.200000 -1.040480 
22.800000 23.300000 -1.040023 
22.900000 18.000000 -1.038928 
22.900000 18.100000 -1.039092 
22.900000 18.200000 -1.039559 
22.900000 18.300000 -1.040271 
22.900000 18.400000 -1.041144 
22.900000 18.500000 -1.042073 
22.900000 18.600000 -1.042945 
22.900000 18.700000 -1.043657 
22.900000 18.800000 -1.044122 
22.900000 18.900000 -1.044285 
22.900000 19.000000 -1.044127 
22.900000 19.100000 -1.043666 
22.900000 19.200000 -1.042959 
22.900000 19.300000 -1.042092 
22.900000 19.400000 -1.041168 
22.900000 19.500000 -1.040299 
22.900000 19.600000 -1.039592 
22.900000 19.700000 -1.039130 
22.900000 19.800000 -1.038971 
22.900000 19.900000 -1.039132 
22.900000 20.000000 -1.039596 
22.900000 20.100000 -1.040306 
22.900000 20.200000 -1.041177 
22.900000 20.300000 -1.042103 
22.900000 20.400000 -1.042973 
22.900000 20.500000 -1.043682 
22.900000 20.600000 -1.044145 
22.900000 20.700000 -1.044305 
22.900000 20.800000 -1.044145 
22.900000 20.900000 -1.043682 
22.900000 21.000000 -1.042973 
22.900000 21.100000 -1.042103 
22.900000 21.200000 -1.041177 
22.900000 21.300000 -1.040306 
22.900000 21.400000 -1.039596 
22.900000 21.500000 -1.039132 
22.900000 21.600000 -1.038971 
22.900000 21.700000 -1.039130 
22.900000 21.800000 -1.039592 
22.900000 21.900000 -1.040299 
22.900000 22.000000 -1.041168 
22.900000 22.100000 -1.042092 
22.900000 22.200000 -1.042959 
22.900000 22.300000 -1.043666 
22.900000 22.400000 -1.044127 
22.900000 22.500000 -1.044285 
22.900000 22.600000 -1.044122 
22.900000 22.700000 -1.043657 
22.900000 22.800000 -1.042945 
22.900000 22.900000 -1.042073 
22.900000 23.000000 -1.041144 
22.900000 23.100000 -1.040271 
22.900000 23.200000 -1.039559 
22.900000 23.300000 -1.039092 
23.000000 18.000000 -1.037934 
23.000000 18.100000 -1.038102 
23.000000 18.200000 -1.038578 
23.000000 18.300000 -1.039306 
23.000000 18.400000 -1.040197 
23.000000 18.500000 -1.041144 
23.000000 18.600000 -1.042035 
23.000000 18.700000 -1.042761 
23.000000 18.800000 -1.043236 
23.000000 18.900000 -1.043402 
23.000000 19.000000 -1.043240 
23.000000 19.100000 -1.042770 
23.000000 19.200000 -1.042049 
23.000000 19.300000 -1.041163 
23.000000 19.400000 -1.040220 
23.000000 19.500000 -1.039334 
23.000000 19.600000 -1.038611 
23.000000 19.700000 -1.038140 
23.000000 19.800000 -1.037977 
23.000000 19.900000 -1.038142 
23.000000 20.000000 -1.038616 
23.000000 20.100000 -1.039340 
23.000000 20.200000 -1.040229 
23.000000 20.300000 -1.041174 
23.000000 20.400000 -1.042062 
23.000000 20.500000 -1.042786 
23.000000 20.600000 -1.043259 
23.000000 20.700000 -1.043423 
23.000000 20.800000 -1.043259 
23.000000 20.900000 -1.042786 
23.000000 21.000000 -1.042062 
23.000000 21.100000 -1.041174 
23.000000 21.200000 -1.040229 
23.000000 21.300000 -1.039340 
23.000000 21.400000 -1.038616 
23.000000 21.500000 -1.038142 
23.000000 21.600000 -1.037977 
23.000000 21.700000 -1.038140 
23.000000 21.800000 -1.038611 
23.000000 21.900000 -1.039334 
23.000000 22.000000 -1.040220 
23.000000 22.100000 -1.041163 
23.000000 22.200000 -1.042049 
23.000000 22.300000 -1.042770 
23.000000 22.400000 -1.043240 
23.000000 22.500000 -1.043402 
23.000000 22.600000 -1.043236 
23.000000 22.700000 -1.042761 
23.000000 22.800000 -1.042035 
23.000000 22.900000 -1.041144 
23.000000 23.000000 -1.040197 
23.000000 23.100000 -1.039306 
23.000000 23.200000 -1.038578 
23.000000 23.300000 -1.038102 
23.100000 18.000000 -1.037000 
23.100000 18.100000 -1.037171 
23.100000 18.200000 -1.037656 
23.100000 18.300000 -1.038397 
23.100000 18.400000 -1.039306 
23.100000 18.500000 -1.040271 
23.100000 18.600000 -1.041179 
23.100000 18.700000 -1.041919 
23.100000 18.800000 -1.042403 
23.100000 18.900000 -1.042572 
23.100000 19.000000 -1.042407 
23.100000 19.100000 -1.041928 
23.100000 19.200000 -1.041193 
23.100000 19.300000 -1.040290 
23.100000 19.400000 -1.039329 
23.100000 19.500000 -1.038426 
23.100000 19.600000 -1.037689 
23.100000 19.700000 -1.037209 
23.100000 19.800000 -1.037043 
23.100000 19.900000 -1.037211 
23.100000 20.000000 -1.037694 
23.100000 20.100000 -1.038432 
23.100000 20.200000 -1.039338 
23.100000 20.300000 -1.040301 
23.100000 20.400000 -1.041206 
23.100000 20.500000 -1.041944 
23.100000 20.600000 -1.042425 
23.100000 20.700000 -1.042593 
23.100000 20.800000 -1.042425 
23.100000 20.900000 -1.041944 
23.100000 21.000000 -1.041206 
23.100000 21.100000 -1.040301 
23.100000 21.200000 -1.039338 
23.100000 21.300000 -1.038432 
23.100000 21.400000 -1.037694 
23.100000 21.500000 -1.037211 
23.100000 21.600000 -1.037043 
23.100000 21.700000 -1.037209 
23.100000 21.800000 -1.037689 
23.100000 21.900000 -1.038426 
23.100000 22.000000 -1.039329 
23.100000 22.100000 -1.040290 
23.100000 22.200000 -1.041193 
23.100000 22.300000 -1.041928 
23.100000 22.400000 -1.042407 
23.100000 22.500000 -1.042572 
23.100000 22.600000 -1.042403 
23.100000 22.700000 -1.041919 
23.100000 22.800000 -1.041179 
23.100000 22.900000 -1.040271 
23.100000 23.000000 -1.039306 
23.100000 23.100000 -1.038397 
23.100000 23.200000 -1.037656 
23.100000 23.300000 -1.037171 
23.200000 18.000000 -1.036238 
23.200000 18.100000 -1.036411 
23.200000 18.200000 -1.036904 
23.200000 18.300000 -1.037656 
23.200000 18.400000 -1.038578 
23.200000 18.500000 -1.039559 
23.200000 18.600000 -1.040480 
23.200000 18.700000 -1.041232 
23.200000 18.800000 -1.041723 
23.200000 18.900000 -1.041895 
23.200000 19.000000 -1.041727 
23.200000 19.100000 -1.041241 
23.200000 19.200000 -1.040494 
23.200000 19.300000 -1.039578 
23.200000 19.400000 -1.038602 
23.200000 19.500000 -1.037684 
23.200000 19.600000 -1.036937 
23.200000 19.700000 -1.036449 
23.200000 19.800000 -1.036280 
23.200000 19.900000 -1.036451 
23.200000 20.000000 -1.036941 
23.200000 20.100000 -1.037691 
23.200000 20.200000 -1.038611 
23.200000 20.300000 -1.039589 
23.200000 20.400000 -1.040508 
23.200000 20.500000 -1.041257 
23.200000 20.600000 -1.041746 
23.200000 20.700000 -1.041915 
23.200000 20.800000 -1.041746 
23.200000 20.900000 -1.041257 
23.200000 21.000000 -1.040508 
23.200000 21.100000 -1.039589 
23.200000 21.200000 -1.038611 
23.200000 21.300000 -1.037691 
23.200000 21.400000 -1.036941 
23.200000 21.500000 -1.036451 
23.200000 21.600000 -1.036280 
23.200000 21.700000 -1.036449 
23.200000 21.800000 -1.036937 
23.200000 21.900000 -1.037684 
23.200000 22.000000 -1.038602 
23.200000 22.100000 -1.039578 
23.200000 22.200000 -1.040494 
23.200000 22.300000 -1.041241 
23.200000 22.400000 -1.041727 
23.200000 22.500000 -1.041895 
23.200000 22.600000 -1.041723 
23.200000 22.700000 -1.041232 
23.200000 22.800000 -1.040480 
23.200000 22.900000 -1.039559 
23.200000 23.000000 -1.038578 
23.200000 23.100000 -1.037656 
23.200000 23.200000 -1.036904 
23.200000 23.300000 -1.036411 
23.300000 18.000000 -1.035739 
23.300000 18.100000 -1.035914 
23.300000 18.200000 -1.036411 
23.300000 18.300000 -1.037171 
23.300000 18.400000 -1.038102 
23.300000 18.500000 -1.039092 
23.300000 18.600000 -1.040023 
23.300000 18.700000 -1.040782 
23.300000 18.800000 -1.041278 
23.300000 18.900000 -1.041451 
23.300000 19.000000 -1.041282 
23.300000 19.100000 -1.040791 
23.300000 19.200000 -1.040037 
23.300000 19.300000 -1.039111 
23.300000 19.400000 -1.038126 
23.300000 19.500000 -1.037199 
23.300000 19.600000 -1.036444 
23.300000 19.700000 -1.035952 
23.300000 19.800000 -1.035781 
23.300000 19.900000 -1.035954 
23.300000 20.000000 -1.036449 
23.300000 20.100000 -1.037206 
23.300000 20.200000 -1.038135 
23.300000 20.300000 -1.039122 
23.300000 20.400000 -1.040050 
23.300000 20.500000 -1.040807 
23.300000 20.600000 -1.041300 
23.300000 20.700000 -1.041472 
23.300000 20.800000 -1.041300 
23.300000 20.900000 -1.040807 
23.300000 21.000000 -1.040050 
23.300000 21.100000 -1.039122 
23.300000 21.200000 -1.038135 
23.300000 21.300000 -1.037206 
23.300000 21.400000 -1.036449 
23.300000 21.500000 -1.035954 
23.300000 21.600000 -1.035781 
23.300000 21.700000 -1.035952 
23.300000 21.800000 -1.036444 
23.300000 21.900000 -1.037199 
23.300000 22.000000 -1.038126 
23.300000 22.100000 -1.039111 
23.300000 22.200000 -1.040037 
23.300000 22.300000 -1.040791 
23.300000 22.400000 -1.041282 
23.300000 22.500000 -1.041451 
23.300000 22.600000 -1.041278 
23.300000 22.700000 -1.040782 
23.300000 22.800000 -1.040023 
23.300000 22.900000 -1.039092 
23.300000 23.000000 -1.038102 
23.300000 23.100000 -1.037171 
23.300000 23.200000 -1.036411 
23.300000 23.300000 -1.035914 
