18.434000 18.434000 -1.676656 
18.434000 18.534000 -1.676706 
18.434000 18.634000 -1.676839 
18.434000 18.734000 -1.677028 
18.434000 18.834000 -1.677240 
18.434000 18.934000 -1.677432 
18.434000 19.034000 -1.677570 
18.434000 19.134000 -1.677627 
18.434000 19.234000 -1.677593 
18.434000 19.334000 -1.677474 
18.434000 19.434000 -1.677295 
18.434000 19.534000 -1.677091 
18.434000 19.634000 -1.676901 
18.434000 19.734000 -1.676762 
18.434000 19.834000 -1.676703 
18.434000 19.934000 -1.676733 
18.434000 20.034000 -1.676849 
18.434000 20.134000 -1.677028 
18.434000 20.234000 -1.677235 
18.434000 20.334000 -1.677430 
18.434000 20.434000 -1.677577 
18.434000 20.534000 -1.677647 
18.434000 20.634000 -1.677626 
18.434000 20.734000 -1.677518 
18.434000 20.834000 -1.677344 
18.434000 20.934000 -1.677138 
18.434000 21.034000 -1.676940 
18.434000 21.134000 -1.676786 
18.434000 21.234000 -1.676708 
18.434000 21.334000 -1.676719 
18.434000 21.434000 -1.676818 
18.434000 21.534000 -1.676984 
18.434000 21.634000 -1.677186 
18.434000 21.734000 -1.677383 
18.434000 21.834000 -1.677538 
18.434000 21.934000 -1.677620 
18.434000 22.034000 -1.677612 
18.434000 22.134000 -1.677516 
18.434000 22.234000 -1.677349 
18.434000 22.334000 -1.677142 
18.434000 22.434000 -1.676936 
18.434000 22.534000 -1.676769 
18.434000 22.634000 -1.676672 
18.534000 18.434000 -1.676706 
18.534000 18.534000 -1.676756 
18.534000 18.634000 -1.676889 
18.534000 18.734000 -1.677078 
18.534000 18.834000 -1.677289 
18.534000 18.934000 -1.677482 
18.534000 19.034000 -1.677619 
18.534000 19.134000 -1.677676 
18.534000 19.234000 -1.677642 
18.534000 19.334000 -1.677524 
18.534000 19.434000 -1.677345 
18.534000 19.534000 -1.677141 
18.534000 19.634000 -1.676951 
18.534000 19.734000 -1.676813 
18.534000 19.834000 -1.676753 
18.534000 19.934000 -1.676784 
18.534000 20.034000 -1.676899 
18.534000 20.134000 -1.677078 
18.534000 20.234000 -1.677284 
18.534000 20.334000 -1.677480 
18.534000 20.434000 -1.677626 
18.534000 20.534000 -1.677696 
18.534000 20.634000 -1.677675 
18.534000 20.734000 -1.677567 
18.534000 20.834000 -1.677394 
18.534000 20.934000 -1.677188 
18.534000 21.034000 -1.676990 
18.534000 21.134000 -1.676837 
18.534000 21.234000 -1.676758 
18.534000 21.334000 -1.676770 
18.534000 21.434000 -1.676868 
18.534000 21.534000 -1.677034 
18.534000 21.634000 -1.677235 
18.534000 21.734000 -1.677433 
18.534000 21.834000 -1.677587 
18.534000 21.934000 -1.677669 
18.534000 22.034000 -1.677661 
18.534000 22.134000 -1.677565 
18.534000 22.234000 -1.677398 
18.534000 22.334000 -1.677192 
18.534000 22.434000 -1.676986 
18.534000 22.534000 -1.676819 
18.534000 22.634000 -1.676722 
18.634000 18.434000 -1.676839 
18.634000 18.534000 -1.676889 
18.634000 18.634000 -1.677020 
18.634000 18.734000 -1.677209 
18.634000 18.834000 -1.677419 
18.634000 18.934000 -1.677611 
18.634000 19.034000 -1.677748 
18.634000 19.134000 -1.677805 
18.634000 19.234000 -1.677770 
18.634000 19.334000 -1.677653 
18.634000 19.434000 -1.677475 
18.634000 19.534000 -1.677272 
18.634000 19.634000 -1.677083 
18.634000 19.734000 -1.676945 
18.634000 19.834000 -1.676885 
18.634000 19.934000 -1.676916 
18.634000 20.034000 -1.677031 
18.634000 20.134000 -1.677209 
18.634000 20.234000 -1.677414 
18.634000 20.334000 -1.677609 
18.634000 20.434000 -1.677755 
18.634000 20.534000 -1.677824 
18.634000 20.634000 -1.677803 
18.634000 20.734000 -1.677696 
18.634000 20.834000 -1.677523 
18.634000 20.934000 -1.677319 
18.634000 21.034000 -1.677121 
18.634000 21.134000 -1.676969 
18.634000 21.234000 -1.676891 
18.634000 21.334000 -1.676902 
18.634000 21.434000 -1.677000 
18.634000 21.534000 -1.677165 
18.634000 21.634000 -1.677366 
18.634000 21.734000 -1.677562 
18.634000 21.834000 -1.677716 
18.634000 21.934000 -1.677797 
18.634000 22.034000 -1.677790 
18.634000 22.134000 -1.677694 
18.634000 22.234000 -1.677527 
18.634000 22.334000 -1.677322 
18.634000 22.434000 -1.677117 
18.634000 22.534000 -1.676951 
18.634000 22.634000 -1.676855 
18.734000 18.434000 -1.677028 
18.734000 18.534000 -1.677078 
18.734000 18.634000 -1.677209 
18.734000 18.734000 -1.677397 
18.734000 18.834000 -1.677605 
18.734000 18.934000 -1.677796 
18.734000 19.034000 -1.677932 
18.734000 19.134000 -1.677989 
18.734000 19.234000 -1.677955 
18.734000 19.334000 -1.677838 
18.734000 19.434000 -1.677661 
18.734000 19.534000 -1.677459 
18.734000 19.634000 -1.677271 
18.734000 19.734000 -1.677134 
18.734000 19.834000 -1.677075 
18.734000 19.934000 -1.677106 
18.734000 20.034000 -1.677220 
18.734000 20.134000 -1.677396 
18.734000 20.234000 -1.677601 
18.734000 20.334000 -1.677794 
18.734000 20.434000 -1.677939 
18.734000 20.534000 -1.678008 
18.734000 20.634000 -1.677987 
18.734000 20.734000 -1.677881 
18.734000 20.834000 -1.677709 
18.734000 20.934000 -1.677506 
18.734000 21.034000 -1.677309 
18.734000 21.134000 -1.677158 
18.734000 21.234000 -1.677080 
18.734000 21.334000 -1.677092 
18.734000 21.434000 -1.677189 
18.734000 21.534000 -1.677353 
18.734000 21.634000 -1.677552 
18.734000 21.734000 -1.677748 
18.734000 21.834000 -1.677901 
18.734000 21.934000 -1.677981 
18.734000 22.034000 -1.677974 
18.734000 22.134000 -1.677878 
18.734000 22.234000 -1.677713 
18.734000 22.334000 -1.677509 
18.734000 22.434000 -1.677305 
18.734000 22.534000 -1.677140 
18.734000 22.634000 -1.677044 
18.834000 18.434000 -1.677240 
18.834000 18.534000 -1.677289 
18.834000 18.634000 -1.677419 
18.834000 18.734000 -1.677605 
18.834000 18.834000 -1.677813 
18.834000 18.934000 -1.678002 
18.834000 19.034000 -1.678137 
18.834000 19.134000 -1.678193 
18.834000 19.234000 -1.678160 
18.834000 19.334000 -1.678044 
18.834000 19.434000 -1.677868 
18.834000 19.534000 -1.677667 
18.834000 19.634000 -1.677481 
18.834000 19.734000 -1.677345 
18.834000 19.834000 -1.677286 
18.834000 19.934000 -1.677317 
18.834000 20.034000 -1.677430 
18.834000 20.134000 -1.677605 
18.834000 20.234000 -1.677809 
18.834000 20.334000 -1.678001 
18.834000 20.434000 -1.678145 
18.834000 20.534000 -1.678213 
18.834000 20.634000 -1.678192 
18.834000 20.734000 -1.678087 
18.834000 20.834000 -1.677916 
18.834000 20.934000 -1.677714 
18.834000 21.034000 -1.677519 
18.834000 21.134000 -1.677369 
18.834000 21.234000 -1.677292 
18.834000 21.334000 -1.677303 
18.834000 21.434000 -1.677399 
18.834000 21.534000 -1.677563 
18.834000 21.634000 -1.677760 
18.834000 21.734000 -1.677954 
18.834000 21.834000 -1.678106 
18.834000 21.934000 -1.678186 
18.834000 22.034000 -1.678179 
18.834000 22.134000 -1.678084 
18.834000 22.234000 -1.677920 
18.834000 22.334000 -1.677717 
18.834000 22.434000 -1.677515 
18.834000 22.534000 -1.677351 
18.834000 22.634000 -1.677255 
18.934000 18.434000 -1.677432 
18.934000 18.534000 -1.677482 
18.934000 18.634000 -1.677611 
18.934000 18.734000 -1.677796 
18.934000 18.834000 -1.678002 
18.934000 18.934000 -1.678190 
18.934000 19.034000 -1.678325 
18.934000 19.134000 -1.678380 
18.934000 19.234000 -1.678347 
18.934000 19.334000 -1.678232 
18.934000 19.434000 -1.678057 
18.934000 19.534000 -1.677858 
18.934000 19.634000 -1.677673 
18.934000 19.734000 -1.677538 
18.934000 19.834000 -1.677479 
18.934000 19.934000 -1.677509 
18.934000 20.034000 -1.677622 
18.934000 20.134000 -1.677796 
18.934000 20.234000 -1.677998 
18.934000 20.334000 -1.678189 
18.934000 20.434000 -1.678332 
18.934000 20.534000 -1.678400 
18.934000 20.634000 -1.678379 
18.934000 20.734000 -1.678274 
18.934000 20.834000 -1.678105 
18.934000 20.934000 -1.677904 
18.934000 21.034000 -1.677710 
18.934000 21.134000 -1.677561 
18.934000 21.234000 -1.677484 
18.934000 21.334000 -1.677495 
18.934000 21.434000 -1.677591 
18.934000 21.534000 -1.677754 
18.934000 21.634000 -1.677950 
18.934000 21.734000 -1.678143 
18.934000 21.834000 -1.678294 
18.934000 21.934000 -1.678373 
18.934000 22.034000 -1.678366 
18.934000 22.134000 -1.678271 
18.934000 22.234000 -1.678108 
18.934000 22.334000 -1.677907 
18.934000 22.434000 -1.677706 
18.934000 22.534000 -1.677543 
18.934000 22.634000 -1.677448 
19.034000 18.434000 -1.677570 
19.034000 18.534000 -1.677619 
19.034000 18.634000 -1.677748 
19.034000 18.734000 -1.677932 
19.034000 18.834000 -1.678137 
19.034000 18.934000 -1.678325 
19.034000 19.034000 -1.678459 
19.034000 19.134000 -1.678514 
19.034000 19.234000 -1.678481 
19.034000 19.334000 -1.678366 
19.034000 19.434000 -1.678192 
19.034000 19.534000 -1.677994 
19.034000 19.634000 -1.677809 
19.034000 19.734000 -1.677675 
19.034000 19.834000 -1.677617 
19.034000 19.934000 -1.677647 
19.034000 20.034000 -1.677759 
19.034000 20.134000 -1.677933 
19.034000 20.234000 -1.678134 
19.034000 20.334000 -1.678324 
19.034000 20.434000 -1.678466 
19.034000 20.534000 -1.678534 
19.034000 20.634000 -1.678513 
19.034000 20.734000 -1.678409 
19.034000 20.834000 -1.678240 
19.034000 20.934000 -1.678040 
19.034000 21.034000 -1.677847 
19.034000 21.134000 -1.677698 
19.034000 21.234000 -1.677622 
19.034000 21.334000 -1.677633 
19.034000 21.434000 -1.677729 
19.034000 21.534000 -1.677890 
19.034000 21.634000 -1.678086 
19.034000 21.734000 -1.678277 
19.034000 21.834000 -1.678428 
19.034000 21.934000 -1.678507 
19.034000 22.034000 -1.678499 
19.034000 22.134000 -1.678406 
19.034000 22.234000 -1.678243 
19.034000 22.334000 -1.678043 
19.034000 22.434000 -1.677843 
19.034000 22.534000 -1.677680 
19.034000 22.634000 -1.677586 
19.134000 18.434000 -1.677627 
19.134000 18.534000 -1.677676 
19.134000 18.634000 -1.677805 
19.134000 18.734000 -1.677989 
19.134000 18.834000 -1.678193 
19.134000 18.934000 -1.678380 
19.134000 19.034000 -1.678514 
19.134000 19.134000 -1.678569 
19.134000 19.234000 -1.678536 
19.134000 19.334000 -1.678421 
19.134000 19.434000 -1.678248 
19.134000 19.534000 -1.678050 
19.134000 19.634000 -1.677866 
19.134000 19.734000 -1.677732 
19.134000 19.834000 -1.677674 
19.134000 19.934000 -1.677704 
19.134000 20.034000 -1.677816 
19.134000 20.134000 -1.677989 
19.134000 20.234000 -1.678190 
19.134000 20.334000 -1.678379 
19.134000 20.434000 -1.678522 
19.134000 20.534000 -1.678589 
19.134000 20.634000 -1.678568 
19.134000 20.734000 -1.678464 
19.134000 20.834000 -1.678296 
19.134000 20.934000 -1.678096 
19.134000 21.034000 -1.677904 
19.134000 21.134000 -1.677755 
19.134000 21.234000 -1.677679 
19.134000 21.334000 -1.677690 
19.134000 21.434000 -1.677785 
19.134000 21.534000 -1.677946 
19.134000 21.634000 -1.678142 
19.134000 21.734000 -1.678333 
19.134000 21.834000 -1.678483 
19.134000 21.934000 -1.678562 
19.134000 22.034000 -1.678554 
19.134000 22.134000 -1.678461 
19.134000 22.234000 -1.678299 
19.134000 22.334000 -1.678099 
19.134000 22.434000 -1.677899 
19.134000 22.534000 -1.677737 
19.134000 22.634000 -1.677643 
19.234000 18.434000 -1.677593 
19.234000 18.534000 -1.677642 
19.234000 18.634000 -1.677770 
19.234000 18.734000 -1.677955 
19.234000 18.834000 -1.678160 
19.234000 18.934000 -1.678347 
19.234000 19.034000 -1.678481 
19.234000 19.134000 -1.678536 
19.234000 19.234000 -1.678503 
19.234000 19.334000 -1.678388 
19.234000 19.434000 -1.678214 
19.234000 19.534000 -1.678016 
19.234000 19.634000 -1.677832 
19.234000 19.734000 -1.677698 
19.234000 19.834000 -1.677640 
19.234000 19.934000 -1.677670 
19.234000 20.034000 -1.677782 
19.234000 20.134000 -1.677955 
19.234000 20.234000 -1.678156 
19.234000 20.334000 -1.678346 
19.234000 20.434000 -1.678488 
19.234000 20.534000 -1.678556 
19.234000 20.634000 -1.678535 
19.234000 20.734000 -1.678431 
19.234000 20.834000 -1.678262 
19.234000 20.934000 -1.678063 
19.234000 21.034000 -1.677870 
19.234000 21.134000 -1.677721 
19.234000 21.234000 -1.677645 
19.234000 21.334000 -1.677656 
19.234000 21.434000 -1.677751 
19.234000 21.534000 -1.677912 
19.234000 21.634000 -1.678108 
19.234000 21.734000 -1.678300 
19.234000 21.834000 -1.678450 
19.234000 21.934000 -1.678529 
19.234000 22.034000 -1.678521 
19.234000 22.134000 -1.678428 
19.234000 22.234000 -1.678265 
19.234000 22.334000 -1.678065 
19.234000 22.434000 -1.677865 
19.234000 22.534000 -1.677703 
19.234000 22.634000 -1.677608 
19.334000 18.434000 -1.677474 
19.334000 18.534000 -1.677524 
19.334000 18.634000 -1.677653 
19.334000 18.734000 -1.677838 
19.334000 18.834000 -1.678044 
19.334000 18.934000 -1.678232 
19.334000 19.034000 -1.678366 
19.334000 19.134000 -1.678421 
19.334000 19.234000 -1.678388 
19.334000 19.334000 -1.678273 
19.334000 19.434000 -1.678099 
19.334000 19.534000 -1.677899 
19.334000 19.634000 -1.677714 
19.334000 19.734000 -1.677579 
19.334000 19.834000 -1.677521 
19.334000 19.934000 -1.677551 
19.334000 20.034000 -1.677664 
19.334000 20.134000 -1.677838 
19.334000 20.234000 -1.678040 
19.334000 20.334000 -1.678230 
19.334000 20.434000 -1.678373 
19.334000 20.534000 -1.678441 
19.334000 20.634000 -1.678421 
19.334000 20.734000 -1.678316 
19.334000 20.834000 -1.678147 
19.334000 20.934000 -1.677946 
19.334000 21.034000 -1.677752 
19.334000 21.134000 -1.677603 
19.334000 21.234000 -1.677527 
19.334000 21.334000 -1.677537 
19.334000 21.434000 -1.677633 
19.334000 21.534000 -1.677795 
19.334000 21.634000 -1.677992 
19.334000 21.734000 -1.678184 
19.334000 21.834000 -1.678335 
19.334000 21.934000 -1.678414 
19.334000 22.034000 -1.678407 
19.334000 22.134000 -1.678313 
19.334000 22.234000 -1.678150 
19.334000 22.334000 -1.677949 
19.334000 22.434000 -1.677748 
19.334000 22.534000 -1.677585 
19.334000 22.634000 -1.677490 
19.434000 18.434000 -1.677295 
19.434000 18.534000 -1.677345 
19.434000 18.634000 -1.677475 
19.434000 18.734000 -1.677661 
19.434000 18.834000 -1.677868 
19.434000 18.934000 -1.678057 
19.434000 19.034000 -1.678192 
19.434000 19.134000 -1.678248 
19.434000 19.234000 -1.678214 
19.434000 19.334000 -1.678099 
19.434000 19.434000 -1.677923 
19.434000 19.534000 -1.677723 
19.434000 19.634000 -1.677537 
19.434000 19.734000 -1.677401 
19.434000 19.834000 -1.677342 
19.434000 19.934000 -1.677373 
19.434000 20.034000 -1.677486 
19.434000 20.134000 -1.677661 
19.434000 20.234000 -1.677864 
19.434000 20.334000 -1.678056 
19.434000 20.434000 -1.678200 
19.434000 20.534000 -1.678268 
19.434000 20.634000 -1.678247 
19.434000 20.734000 -1.678141 
19.434000 20.834000 -1.677971 
19.434000 20.934000 -1.677770 
19.434000 21.034000 -1.677575 
19.434000 21.134000 -1.677425 
19.434000 21.234000 -1.677348 
19.434000 21.334000 -1.677359 
19.434000 21.434000 -1.677455 
19.434000 21.534000 -1.677618 
19.434000 21.634000 -1.677816 
19.434000 21.734000 -1.678009 
19.434000 21.834000 -1.678161 
19.434000 21.934000 -1.678241 
19.434000 22.034000 -1.678233 
19.434000 22.134000 -1.678139 
19.434000 22.234000 -1.677975 
19.434000 22.334000 -1.677773 
19.434000 22.434000 -1.677570 
19.434000 22.534000 -1.677406 
19.434000 22.634000 -1.677311 
19.534000 18.434000 -1.677091 
19.534000 18.534000 -1.677141 
19.534000 18.634000 -1.677272 
19.534000 18.734000 -1.677459 
19.534000 18.834000 -1.677667 
19.534000 18.934000 -1.677858 
19.534000 19.034000 -1.677994 
19.534000 19.134000 -1.678050 
19.534000 19.234000 -1.678016 
19.534000 19.334000 -1.677899 
19.534000 19.434000 -1.677723 
19.534000 19.534000 -1.677521 
19.534000 19.634000 -1.677334 
19.534000 19.734000 -1.677197 
19.534000 19.834000 -1.677138 
19.534000 19.934000 -1.677168 
19.534000 20.034000 -1.677282 
19.534000 20.134000 -1.677459 
19.534000 20.234000 -1.677663 
19.534000 20.334000 -1.677856 
19.534000 20.434000 -1.678001 
19.534000 20.534000 -1.678070 
19.534000 20.634000 -1.678049 
19.534000 20.734000 -1.677943 
19.534000 20.834000 -1.677771 
19.534000 20.934000 -1.677568 
19.534000 21.034000 -1.677372 
19.534000 21.134000 -1.677221 
19.534000 21.234000 -1.677143 
19.534000 21.334000 -1.677154 
19.534000 21.434000 -1.677251 
19.534000 21.534000 -1.677416 
19.534000 21.634000 -1.677615 
19.534000 21.734000 -1.677809 
19.534000 21.834000 -1.677962 
19.534000 21.934000 -1.678043 
19.534000 22.034000 -1.678035 
19.534000 22.134000 -1.677940 
19.534000 22.234000 -1.677775 
19.534000 22.334000 -1.677571 
19.534000 22.434000 -1.677368 
19.534000 22.534000 -1.677203 
19.534000 22.634000 -1.677107 
19.634000 18.434000 -1.676901 
19.634000 18.534000 -1.676951 
19.634000 18.634000 -1.677083 
19.634000 18.734000 -1.677271 
19.634000 18.834000 -1.677481 
19.634000 18.934000 -1.677673 
19.634000 19.034000 -1.677809 
19.634000 19.134000 -1.677866 
19.634000 19.234000 -1.677832 
19.634000 19.334000 -1.677714 
19.634000 19.434000 -1.677537 
19.634000 19.534000 -1.677334 
19.634000 19.634000 -1.677145 
19.634000 19.734000 -1.677007 
19.634000 19.834000 -1.676948 
19.634000 19.934000 -1.676978 
19.634000 20.034000 -1.677093 
19.634000 20.134000 -1.677271 
19.634000 20.234000 -1.677476 
19.634000 20.334000 -1.677671 
19.634000 20.434000 -1.677817 
19.634000 20.534000 -1.677886 
19.634000 20.634000 -1.677865 
19.634000 20.734000 -1.677758 
19.634000 20.834000 -1.677585 
19.634000 20.934000 -1.677381 
19.634000 21.034000 -1.677183 
19.634000 21.134000 -1.677031 
19.634000 21.234000 -1.676953 
19.634000 21.334000 -1.676964 
19.634000 21.434000 -1.677062 
19.634000 21.534000 -1.677227 
19.634000 21.634000 -1.677428 
19.634000 21.734000 -1.677624 
19.634000 21.834000 -1.677778 
19.634000 21.934000 -1.677859 
19.634000 22.034000 -1.677851 
19.634000 22.134000 -1.677755 
19.634000 22.234000 -1.677589 
19.634000 22.334000 -1.677384 
19.634000 22.434000 -1.677179 
19.634000 22.534000 -1.677013 
19.634000 22.634000 -1.676917 
19.734000 18.434000 -1.676762 
19.734000 18.534000 -1.676813 
19.734000 18.634000 -1.676945 
19.734000 18.734000 -1.677134 
19.734000 18.834000 -1.677345 
19.734000 18.934000 -1.677538 
19.734000 19.034000 -1.677675 
19.734000 19.134000 -1.677732 
19.734000 19.234000 -1.677698 
19.734000 19.334000 -1.677579 
19.734000 19.434000 -1.677401 
19.734000 19.534000 -1.677197 
19.734000 19.634000 -1.677007 
19.734000 19.734000 -1.676869 
19.734000 19.834000 -1.676809 
19.734000 19.934000 -1.676840 
19.734000 20.034000 -1.676956 
19.734000 20.134000 -1.677134 
19.734000 20.234000 -1.677340 
19.734000 20.334000 -1.677536 
19.734000 20.434000 -1.677682 
19.734000 20.534000 -1.677752 
19.734000 20.634000 -1.677730 
19.734000 20.734000 -1.677623 
19.734000 20.834000 -1.677450 
19.734000 20.934000 -1.677244 
19.734000 21.034000 -1.677046 
19.734000 21.134000 -1.676893 
19.734000 21.234000 -1.676815 
19.734000 21.334000 -1.676826 
19.734000 21.434000 -1.676924 
19.734000 21.534000 -1.677090 
19.734000 21.634000 -1.677291 
19.734000 21.734000 -1.677489 
19.734000 21.834000 -1.677643 
19.734000 21.934000 -1.677725 
19.734000 22.034000 -1.677717 
19.734000 22.134000 -1.677621 
19.734000 22.234000 -1.677454 
19.734000 22.334000 -1.677248 
19.734000 22.434000 -1.677042 
19.734000 22.534000 -1.676875 
19.734000 22.634000 -1.676778 
19.834000 18.434000 -1.676703 
19.834000 18.534000 -1.676753 
19.834000 18.634000 -1.676885 
19.834000 18.734000 -1.677075 
19.834000 18.834000 -1.677286 
19.834000 18.934000 -1.677479 
19.834000 19.034000 -1.677617 
19.834000 19.134000 -1.677674 
19.834000 19.234000 -1.677640 
19.834000 19.334000 -1.677521 
19.834000 19.434000 -1.677342 
19.834000 19.534000 -1.677138 
19.834000 19.634000 -1.676948 
19.834000 19.734000 -1.676809 
19.834000 19.834000 -1.676750 
19.834000 19.934000 -1.676780 
19.834000 20.034000 -1.676896 
19.834000 20.134000 -1.677075 
19.834000 20.234000 -1.677282 
19.834000 20.334000 -1.677477 
19.834000 20.434000 -1.677624 
19.834000 20.534000 -1.677694 
19.834000 20.634000 -1.677672 
19.834000 20.734000 -1.677565 
19.834000 20.834000 -1.677391 
19.834000 20.934000 -1.677185 
19.834000 21.034000 -1.676987 
19.834000 21.134000 -1.676833 
19.834000 21.234000 -1.676755 
19.834000 21.334000 -1.676766 
19.834000 21.434000 -1.676865 
19.834000 21.534000 -1.677031 
19.834000 21.634000 -1.677233 
19.834000 21.734000 -1.677430 
19.834000 21.834000 -1.677585 
19.834000 21.934000 -1.677667 
19.834000 22.034000 -1.677659 
19.834000 22.134000 -1.677562 
19.834000 22.234000 -1.677395 
19.834000 22.334000 -1.677189 
19.834000 22.434000 -1.676983 
19.834000 22.534000 -1.676816 
19.834000 22.634000 -1.676719 
19.934000 18.434000 -1.676733 
19.934000 18.534000 -1.676784 
19.934000 18.634000 -1.676916 
19.934000 18.734000 -1.677106 
19.934000 18.834000 -1.677317 
19.934000 18.934000 -1.677509 
19.934000 19.034000 -1.677647 
19.934000 19.134000 -1.677704 
19.934000 19.234000 -1.677670 
19.934000 19.334000 -1.677551 
19.934000 19.434000 -1.677373 
19.934000 19.534000 -1.677168 
19.934000 19.634000 -1.676978 
19.934000 19.734000 -1.676840 
19.934000 19.834000 -1.676780 
19.934000 19.934000 -1.676811 
19.934000 20.034000 -1.676927 
19.934000 20.134000 -1.677105 
19.934000 20.234000 -1.677312 
19.934000 20.334000 -1.677507 
19.934000 20.434000 -1.677654 
19.934000 20.534000 -1.677724 
19.934000 20.634000 -1.677702 
19.934000 20.734000 -1.677595 
19.934000 20.834000 -1.677421 
19.934000 20.934000 -1.677216 
19.934000 21.034000 -1.677017 
19.934000 21.134000 -1.676864 
19.934000 21.234000 -1.676786 
19.934000 21.334000 -1.676797 
19.934000 21.434000 -1.676895 
19.934000 21.534000 -1.677061 
19.934000 21.634000 -1.677263 
19.934000 21.734000 -1.677460 
19.934000 21.834000 -1.677615 
19.934000 21.934000 -1.677697 
19.934000 22.034000 -1.677689 
19.934000 22.134000 -1.677592 
19.934000 22.234000 -1.677426 
19.934000 22.334000 -1.677219 
19.934000 22.434000 -1.677013 
19.934000 22.534000 -1.676846 
19.934000 22.634000 -1.676749 
20.034000 18.434000 -1.676849 
20.034000 18.534000 -1.676899 
20.034000 18.634000 -1.677031 
20.034000 18.734000 -1.677220 
20.034000 18.834000 -1.677430 
20.034000 18.934000 -1.677622 
20.034000 19.034000 -1.677759 
20.034000 19.134000 -1.677816 
20.034000 19.234000 -1.677782 
20.034000 19.334000 -1.677664 
20.034000 19.434000 -1.677486 
20.034000 19.534000 -1.677282 
20.034000 19.634000 -1.677093 
20.034000 19.734000 -1.676956 
20.034000 19.834000 -1.676896 
20.034000 19.934000 -1.676927 
20.034000 20.034000 -1.677042 
20.034000 20.134000 -1.677220 
20.034000 20.234000 -1.677426 
20.034000 20.334000 -1.677620 
20.034000 20.434000 -1.677766 
20.034000 20.534000 -1.677836 
20.034000 20.634000 -1.677815 
20.034000 20.734000 -1.677707 
20.034000 20.834000 -1.677535 
20.034000 20.934000 -1.677330 
20.034000 21.034000 -1.677132 
20.034000 21.134000 -1.676979 
20.034000 21.234000 -1.676901 
20.034000 21.334000 -1.676913 
20.034000 21.434000 -1.677011 
20.034000 21.534000 -1.677176 
20.034000 21.634000 -1.677377 
20.034000 21.734000 -1.677573 
20.034000 21.834000 -1.677727 
20.034000 21.934000 -1.677809 
20.034000 22.034000 -1.677801 
20.034000 22.134000 -1.677705 
20.034000 22.234000 -1.677539 
20.034000 22.334000 -1.677333 
20.034000 22.434000 -1.677128 
20.034000 22.534000 -1.676962 
20.034000 22.634000 -1.676865 
20.134000 18.434000 -1.677028 
20.134000 18.534000 -1.677078 
20.134000 18.634000 -1.677209 
20.134000 18.734000 -1.677396 
20.134000 18.834000 -1.677605 
20.134000 18.934000 -1.677796 
20.134000 19.034000 -1.677933 
20.134000 19.134000 -1.677989 
20.134000 19.234000 -1.677955 
20.134000 19.334000 -1.677838 
20.134000 19.434000 -1.677661 
20.134000 19.534000 -1.677459 
20.134000 19.634000 -1.677271 
20.134000 19.734000 -1.677134 
20.134000 19.834000 -1.677075 
20.134000 19.934000 -1.677105 
20.134000 20.034000 -1.677220 
20.134000 20.134000 -1.677396 
20.134000 20.234000 -1.677601 
20.134000 20.334000 -1.677795 
20.134000 20.434000 -1.677940 
20.134000 20.534000 -1.678009 
20.134000 20.634000 -1.677988 
20.134000 20.734000 -1.677881 
20.134000 20.834000 -1.677709 
20.134000 20.934000 -1.677506 
20.134000 21.034000 -1.677309 
20.134000 21.134000 -1.677157 
20.134000 21.234000 -1.677080 
20.134000 21.334000 -1.677091 
20.134000 21.434000 -1.677188 
20.134000 21.534000 -1.677353 
20.134000 21.634000 -1.677552 
20.134000 21.734000 -1.677748 
20.134000 21.834000 -1.677901 
20.134000 21.934000 -1.677982 
20.134000 22.034000 -1.677974 
20.134000 22.134000 -1.677879 
20.134000 22.234000 -1.677713 
20.134000 22.334000 -1.677509 
20.134000 22.434000 -1.677305 
20.134000 22.534000 -1.677139 
20.134000 22.634000 -1.677044 
20.234000 18.434000 -1.677235 
20.234000 18.534000 -1.677284 
20.234000 18.634000 -1.677414 
20.234000 18.734000 -1.677601 
20.234000 18.834000 -1.677809 
20.234000 18.934000 -1.677998 
20.234000 19.034000 -1.678134 
20.234000 19.134000 -1.678190 
20.234000 19.234000 -1.678156 
20.234000 19.334000 -1.678040 
20.234000 19.434000 -1.677864 
20.234000 19.534000 -1.677663 
20.234000 19.634000 -1.677476 
20.234000 19.734000 -1.677340 
20.234000 19.834000 -1.677282 
20.234000 19.934000 -1.677312 
20.234000 20.034000 -1.677426 
20.234000 20.134000 -1.677601 
20.234000 20.234000 -1.677804 
20.234000 20.334000 -1.677997 
20.234000 20.434000 -1.678141 
20.234000 20.534000 -1.678209 
20.234000 20.634000 -1.678189 
20.234000 20.734000 -1.678083 
20.234000 20.834000 -1.677912 
20.234000 20.934000 -1.677710 
20.234000 21.034000 -1.677515 
20.234000 21.134000 -1.677364 
20.234000 21.234000 -1.677287 
20.234000 21.334000 -1.677298 
20.234000 21.434000 -1.677395 
20.234000 21.534000 -1.677558 
20.234000 21.634000 -1.677756 
20.234000 21.734000 -1.677950 
20.234000 21.834000 -1.678102 
20.234000 21.934000 -1.678183 
20.234000 22.034000 -1.678175 
20.234000 22.134000 -1.678080 
20.234000 22.234000 -1.677916 
20.234000 22.334000 -1.677713 
20.234000 22.434000 -1.677510 
20.234000 22.534000 -1.677346 
20.234000 22.634000 -1.677251 
20.334000 18.434000 -1.677430 
20.334000 18.534000 -1.677480 
20.334000 18.634000 -1.677609 
20.334000 18.734000 -1.677794 
20.334000 18.834000 -1.678001 
20.334000 18.934000 -1.678189 
20.334000 19.034000 -1.678324 
20.334000 19.134000 -1.678379 
20.334000 19.234000 -1.678346 
20.334000 19.334000 -1.678230 
20.334000 19.434000 -1.678056 
20.334000 19.534000 -1.677856 
20.334000 19.634000 -1.677671 
20.334000 19.734000 -1.677536 
20.334000 19.834000 -1.677477 
20.334000 19.934000 -1.677507 
20.334000 20.034000 -1.677620 
20.334000 20.134000 -1.677795 
20.334000 20.234000 -1.677997 
20.334000 20.334000 -1.678188 
20.334000 20.434000 -1.678331 
20.334000 20.534000 -1.678399 
20.334000 20.634000 -1.678378 
20.334000 20.734000 -1.678273 
20.334000 20.834000 -1.678104 
20.334000 20.934000 -1.677903 
20.334000 21.034000 -1.677709 
20.334000 21.134000 -1.677559 
20.334000 21.234000 -1.677483 
20.334000 21.334000 -1.677494 
20.334000 21.434000 -1.677590 
20.334000 21.534000 -1.677752 
20.334000 21.634000 -1.677949 
20.334000 21.734000 -1.678141 
20.334000 21.834000 -1.678293 
20.334000 21.934000 -1.678372 
20.334000 22.034000 -1.678365 
20.334000 22.134000 -1.678270 
20.334000 22.234000 -1.678107 
20.334000 22.334000 -1.677906 
20.334000 22.434000 -1.677704 
20.334000 22.534000 -1.677541 
20.334000 22.634000 -1.677446 
20.434000 18.434000 -1.677577 
20.434000 18.534000 -1.677626 
20.434000 18.634000 -1.677755 
20.434000 18.734000 -1.677939 
20.434000 18.834000 -1.678145 
20.434000 18.934000 -1.678332 
20.434000 19.034000 -1.678466 
20.434000 19.134000 -1.678522 
20.434000 19.234000 -1.678488 
20.434000 19.334000 -1.678373 
20.434000 19.434000 -1.678200 
20.434000 19.534000 -1.678001 
20.434000 19.634000 -1.677817 
20.434000 19.734000 -1.677682 
20.434000 19.834000 -1.677624 
20.434000 19.934000 -1.677654 
20.434000 20.034000 -1.677766 
20.434000 20.134000 -1.677940 
20.434000 20.234000 -1.678141 
20.434000 20.334000 -1.678331 
20.434000 20.434000 -1.678474 
20.434000 20.534000 -1.678541 
20.434000 20.634000 -1.678521 
20.434000 20.734000 -1.678416 
20.434000 20.834000 -1.678248 
20.434000 20.934000 -1.678047 
20.434000 21.034000 -1.677854 
20.434000 21.134000 -1.677706 
20.434000 21.234000 -1.677629 
20.434000 21.334000 -1.677640 
20.434000 21.434000 -1.677736 
20.434000 21.534000 -1.677897 
20.434000 21.634000 -1.678093 
20.434000 21.734000 -1.678285 
20.434000 21.834000 -1.678435 
20.434000 21.934000 -1.678514 
20.434000 22.034000 -1.678507 
20.434000 22.134000 -1.678413 
20.434000 22.234000 -1.678251 
20.434000 22.334000 -1.678050 
20.434000 22.434000 -1.677850 
20.434000 22.534000 -1.677687 
20.434000 22.634000 -1.677593 
20.534000 18.434000 -1.677647 
20.534000 18.534000 -1.677696 
20.534000 18.634000 -1.677824 
20.534000 18.734000 -1.678008 
20.534000 18.834000 -1.678213 
20.534000 18.934000 -1.678400 
20.534000 19.034000 -1.678534 
20.534000 19.134000 -1.678589 
20.534000 19.234000 -1.678556 
20.534000 19.334000 -1.678441 
20.534000 19.434000 -1.678268 
20.534000 19.534000 -1.678070 
20.534000 19.634000 -1.677886 
20.534000 19.734000 -1.677752 
20.534000 19.834000 -1.677694 
20.534000 19.934000 -1.677724 
20.534000 20.034000 -1.677836 
20.534000 20.134000 -1.678009 
20.534000 20.234000 -1.678209 
20.534000 20.334000 -1.678399 
20.534000 20.434000 -1.678541 
20.534000 20.534000 -1.678609 
20.534000 20.634000 -1.678588 
20.534000 20.734000 -1.678484 
20.534000 20.834000 -1.678316 
20.534000 20.934000 -1.678116 
20.534000 21.034000 -1.677923 
20.534000 21.134000 -1.677775 
20.534000 21.234000 -1.677699 
20.534000 21.334000 -1.677710 
20.534000 21.434000 -1.677805 
20.534000 21.534000 -1.677966 
20.534000 21.634000 -1.678161 
20.534000 21.734000 -1.678353 
20.534000 21.834000 -1.678503 
20.534000 21.934000 -1.678582 
20.534000 22.034000 -1.678574 
20.534000 22.134000 -1.678481 
20.534000 22.234000 -1.678319 
20.534000 22.334000 -1.678119 
20.534000 22.434000 -1.677919 
20.534000 22.534000 -1.677756 
20.534000 22.634000 -1.677662 
20.634000 18.434000 -1.677626 
20.634000 18.534000 -1.677675 
20.634000 18.634000 -1.677803 
20.634000 18.734000 -1.677987 
20.634000 18.834000 -1.678192 
20.634000 18.934000 -1.678379 
20.634000 19.034000 -1.678513 
20.634000 19.134000 -1.678568 
20.634000 19.234000 -1.678535 
20.634000 19.334000 -1.678421 
20.634000 19.434000 -1.678247 
20.634000 19.534000 -1.678049 
20.634000 19.634000 -1.677865 
20.634000 19.734000 -1.677730 
20.634000 19.834000 -1.677672 
20.634000 19.934000 -1.677702 
20.634000 20.034000 -1.677815 
20.634000 20.134000 -1.677988 
20.634000 20.234000 -1.678189 
20.634000 20.334000 -1.678378 
20.634000 20.434000 -1.678521 
20.634000 20.534000 -1.678588 
20.634000 20.634000 -1.678568 
20.634000 20.734000 -1.678463 
20.634000 20.834000 -1.678295 
20.634000 20.934000 -1.678095 
20.634000 21.034000 -1.677902 
20.634000 21.134000 -1.677754 
20.634000 21.234000 -1.677678 
20.634000 21.334000 -1.677689 
20.634000 21.434000 -1.677784 
20.634000 21.534000 -1.677945 
20.634000 21.634000 -1.678141 
20.634000 21.734000 -1.678332 
20.634000 21.834000 -1.678482 
20.634000 21.934000 -1.678561 
20.634000 22.034000 -1.678554 
20.634000 22.134000 -1.678460 
20.634000 22.234000 -1.678298 
20.634000 22.334000 -1.678098 
20.634000 22.434000 -1.677898 
20.634000 22.534000 -1.677735 
20.634000 22.634000 -1.677641 
20.734000 18.434000 -1.677518 
20.734000 18.534000 -1.677567 
20.734000 18.634000 -1.677696 
20.734000 18.734000 -1.677881 
20.734000 18.834000 -1.678087 
20.734000 18.934000 -1.678274 
20.734000 19.034000 -1.678409 
20.734000 19.134000 -1.678464 
20.734000 19.234000 -1.678431 
20.734000 19.334000 -1.678316 
20.734000 19.434000 -1.678141 
20.734000 19.534000 -1.677943 
20.734000 19.634000 -1.677758 
20.734000 19.734000 -1.677623 
20.734000 19.834000 -1.677565 
20.734000 19.934000 -1.677595 
20.734000 20.034000 -1.677707 
20.734000 20.134000 -1.677881 
20.734000 20.234000 -1.678083 
20.734000 20.334000 -1.678273 
20.734000 20.434000 -1.678416 
20.734000 20.534000 -1.678484 
20.734000 20.634000 -1.678463 
20.734000 20.734000 -1.678358 
20.734000 20.834000 -1.678189 
20.734000 20.934000 -1.677989 
20.734000 21.034000 -1.677796 
20.734000 21.134000 -1.677646 
20.734000 21.234000 -1.677570 
20.734000 21.334000 -1.677581 
20.734000 21.434000 -1.677677 
20.734000 21.534000 -1.677838 
20.734000 21.634000 -1.678035 
20.734000 21.734000 -1.678227 
20.734000 21.834000 -1.678378 
20.734000 21.934000 -1.678457 
20.734000 22.034000 -1.678449 
20.734000 22.134000 -1.678355 
20.734000 22.234000 -1.678193 
20.734000 22.334000 -1.677992 
20.734000 22.434000 -1.677791 
20.734000 22.534000 -1.677628 
20.734000 22.634000 -1.677534 
20.834000 18.434000 -1.677344 
20.834000 18.534000 -1.677394 
20.834000 18.634000 -1.677523 
20.834000 18.734000 -1.677709 
20.834000 18.834000 -1.677916 
20.834000 18.934000 -1.678105 
20.834000 19.034000 -1.678240 
20.834000 19.134000 -1.678296 
20.834000 19.234000 -1.678262 
20.834000 19.334000 -1.678147 
20.834000 19.434000 -1.677971 
20.834000 19.534000 -1.677771 
20.834000 19.634000 -1.677585 
20.834000 19.734000 -1.677450 
20.834000 19.834000 -1.677391 
20.834000 19.934000 -1.677421 
20.834000 20.034000 -1.677535 
20.834000 20.134000 -1.677709 
20.834000 20.234000 -1.677912 
20.834000 20.334000 -1.678104 
20.834000 20.434000 -1.678248 
20.834000 20.534000 -1.678316 
20.834000 20.634000 -1.678295 
20.834000 20.734000 -1.678189 
20.834000 20.834000 -1.678020 
20.834000 20.934000 -1.677818 
20.834000 21.034000 -1.677623 
20.834000 21.134000 -1.677473 
20.834000 21.234000 -1.677396 
20.834000 21.334000 -1.677407 
20.834000 21.434000 -1.677504 
20.834000 21.534000 -1.677667 
20.834000 21.634000 -1.677864 
20.834000 21.734000 -1.678057 
20.834000 21.834000 -1.678209 
20.834000 21.934000 -1.678289 
20.834000 22.034000 -1.678281 
20.834000 22.134000 -1.678187 
20.834000 22.234000 -1.678023 
20.834000 22.334000 -1.677821 
20.834000 22.434000 -1.677619 
20.834000 22.534000 -1.677455 
20.834000 22.634000 -1.677360 
20.934000 18.434000 -1.677138 
20.934000 18.534000 -1.677188 
20.934000 18.634000 -1.677319 
20.934000 18.734000 -1.677506 
20.934000 18.834000 -1.677714 
20.934000 18.934000 -1.677904 
20.934000 19.034000 -1.678040 
20.934000 19.134000 -1.678096 
20.934000 19.234000 -1.678063 
20.934000 19.334000 -1.677946 
20.934000 19.434000 -1.677770 
20.934000 19.534000 -1.677568 
20.934000 19.634000 -1.677381 
20.934000 19.734000 -1.677244 
20.934000 19.834000 -1.677185 
20.934000 19.934000 -1.677216 
20.934000 20.034000 -1.677330 
20.934000 20.134000 -1.677506 
20.934000 20.234000 -1.677710 
20.934000 20.334000 -1.677903 
20.934000 20.434000 -1.678047 
20.934000 20.534000 -1.678116 
20.934000 20.634000 -1.678095 
20.934000 20.734000 -1.677989 
20.934000 20.834000 -1.677818 
20.934000 20.934000 -1.677615 
20.934000 21.034000 -1.677419 
20.934000 21.134000 -1.677268 
20.934000 21.234000 -1.677191 
20.934000 21.334000 -1.677202 
20.934000 21.434000 -1.677299 
20.934000 21.534000 -1.677463 
20.934000 21.634000 -1.677661 
20.934000 21.734000 -1.677856 
20.934000 21.834000 -1.678009 
20.934000 21.934000 -1.678089 
20.934000 22.034000 -1.678081 
20.934000 22.134000 -1.677986 
20.934000 22.234000 -1.677822 
20.934000 22.334000 -1.677618 
20.934000 22.434000 -1.677415 
20.934000 22.534000 -1.677250 
20.934000 22.634000 -1.677154 
21.034000 18.434000 -1.676940 
21.034000 18.534000 -1.676990 
21.034000 18.634000 -1.677121 
21.034000 18.734000 -1.677309 
21.034000 18.834000 -1.677519 
21.034000 18.934000 -1.677710 
21.034000 19.034000 -1.677847 
21.034000 19.134000 -1.677904 
21.034000 19.234000 -1.677870 
21.034000 19.334000 -1.677752 
21.034000 19.434000 -1.677575 
21.034000 19.534000 -1.677372 
21.034000 19.634000 -1.677183 
21.034000 19.734000 -1.677046 
21.034000 19.834000 -1.676987 
21.034000 19.934000 -1.677017 
21.034000 20.034000 -1.677132 
21.034000 20.134000 -1.677309 
21.034000 20.234000 -1.677515 
21.034000 20.334000 -1.677709 
21.034000 20.434000 -1.677854 
21.034000 20.534000 -1.677923 
21.034000 20.634000 -1.677902 
21.034000 20.734000 -1.677796 
21.034000 20.834000 -1.677623 
21.034000 20.934000 -1.677419 
21.034000 21.034000 -1.677222 
21.034000 21.134000 -1.677070 
21.034000 21.234000 -1.676992 
21.034000 21.334000 -1.677003 
21.034000 21.434000 -1.677101 
21.034000 21.534000 -1.677266 
21.034000 21.634000 -1.677466 
21.034000 21.734000 -1.677662 
21.034000 21.834000 -1.677816 
21.034000 21.934000 -1.677897 
21.034000 22.034000 -1.677889 
21.034000 22.134000 -1.677793 
21.034000 22.234000 -1.677627 
21.034000 22.334000 -1.677423 
21.034000 22.434000 -1.677218 
21.034000 22.534000 -1.677052 
21.034000 22.634000 -1.676956 
21.134000 18.434000 -1.676786 
21.134000 18.534000 -1.676837 
21.134000 18.634000 -1.676969 
21.134000 18.734000 -1.677158 
21.134000 18.834000 -1.677369 
21.134000 18.934000 -1.677561 
21.134000 19.034000 -1.677698 
21.134000 19.134000 -1.677755 
21.134000 19.234000 -1.677721 
21.134000 19.334000 -1.677603 
21.134000 19.434000 -1.677425 
21.134000 19.534000 -1.677221 
21.134000 19.634000 -1.677031 
21.134000 19.734000 -1.676893 
21.134000 19.834000 -1.676833 
21.134000 19.934000 -1.676864 
21.134000 20.034000 -1.676979 
21.134000 20.134000 -1.677157 
21.134000 20.234000 -1.677364 
21.134000 20.334000 -1.677559 
21.134000 20.434000 -1.677706 
21.134000 20.534000 -1.677775 
21.134000 20.634000 -1.677754 
21.134000 20.734000 -1.677646 
21.134000 20.834000 -1.677473 
21.134000 20.934000 -1.677268 
21.134000 21.034000 -1.677070 
21.134000 21.134000 -1.676917 
21.134000 21.234000 -1.676839 
21.134000 21.334000 -1.676850 
21.134000 21.434000 -1.676948 
21.134000 21.534000 -1.677114 
21.134000 21.634000 -1.677315 
21.134000 21.734000 -1.677512 
21.134000 21.834000 -1.677667 
21.134000 21.934000 -1.677748 
21.134000 22.034000 -1.677740 
21.134000 22.134000 -1.677644 
21.134000 22.234000 -1.677477 
21.134000 22.334000 -1.677272 
21.134000 22.434000 -1.677066 
21.134000 22.534000 -1.676899 
21.134000 22.634000 -1.676802 
21.234000 18.434000 -1.676708 
21.234000 18.534000 -1.676758 
21.234000 18.634000 -1.676891 
21.234000 18.734000 -1.677080 
21.234000 18.834000 -1.677292 
21.234000 18.934000 -1.677484 
21.234000 19.034000 -1.677622 
21.234000 19.134000 -1.677679 
21.234000 19.234000 -1.677645 
21.234000 19.334000 -1.677527 
21.234000 19.434000 -1.677348 
21.234000 19.534000 -1.677143 
21.234000 19.634000 -1.676953 
21.234000 19.734000 -1.676815 
21.234000 19.834000 -1.676755 
21.234000 19.934000 -1.676786 
21.234000 20.034000 -1.676901 
21.234000 20.134000 -1.677080 
21.234000 20.234000 -1.677287 
21.234000 20.334000 -1.677483 
21.234000 20.434000 -1.677629 
21.234000 20.534000 -1.677699 
21.234000 20.634000 -1.677678 
21.234000 20.734000 -1.677570 
21.234000 20.834000 -1.677396 
21.234000 20.934000 -1.677191 
21.234000 21.034000 -1.676992 
21.234000 21.134000 -1.676839 
21.234000 21.234000 -1.676760 
21.234000 21.334000 -1.676771 
21.234000 21.434000 -1.676870 
21.234000 21.534000 -1.677036 
21.234000 21.634000 -1.677238 
21.234000 21.734000 -1.677435 
21.234000 21.834000 -1.677590 
21.234000 21.934000 -1.677672 
21.234000 22.034000 -1.677664 
21.234000 22.134000 -1.677568 
21.234000 22.234000 -1.677401 
21.234000 22.334000 -1.677194 
21.234000 22.434000 -1.676988 
21.234000 22.534000 -1.676821 
21.234000 22.634000 -1.676724 
21.334000 18.434000 -1.676719 
21.334000 18.534000 -1.676770 
21.334000 18.634000 -1.676902 
21.334000 18.734000 -1.677092 
21.334000 18.834000 -1.677303 
21.334000 18.934000 -1.677495 
21.334000 19.034000 -1.677633 
21.334000 19.134000 -1.677690 
21.334000 19.234000 -1.677656 
21.334000 19.334000 -1.677537 
21.334000 19.434000 -1.677359 
21.334000 19.534000 -1.677154 
21.334000 19.634000 -1.676964 
21.334000 19.734000 -1.676826 
21.334000 19.834000 -1.676766 
21.334000 19.934000 -1.676797 
21.334000 20.034000 -1.676913 
21.334000 20.134000 -1.677091 
21.334000 20.234000 -1.677298 
21.334000 20.334000 -1.677494 
21.334000 20.434000 -1.677640 
21.334000 20.534000 -1.677710 
21.334000 20.634000 -1.677689 
21.334000 20.734000 -1.677581 
21.334000 20.834000 -1.677407 
21.334000 20.934000 -1.677202 
21.334000 21.034000 -1.677003 
21.334000 21.134000 -1.676850 
21.334000 21.234000 -1.676771 
21.334000 21.334000 -1.676783 
21.334000 21.434000 -1.676881 
21.334000 21.534000 -1.677047 
21.334000 21.634000 -1.677249 
21.334000 21.734000 -1.677446 
21.334000 21.834000 -1.677601 
21.334000 21.934000 -1.677683 
21.334000 22.034000 -1.677675 
21.334000 22.134000 -1.677579 
21.334000 22.234000 -1.677412 
21.334000 22.334000 -1.677205 
21.334000 22.434000 -1.676999 
21.334000 22.534000 -1.676832 
21.334000 22.634000 -1.676735 
21.434000 18.434000 -1.676818 
21.434000 18.534000 -1.676868 
21.434000 18.634000 -1.677000 
21.434000 18.734000 -1.677189 
21.434000 18.834000 -1.677399 
21.434000 18.934000 -1.677591 
21.434000 19.034000 -1.677729 
21.434000 19.134000 -1.677785 
21.434000 19.234000 -1.677751 
21.434000 19.334000 -1.677633 
21.434000 19.434000 -1.677455 
21.434000 19.534000 -1.677251 
21.434000 19.634000 -1.677062 
21.434000 19.734000 -1.676924 
21.434000 19.834000 -1.676865 
21.434000 19.934000 -1.676895 
21.434000 20.034000 -1.677011 
21.434000 20.134000 -1.677188 
21.434000 20.234000 -1.677395 
21.434000 20.334000 -1.677590 
21.434000 20.434000 -1.677736 
21.434000 20.534000 -1.677805 
21.434000 20.634000 -1.677784 
21.434000 20.734000 -1.677677 
21.434000 20.834000 -1.677504 
21.434000 20.934000 -1.677299 
21.434000 21.034000 -1.677101 
21.434000 21.134000 -1.676948 
21.434000 21.234000 -1.676870 
21.434000 21.334000 -1.676881 
21.434000 21.434000 -1.676979 
21.434000 21.534000 -1.677145 
21.434000 21.634000 -1.677346 
21.434000 21.734000 -1.677543 
21.434000 21.834000 -1.677697 
21.434000 21.934000 -1.677778 
21.434000 22.034000 -1.677770 
21.434000 22.134000 -1.677674 
21.434000 22.234000 -1.677508 
21.434000 22.334000 -1.677302 
21.434000 22.434000 -1.677097 
21.434000 22.534000 -1.676930 
21.434000 22.634000 -1.676834 
21.534000 18.434000 -1.676984 
21.534000 18.534000 -1.677034 
21.534000 18.634000 -1.677165 
21.534000 18.734000 -1.677353 
21.534000 18.834000 -1.677563 
21.534000 18.934000 -1.677754 
21.534000 19.034000 -1.677890 
21.534000 19.134000 -1.677946 
21.534000 19.234000 -1.677912 
21.534000 19.334000 -1.677795 
21.534000 19.434000 -1.677618 
21.534000 19.534000 -1.677416 
21.534000 19.634000 -1.677227 
21.534000 19.734000 -1.677090 
21.534000 19.834000 -1.677031 
21.534000 19.934000 -1.677061 
21.534000 20.034000 -1.677176 
21.534000 20.134000 -1.677353 
21.534000 20.234000 -1.677558 
21.534000 20.334000 -1.677752 
21.534000 20.434000 -1.677897 
21.534000 20.534000 -1.677966 
21.534000 20.634000 -1.677945 
21.534000 20.734000 -1.677838 
21.534000 20.834000 -1.677667 
21.534000 20.934000 -1.677463 
21.534000 21.034000 -1.677266 
21.534000 21.134000 -1.677114 
21.534000 21.234000 -1.677036 
21.534000 21.334000 -1.677047 
21.534000 21.434000 -1.677145 
21.534000 21.534000 -1.677310 
21.534000 21.634000 -1.677509 
21.534000 21.734000 -1.677705 
21.534000 21.834000 -1.677858 
21.534000 21.934000 -1.677939 
21.534000 22.034000 -1.677932 
21.534000 22.134000 -1.677836 
21.534000 22.234000 -1.677670 
21.534000 22.334000 -1.677466 
21.534000 22.434000 -1.677262 
21.534000 22.534000 -1.677096 
21.534000 22.634000 -1.677000 
21.634000 18.434000 -1.677186 
21.634000 18.534000 -1.677235 
21.634000 18.634000 -1.677366 
21.634000 18.734000 -1.677552 
21.634000 18.834000 -1.677760 
21.634000 18.934000 -1.677950 
21.634000 19.034000 -1.678086 
21.634000 19.134000 -1.678142 
21.634000 19.234000 -1.678108 
21.634000 19.334000 -1.677992 
21.634000 19.434000 -1.677816 
21.634000 19.534000 -1.677615 
21.634000 19.634000 -1.677428 
21.634000 19.734000 -1.677291 
21.634000 19.834000 -1.677233 
21.634000 19.934000 -1.677263 
21.634000 20.034000 -1.677377 
21.634000 20.134000 -1.677552 
21.634000 20.234000 -1.677756 
21.634000 20.334000 -1.677949 
21.634000 20.434000 -1.678093 
21.634000 20.534000 -1.678161 
21.634000 20.634000 -1.678141 
21.634000 20.734000 -1.678035 
21.634000 20.834000 -1.677864 
21.634000 20.934000 -1.677661 
21.634000 21.034000 -1.677466 
21.634000 21.134000 -1.677315 
21.634000 21.234000 -1.677238 
21.634000 21.334000 -1.677249 
21.634000 21.434000 -1.677346 
21.634000 21.534000 -1.677509 
21.634000 21.634000 -1.677708 
21.634000 21.734000 -1.677902 
21.634000 21.834000 -1.678054 
21.634000 21.934000 -1.678135 
21.634000 22.034000 -1.678127 
21.634000 22.134000 -1.678032 
21.634000 22.234000 -1.677868 
21.634000 22.334000 -1.677665 
21.634000 22.434000 -1.677462 
21.634000 22.534000 -1.677297 
21.634000 22.634000 -1.677202 
21.734000 18.434000 -1.677383 
21.734000 18.534000 -1.677433 
21.734000 18.634000 -1.677562 
21.734000 18.734000 -1.677748 
21.734000 18.834000 -1.677954 
21.734000 18.934000 -1.678143 
21.734000 19.034000 -1.678277 
21.734000 19.134000 -1.678333 
21.734000 19.234000 -1.678300 
21.734000 19.334000 -1.678184 
21.734000 19.434000 -1.678009 
21.734000 19.534000 -1.677809 
21.734000 19.634000 -1.677624 
21.734000 19.734000 -1.677489 
21.734000 19.834000 -1.677430 
21.734000 19.934000 -1.677460 
21.734000 20.034000 -1.677573 
21.734000 20.134000 -1.677748 
21.734000 20.234000 -1.677950 
21.734000 20.334000 -1.678141 
21.734000 20.434000 -1.678285 
21.734000 20.534000 -1.678353 
21.734000 20.634000 -1.678332 
21.734000 20.734000 -1.678227 
21.734000 20.834000 -1.678057 
21.734000 20.934000 -1.677856 
21.734000 21.034000 -1.677662 
21.734000 21.134000 -1.677512 
21.734000 21.234000 -1.677435 
21.734000 21.334000 -1.677446 
21.734000 21.434000 -1.677543 
21.734000 21.534000 -1.677705 
21.734000 21.634000 -1.677902 
21.734000 21.734000 -1.678095 
21.734000 21.834000 -1.678246 
21.734000 21.934000 -1.678326 
21.734000 22.034000 -1.678318 
21.734000 22.134000 -1.678224 
21.734000 22.234000 -1.678061 
21.734000 22.334000 -1.677859 
21.734000 22.434000 -1.677657 
21.734000 22.534000 -1.677494 
21.734000 22.634000 -1.677399 
21.834000 18.434000 -1.677538 
21.834000 18.534000 -1.677587 
21.834000 18.634000 -1.677716 
21.834000 18.734000 -1.677901 
21.834000 18.834000 -1.678106 
21.834000 18.934000 -1.678294 
21.834000 19.034000 -1.678428 
21.834000 19.134000 -1.678483 
21.834000 19.234000 -1.678450 
21.834000 19.334000 -1.678335 
21.834000 19.434000 -1.678161 
21.834000 19.534000 -1.677962 
21.834000 19.634000 -1.677778 
21.834000 19.734000 -1.677643 
21.834000 19.834000 -1.677585 
21.834000 19.934000 -1.677615 
21.834000 20.034000 -1.677727 
21.834000 20.134000 -1.677901 
21.834000 20.234000 -1.678102 
21.834000 20.334000 -1.678293 
21.834000 20.434000 -1.678435 
21.834000 20.534000 -1.678503 
21.834000 20.634000 -1.678482 
21.834000 20.734000 -1.678378 
21.834000 20.834000 -1.678209 
21.834000 20.934000 -1.678009 
21.834000 21.034000 -1.677816 
21.834000 21.134000 -1.677667 
21.834000 21.234000 -1.677590 
21.834000 21.334000 -1.677601 
21.834000 21.434000 -1.677697 
21.834000 21.534000 -1.677858 
21.834000 21.634000 -1.678054 
21.834000 21.734000 -1.678246 
21.834000 21.834000 -1.678397 
21.834000 21.934000 -1.678476 
21.834000 22.034000 -1.678468 
21.834000 22.134000 -1.678375 
21.834000 22.234000 -1.678212 
21.834000 22.334000 -1.678011 
21.834000 22.434000 -1.677811 
21.834000 22.534000 -1.677648 
21.834000 22.634000 -1.677554 
21.934000 18.434000 -1.677620 
21.934000 18.534000 -1.677669 
21.934000 18.634000 -1.677797 
21.934000 18.734000 -1.677981 
21.934000 18.834000 -1.678186 
21.934000 18.934000 -1.678373 
21.934000 19.034000 -1.678507 
21.934000 19.134000 -1.678562 
21.934000 19.234000 -1.678529 
21.934000 19.334000 -1.678414 
21.934000 19.434000 -1.678241 
21.934000 19.534000 -1.678043 
21.934000 19.634000 -1.677859 
21.934000 19.734000 -1.677725 
21.934000 19.834000 -1.677667 
21.934000 19.934000 -1.677697 
21.934000 20.034000 -1.677809 
21.934000 20.134000 -1.677982 
21.934000 20.234000 -1.678183 
21.934000 20.334000 -1.678372 
21.934000 20.434000 -1.678514 
21.934000 20.534000 -1.678582 
21.934000 20.634000 -1.678561 
21.934000 20.734000 -1.678457 
21.934000 20.834000 -1.678289 
21.934000 20.934000 -1.678089 
21.934000 21.034000 -1.677897 
21.934000 21.134000 -1.677748 
21.934000 21.234000 -1.677672 
21.934000 21.334000 -1.677683 
21.934000 21.434000 -1.677778 
21.934000 21.534000 -1.677939 
21.934000 21.634000 -1.678135 
21.934000 21.734000 -1.678326 
21.934000 21.834000 -1.678476 
21.934000 21.934000 -1.678555 
21.934000 22.034000 -1.678548 
21.934000 22.134000 -1.678454 
21.934000 22.234000 -1.678292 
21.934000 22.334000 -1.678092 
21.934000 22.434000 -1.677892 
21.934000 22.534000 -1.677730 
21.934000 22.634000 -1.677636 
22.034000 18.434000 -1.677612 
22.034000 18.534000 -1.677661 
22.034000 18.634000 -1.677790 
22.034000 18.734000 -1.677974 
22.034000 18.834000 -1.678179 
22.034000 18.934000 -1.678366 
22.034000 19.034000 -1.678499 
22.034000 19.134000 -1.678554 
22.034000 19.234000 -1.678521 
22.034000 19.334000 -1.678407 
22.034000 19.434000 -1.678233 
22.034000 19.534000 -1.678035 
22.034000 19.634000 -1.677851 
22.034000 19.734000 -1.677717 
22.034000 19.834000 -1.677659 
22.034000 19.934000 -1.677689 
22.034000 20.034000 -1.677801 
22.034000 20.134000 -1.677974 
22.034000 20.234000 -1.678175 
22.034000 20.334000 -1.678365 
22.034000 20.434000 -1.678507 
22.034000 20.534000 -1.678574 
22.034000 20.634000 -1.678554 
22.034000 20.734000 -1.678449 
22.034000 20.834000 -1.678281 
22.034000 20.934000 -1.678081 
22.034000 21.034000 -1.677889 
22.034000 21.134000 -1.677740 
22.034000 21.234000 -1.677664 
22.034000 21.334000 -1.677675 
22.034000 21.434000 -1.677770 
22.034000 21.534000 -1.677932 
22.034000 21.634000 -1.678127 
22.034000 21.734000 -1.678318 
22.034000 21.834000 -1.678468 
22.034000 21.934000 -1.678548 
22.034000 22.034000 -1.678540 
22.034000 22.134000 -1.678446 
22.034000 22.234000 -1.678284 
22.034000 22.334000 -1.678084 
22.034000 22.434000 -1.677884 
22.034000 22.534000 -1.677722 
22.034000 22.634000 -1.677628 
22.134000 18.434000 -1.677516 
22.134000 18.534000 -1.677565 
22.134000 18.634000 -1.677694 
22.134000 18.734000 -1.677878 
22.134000 18.834000 -1.678084 
22.134000 18.934000 -1.678271 
22.134000 19.034000 -1.678406 
22.134000 19.134000 -1.678461 
22.134000 19.234000 -1.678428 
22.134000 19.334000 -1.678313 
22.134000 19.434000 -1.678139 
22.134000 19.534000 -1.677940 
22.134000 19.634000 -1.677755 
22.134000 19.734000 -1.677621 
22.134000 19.834000 -1.677562 
22.134000 19.934000 -1.677592 
22.134000 20.034000 -1.677705 
22.134000 20.134000 -1.677879 
22.134000 20.234000 -1.678080 
22.134000 20.334000 -1.678270 
22.134000 20.434000 -1.678413 
22.134000 20.534000 -1.678481 
22.134000 20.634000 -1.678460 
22.134000 20.734000 -1.678355 
22.134000 20.834000 -1.678187 
22.134000 20.934000 -1.677986 
22.134000 21.034000 -1.677793 
22.134000 21.134000 -1.677644 
22.134000 21.234000 -1.677568 
22.134000 21.334000 -1.677579 
22.134000 21.434000 -1.677674 
22.134000 21.534000 -1.677836 
22.134000 21.634000 -1.678032 
22.134000 21.734000 -1.678224 
22.134000 21.834000 -1.678375 
22.134000 21.934000 -1.678454 
22.134000 22.034000 -1.678446 
22.134000 22.134000 -1.678352 
22.134000 22.234000 -1.678190 
22.134000 22.334000 -1.677989 
22.134000 22.434000 -1.677788 
22.134000 22.534000 -1.677626 
22.134000 22.634000 -1.677531 
22.234000 18.434000 -1.677349 
22.234000 18.534000 -1.677398 
22.234000 18.634000 -1.677527 
22.234000 18.734000 -1.677713 
22.234000 18.834000 -1.677920 
22.234000 18.934000 -1.678108 
22.234000 19.034000 -1.678243 
22.234000 19.134000 -1.678299 
22.234000 19.234000 -1.678265 
22.234000 19.334000 -1.678150 
22.234000 19.434000 -1.677975 
22.234000 19.534000 -1.677775 
22.234000 19.634000 -1.677589 
22.234000 19.734000 -1.677454 
22.234000 19.834000 -1.677395 
22.234000 19.934000 -1.677426 
22.234000 20.034000 -1.677539 
22.234000 20.134000 -1.677713 
22.234000 20.234000 -1.677916 
22.234000 20.334000 -1.678107 
22.234000 20.434000 -1.678251 
22.234000 20.534000 -1.678319 
22.234000 20.634000 -1.678298 
22.234000 20.734000 -1.678193 
22.234000 20.834000 -1.678023 
22.234000 20.934000 -1.677822 
22.234000 21.034000 -1.677627 
22.234000 21.134000 -1.677477 
22.234000 21.234000 -1.677401 
22.234000 21.334000 -1.677412 
22.234000 21.434000 -1.677508 
22.234000 21.534000 -1.677670 
22.234000 21.634000 -1.677868 
22.234000 21.734000 -1.678061 
22.234000 21.834000 -1.678212 
22.234000 21.934000 -1.678292 
22.234000 22.034000 -1.678284 
22.234000 22.134000 -1.678190 
22.234000 22.234000 -1.678026 
22.234000 22.334000 -1.677825 
22.234000 22.434000 -1.677623 
22.234000 22.534000 -1.677459 
22.234000 22.634000 -1.677364 
22.334000 18.434000 -1.677142 
22.334000 18.534000 -1.677192 
22.334000 18.634000 -1.677322 
22.334000 18.734000 -1.677509 
22.334000 18.834000 -1.677717 
22.334000 18.934000 -1.677907 
22.334000 19.034000 -1.678043 
22.334000 19.134000 -1.678099 
22.334000 19.234000 -1.678065 
22.334000 19.334000 -1.677949 
22.334000 19.434000 -1.677773 
22.334000 19.534000 -1.677571 
22.334000 19.634000 -1.677384 
22.334000 19.734000 -1.677248 
22.334000 19.834000 -1.677189 
22.334000 19.934000 -1.677219 
22.334000 20.034000 -1.677333 
22.334000 20.134000 -1.677509 
22.334000 20.234000 -1.677713 
22.334000 20.334000 -1.677906 
22.334000 20.434000 -1.678050 
22.334000 20.534000 -1.678119 
22.334000 20.634000 -1.678098 
22.334000 20.734000 -1.677992 
22.334000 20.834000 -1.677821 
22.334000 20.934000 -1.677618 
22.334000 21.034000 -1.677423 
22.334000 21.134000 -1.677272 
22.334000 21.234000 -1.677194 
22.334000 21.334000 -1.677205 
22.334000 21.434000 -1.677302 
22.334000 21.534000 -1.677466 
22.334000 21.634000 -1.677665 
22.334000 21.734000 -1.677859 
22.334000 21.834000 -1.678011 
22.334000 21.934000 -1.678092 
22.334000 22.034000 -1.678084 
22.334000 22.134000 -1.677989 
22.334000 22.234000 -1.677825 
22.334000 22.334000 -1.677622 
22.334000 22.434000 -1.677418 
22.334000 22.534000 -1.677254 
22.334000 22.634000 -1.677158 
22.434000 18.434000 -1.676936 
22.434000 18.534000 -1.676986 
22.434000 18.634000 -1.677117 
22.434000 18.734000 -1.677305 
22.434000 18.834000 -1.677515 
22.434000 18.934000 -1.677706 
22.434000 19.034000 -1.677843 
22.434000 19.134000 -1.677899 
22.434000 19.234000 -1.677865 
22.434000 19.334000 -1.677748 
22.434000 19.434000 -1.677570 
22.434000 19.534000 -1.677368 
22.434000 19.634000 -1.677179 
22.434000 19.734000 -1.677042 
22.434000 19.834000 -1.676983 
22.434000 19.934000 -1.677013 
22.434000 20.034000 -1.677128 
22.434000 20.134000 -1.677305 
22.434000 20.234000 -1.677510 
22.434000 20.334000 -1.677704 
22.434000 20.434000 -1.677850 
22.434000 20.534000 -1.677919 
22.434000 20.634000 -1.677898 
22.434000 20.734000 -1.677791 
22.434000 20.834000 -1.677619 
22.434000 20.934000 -1.677415 
22.434000 21.034000 -1.677218 
22.434000 21.134000 -1.677066 
22.434000 21.234000 -1.676988 
22.434000 21.334000 -1.676999 
22.434000 21.434000 -1.677097 
22.434000 21.534000 -1.677262 
22.434000 21.634000 -1.677462 
22.434000 21.734000 -1.677657 
22.434000 21.834000 -1.677811 
22.434000 21.934000 -1.677892 
22.434000 22.034000 -1.677884 
22.434000 22.134000 -1.677788 
22.434000 22.234000 -1.677623 
22.434000 22.334000 -1.677418 
22.434000 22.434000 -1.677214 
22.434000 22.534000 -1.677048 
22.434000 22.634000 -1.676952 
22.534000 18.434000 -1.676769 
22.534000 18.534000 -1.676819 
22.534000 18.634000 -1.676951 
22.534000 18.734000 -1.677140 
22.534000 18.834000 -1.677351 
22.534000 18.934000 -1.677543 
22.534000 19.034000 -1.677680 
22.534000 19.134000 -1.677737 
22.534000 19.234000 -1.677703 
22.534000 19.334000 -1.677585 
22.534000 19.434000 -1.677406 
22.534000 19.534000 -1.677203 
22.534000 19.634000 -1.677013 
22.534000 19.734000 -1.676875 
22.534000 19.834000 -1.676816 
22.534000 19.934000 -1.676846 
22.534000 20.034000 -1.676962 
22.534000 20.134000 -1.677139 
22.534000 20.234000 -1.677346 
22.534000 20.334000 -1.677541 
22.534000 20.434000 -1.677687 
22.534000 20.534000 -1.677756 
22.534000 20.634000 -1.677735 
22.534000 20.734000 -1.677628 
22.534000 20.834000 -1.677455 
22.534000 20.934000 -1.677250 
22.534000 21.034000 -1.677052 
22.534000 21.134000 -1.676899 
22.534000 21.234000 -1.676821 
22.534000 21.334000 -1.676832 
22.534000 21.434000 -1.676930 
22.534000 21.534000 -1.677096 
22.534000 21.634000 -1.677297 
22.534000 21.734000 -1.677494 
22.534000 21.834000 -1.677648 
22.534000 21.934000 -1.677730 
22.534000 22.034000 -1.677722 
22.534000 22.134000 -1.677626 
22.534000 22.234000 -1.677459 
22.534000 22.334000 -1.677254 
22.534000 22.434000 -1.677048 
22.534000 22.534000 -1.676881 
22.534000 22.634000 -1.676785 
22.634000 18.434000 -1.676672 
22.634000 18.534000 -1.676722 
22.634000 18.634000 -1.676855 
22.634000 18.734000 -1.677044 
22.634000 18.834000 -1.677255 
22.634000 18.934000 -1.677448 
22.634000 19.034000 -1.677586 
22.634000 19.134000 -1.677643 
22.634000 19.234000 -1.677608 
22.634000 19.334000 -1.677490 
22.634000 19.434000 -1.677311 
22.634000 19.534000 -1.677107 
22.634000 19.634000 -1.676917 
22.634000 19.734000 -1.676778 
22.634000 19.834000 -1.676719 
22.634000 19.934000 -1.676749 
22.634000 20.034000 -1.676865 
22.634000 20.134000 -1.677044 
22.634000 20.234000 -1.677251 
22.634000 20.334000 -1.677446 
22.634000 20.434000 -1.677593 
22.634000 20.534000 -1.677662 
22.634000 20.634000 -1.677641 
22.634000 20.734000 -1.677534 
22.634000 20.834000 -1.677360 
22.634000 20.934000 -1.677154 
22.634000 21.034000 -1.676956 
22.634000 21.134000 -1.676802 
22.634000 21.234000 -1.676724 
22.634000 21.334000 -1.676735 
22.634000 21.434000 -1.676834 
22.634000 21.534000 -1.677000 
22.634000 21.634000 -1.677202 
22.634000 21.734000 -1.677399 
22.634000 21.834000 -1.677554 
22.634000 21.934000 -1.677636 
22.634000 22.034000 -1.677628 
22.634000 22.134000 -1.677531 
22.634000 22.234000 -1.677364 
22.634000 22.334000 -1.677158 
22.634000 22.434000 -1.676952 
22.634000 22.534000 -1.676785 
22.634000 22.634000 -1.676688 
