18.000000 18.000000 -3.372825 
18.000000 18.100000 -3.372838 
18.000000 18.200000 -3.372852 
18.000000 18.300000 -3.372866 
18.000000 18.400000 -3.372879 
18.000000 18.500000 -3.372889 
18.000000 18.600000 -3.372896 
18.000000 18.700000 -3.372900 
18.000000 18.800000 -3.372903 
18.000000 18.900000 -3.372906 
18.000000 19.000000 -3.372910 
18.000000 19.100000 -3.372917 
18.000000 19.200000 -3.372925 
18.000000 19.300000 -3.372934 
18.000000 19.400000 -3.372941 
18.000000 19.500000 -3.372945 
18.000000 19.600000 -3.372946 
18.000000 19.700000 -3.372945 
18.000000 19.800000 -3.372942 
18.000000 19.900000 -3.372939 
18.000000 20.000000 -3.372938 
18.000000 20.100000 -3.372939 
18.000000 20.200000 -3.372942 
18.000000 20.300000 -3.372945 
18.000000 20.400000 -3.372946 
18.000000 20.500000 -3.372945 
18.000000 20.600000 -3.372941 
18.000000 20.700000 -3.372934 
18.000000 20.800000 -3.372925 
18.000000 20.900000 -3.372917 
18.000000 21.000000 -3.372910 
18.000000 21.100000 -3.372906 
18.000000 21.200000 -3.372903 
18.000000 21.300000 -3.372900 
18.000000 21.400000 -3.372896 
18.000000 21.500000 -3.372889 
18.000000 21.600000 -3.372879 
18.000000 21.700000 -3.372866 
18.000000 21.800000 -3.372852 
18.000000 21.900000 -3.372838 
18.100000 18.000000 -3.372838 
18.100000 18.100000 -3.372850 
18.100000 18.200000 -3.372864 
18.100000 18.300000 -3.372879 
18.100000 18.400000 -3.372892 
18.100000 18.500000 -3.372902 
18.100000 18.600000 -3.372909 
18.100000 18.700000 -3.372913 
18.100000 18.800000 -3.372915 
18.100000 18.900000 -3.372918 
18.100000 19.000000 -3.372923 
18.100000 19.100000 -3.372929 
18.100000 19.200000 -3.372938 
18.100000 19.300000 -3.372946 
18.100000 19.400000 -3.372953 
18.100000 19.500000 -3.372958 
18.100000 19.600000 -3.372959 
18.100000 19.700000 -3.372957 
18.100000 19.800000 -3.372954 
18.100000 19.900000 -3.372952 
18.100000 20.000000 -3.372950 
18.100000 20.100000 -3.372952 
18.100000 20.200000 -3.372954 
18.100000 20.300000 -3.372957 
18.100000 20.400000 -3.372959 
18.100000 20.500000 -3.372958 
18.100000 20.600000 -3.372953 
18.100000 20.700000 -3.372946 
18.100000 20.800000 -3.372938 
18.100000 20.900000 -3.372929 
18.100000 21.000000 -3.372923 
18.100000 21.100000 -3.372918 
18.100000 21.200000 -3.372915 
18.100000 21.300000 -3.372913 
18.100000 21.400000 -3.372909 
18.100000 21.500000 -3.372902 
18.100000 21.600000 -3.372892 
18.100000 21.700000 -3.372879 
18.100000 21.800000 -3.372864 
18.100000 21.900000 -3.372850 
18.200000 18.000000 -3.372852 
18.200000 18.100000 -3.372864 
18.200000 18.200000 -3.372879 
18.200000 18.300000 -3.372893 
18.200000 18.400000 -3.372906 
18.200000 18.500000 -3.372916 
18.200000 18.600000 -3.372923 
18.200000 18.700000 -3.372927 
18.200000 18.800000 -3.372930 
18.200000 18.900000 -3.372933 
18.200000 19.000000 -3.372937 
18.200000 19.100000 -3.372944 
18.200000 19.200000 -3.372952 
18.200000 19.300000 -3.372960 
18.200000 19.400000 -3.372968 
18.200000 19.500000 -3.372972 
18.200000 19.600000 -3.372973 
18.200000 19.700000 -3.372971 
18.200000 19.800000 -3.372968 
18.200000 19.900000 -3.372966 
18.200000 20.000000 -3.372965 
18.200000 20.100000 -3.372966 
18.200000 20.200000 -3.372968 
18.200000 20.300000 -3.372971 
18.200000 20.400000 -3.372973 
18.200000 20.500000 -3.372972 
18.200000 20.600000 -3.372968 
18.200000 20.700000 -3.372960 
18.200000 20.800000 -3.372952 
18.200000 20.900000 -3.372944 
18.200000 21.000000 -3.372937 
18.200000 21.100000 -3.372933 
18.200000 21.200000 -3.372930 
18.200000 21.300000 -3.372927 
18.200000 21.400000 -3.372923 
18.200000 21.500000 -3.372916 
18.200000 21.600000 -3.372906 
18.200000 21.700000 -3.372893 
18.200000 21.800000 -3.372879 
18.200000 21.900000 -3.372864 
18.300000 18.000000 -3.372866 
18.300000 18.100000 -3.372879 
18.300000 18.200000 -3.372893 
18.300000 18.300000 -3.372907 
18.300000 18.400000 -3.372920 
18.300000 18.500000 -3.372931 
18.300000 18.600000 -3.372937 
18.300000 18.700000 -3.372941 
18.300000 18.800000 -3.372944 
18.300000 18.900000 -3.372947 
18.300000 19.000000 -3.372952 
18.300000 19.100000 -3.372958 
18.300000 19.200000 -3.372966 
18.300000 19.300000 -3.372975 
18.300000 19.400000 -3.372982 
18.300000 19.500000 -3.372986 
18.300000 19.600000 -3.372987 
18.300000 19.700000 -3.372986 
18.300000 19.800000 -3.372983 
18.300000 19.900000 -3.372980 
18.300000 20.000000 -3.372979 
18.300000 20.100000 -3.372980 
18.300000 20.200000 -3.372983 
18.300000 20.300000 -3.372986 
18.300000 20.400000 -3.372987 
18.300000 20.500000 -3.372986 
18.300000 20.600000 -3.372982 
18.300000 20.700000 -3.372975 
18.300000 20.800000 -3.372966 
18.300000 20.900000 -3.372958 
18.300000 21.000000 -3.372952 
18.300000 21.100000 -3.372947 
18.300000 21.200000 -3.372944 
18.300000 21.300000 -3.372941 
18.300000 21.400000 -3.372937 
18.300000 21.500000 -3.372931 
18.300000 21.600000 -3.372920 
18.300000 21.700000 -3.372907 
18.300000 21.800000 -3.372893 
18.300000 21.900000 -3.372879 
18.400000 18.000000 -3.372879 
18.400000 18.100000 -3.372892 
18.400000 18.200000 -3.372906 
18.400000 18.300000 -3.372920 
18.400000 18.400000 -3.372933 
18.400000 18.500000 -3.372944 
18.400000 18.600000 -3.372950 
18.400000 18.700000 -3.372954 
18.400000 18.800000 -3.372957 
18.400000 18.900000 -3.372960 
18.400000 19.000000 -3.372965 
18.400000 19.100000 -3.372971 
18.400000 19.200000 -3.372979 
18.400000 19.300000 -3.372988 
18.400000 19.400000 -3.372995 
18.400000 19.500000 -3.372999 
18.400000 19.600000 -3.373000 
18.400000 19.700000 -3.372999 
18.400000 19.800000 -3.372996 
18.400000 19.900000 -3.372993 
18.400000 20.000000 -3.372992 
18.400000 20.100000 -3.372993 
18.400000 20.200000 -3.372996 
18.400000 20.300000 -3.372999 
18.400000 20.400000 -3.373000 
18.400000 20.500000 -3.372999 
18.400000 20.600000 -3.372995 
18.400000 20.700000 -3.372988 
18.400000 20.800000 -3.372979 
18.400000 20.900000 -3.372971 
18.400000 21.000000 -3.372965 
18.400000 21.100000 -3.372960 
18.400000 21.200000 -3.372957 
18.400000 21.300000 -3.372954 
18.400000 21.400000 -3.372950 
18.400000 21.500000 -3.372944 
18.400000 21.600000 -3.372933 
18.400000 21.700000 -3.372920 
18.400000 21.800000 -3.372906 
18.400000 21.900000 -3.372892 
18.500000 18.000000 -3.372889 
18.500000 18.100000 -3.372902 
18.500000 18.200000 -3.372916 
18.500000 18.300000 -3.372931 
18.500000 18.400000 -3.372944 
18.500000 18.500000 -3.372954 
18.500000 18.600000 -3.372961 
18.500000 18.700000 -3.372965 
18.500000 18.800000 -3.372967 
18.500000 18.900000 -3.372970 
18.500000 19.000000 -3.372975 
18.500000 19.100000 -3.372981 
18.500000 19.200000 -3.372990 
18.500000 19.300000 -3.372998 
18.500000 19.400000 -3.373005 
18.500000 19.500000 -3.373009 
18.500000 19.600000 -3.373011 
18.500000 19.700000 -3.373009 
18.500000 19.800000 -3.373006 
18.500000 19.900000 -3.373003 
18.500000 20.000000 -3.373002 
18.500000 20.100000 -3.373003 
18.500000 20.200000 -3.373006 
18.500000 20.300000 -3.373009 
18.500000 20.400000 -3.373011 
18.500000 20.500000 -3.373009 
18.500000 20.600000 -3.373005 
18.500000 20.700000 -3.372998 
18.500000 20.800000 -3.372990 
18.500000 20.900000 -3.372981 
18.500000 21.000000 -3.372975 
18.500000 21.100000 -3.372970 
18.500000 21.200000 -3.372967 
18.500000 21.300000 -3.372965 
18.500000 21.400000 -3.372961 
18.500000 21.500000 -3.372954 
18.500000 21.600000 -3.372944 
18.500000 21.700000 -3.372931 
18.500000 21.800000 -3.372916 
18.500000 21.900000 -3.372902 
18.600000 18.000000 -3.372896 
18.600000 18.100000 -3.372909 
18.600000 18.200000 -3.372923 
18.600000 18.300000 -3.372937 
18.600000 18.400000 -3.372950 
18.600000 18.500000 -3.372961 
18.600000 18.600000 -3.372967 
18.600000 18.700000 -3.372971 
18.600000 18.800000 -3.372974 
18.600000 18.900000 -3.372977 
18.600000 19.000000 -3.372982 
18.600000 19.100000 -3.372988 
18.600000 19.200000 -3.372996 
18.600000 19.300000 -3.373005 
18.600000 19.400000 -3.373012 
18.600000 19.500000 -3.373016 
18.600000 19.600000 -3.373017 
18.600000 19.700000 -3.373016 
18.600000 19.800000 -3.373013 
18.600000 19.900000 -3.373010 
18.600000 20.000000 -3.373009 
18.600000 20.100000 -3.373010 
18.600000 20.200000 -3.373013 
18.600000 20.300000 -3.373016 
18.600000 20.400000 -3.373017 
18.600000 20.500000 -3.373016 
18.600000 20.600000 -3.373012 
18.600000 20.700000 -3.373005 
18.600000 20.800000 -3.372996 
18.600000 20.900000 -3.372988 
18.600000 21.000000 -3.372982 
18.600000 21.100000 -3.372977 
18.600000 21.200000 -3.372974 
18.600000 21.300000 -3.372971 
18.600000 21.400000 -3.372967 
18.600000 21.500000 -3.372961 
18.600000 21.600000 -3.372950 
18.600000 21.700000 -3.372937 
18.600000 21.800000 -3.372923 
18.600000 21.900000 -3.372909 
18.700000 18.000000 -3.372900 
18.700000 18.100000 -3.372913 
18.700000 18.200000 -3.372927 
18.700000 18.300000 -3.372941 
18.700000 18.400000 -3.372954 
18.700000 18.500000 -3.372965 
18.700000 18.600000 -3.372971 
18.700000 18.700000 -3.372976 
18.700000 18.800000 -3.372978 
18.700000 18.900000 -3.372981 
18.700000 19.000000 -3.372986 
18.700000 19.100000 -3.372992 
18.700000 19.200000 -3.373000 
18.700000 19.300000 -3.373009 
18.700000 19.400000 -3.373016 
18.700000 19.500000 -3.373020 
18.700000 19.600000 -3.373022 
18.700000 19.700000 -3.373020 
18.700000 19.800000 -3.373017 
18.700000 19.900000 -3.373014 
18.700000 20.000000 -3.373013 
18.700000 20.100000 -3.373014 
18.700000 20.200000 -3.373017 
18.700000 20.300000 -3.373020 
18.700000 20.400000 -3.373022 
18.700000 20.500000 -3.373020 
18.700000 20.600000 -3.373016 
18.700000 20.700000 -3.373009 
18.700000 20.800000 -3.373000 
18.700000 20.900000 -3.372992 
18.700000 21.000000 -3.372986 
18.700000 21.100000 -3.372981 
18.700000 21.200000 -3.372978 
18.700000 21.300000 -3.372976 
18.700000 21.400000 -3.372971 
18.700000 21.500000 -3.372965 
18.700000 21.600000 -3.372954 
18.700000 21.700000 -3.372941 
18.700000 21.800000 -3.372927 
18.700000 21.900000 -3.372913 
18.800000 18.000000 -3.372903 
18.800000 18.100000 -3.372915 
18.800000 18.200000 -3.372930 
18.800000 18.300000 -3.372944 
18.800000 18.400000 -3.372957 
18.800000 18.500000 -3.372967 
18.800000 18.600000 -3.372974 
18.800000 18.700000 -3.372978 
18.800000 18.800000 -3.372981 
18.800000 18.900000 -3.372984 
18.800000 19.000000 -3.372988 
18.800000 19.100000 -3.372995 
18.800000 19.200000 -3.373003 
18.800000 19.300000 -3.373012 
18.800000 19.400000 -3.373019 
18.800000 19.500000 -3.373023 
18.800000 19.600000 -3.373024 
18.800000 19.700000 -3.373023 
18.800000 19.800000 -3.373020 
18.800000 19.900000 -3.373017 
18.800000 20.000000 -3.373016 
18.800000 20.100000 -3.373017 
18.800000 20.200000 -3.373020 
18.800000 20.300000 -3.373023 
18.800000 20.400000 -3.373024 
18.800000 20.500000 -3.373023 
18.800000 20.600000 -3.373019 
18.800000 20.700000 -3.373012 
18.800000 20.800000 -3.373003 
18.800000 20.900000 -3.372995 
18.800000 21.000000 -3.372988 
18.800000 21.100000 -3.372984 
18.800000 21.200000 -3.372981 
18.800000 21.300000 -3.372978 
18.800000 21.400000 -3.372974 
18.800000 21.500000 -3.372967 
18.800000 21.600000 -3.372957 
18.800000 21.700000 -3.372944 
18.800000 21.800000 -3.372930 
18.800000 21.900000 -3.372915 
18.900000 18.000000 -3.372906 
18.900000 18.100000 -3.372918 
18.900000 18.200000 -3.372933 
18.900000 18.300000 -3.372947 
18.900000 18.400000 -3.372960 
18.900000 18.500000 -3.372970 
18.900000 18.600000 -3.372977 
18.900000 18.700000 -3.372981 
18.900000 18.800000 -3.372984 
18.900000 18.900000 -3.372987 
18.900000 19.000000 -3.372991 
18.900000 19.100000 -3.372998 
18.900000 19.200000 -3.373006 
18.900000 19.300000 -3.373015 
18.900000 19.400000 -3.373022 
18.900000 19.500000 -3.373026 
18.900000 19.600000 -3.373027 
18.900000 19.700000 -3.373026 
18.900000 19.800000 -3.373023 
18.900000 19.900000 -3.373020 
18.900000 20.000000 -3.373019 
18.900000 20.100000 -3.373020 
18.900000 20.200000 -3.373023 
18.900000 20.300000 -3.373026 
18.900000 20.400000 -3.373027 
18.900000 20.500000 -3.373026 
18.900000 20.600000 -3.373022 
18.900000 20.700000 -3.373015 
18.900000 20.800000 -3.373006 
18.900000 20.900000 -3.372998 
18.900000 21.000000 -3.372991 
18.900000 21.100000 -3.372987 
18.900000 21.200000 -3.372984 
18.900000 21.300000 -3.372981 
18.900000 21.400000 -3.372977 
18.900000 21.500000 -3.372970 
18.900000 21.600000 -3.372960 
18.900000 21.700000 -3.372947 
18.900000 21.800000 -3.372933 
18.900000 21.900000 -3.372918 
19.000000 18.000000 -3.372910 
19.000000 18.100000 -3.372923 
19.000000 18.200000 -3.372937 
19.000000 18.300000 -3.372952 
19.000000 18.400000 -3.372965 
19.000000 18.500000 -3.372975 
19.000000 18.600000 -3.372982 
19.000000 18.700000 -3.372986 
19.000000 18.800000 -3.372988 
19.000000 18.900000 -3.372991 
19.000000 19.000000 -3.372996 
19.000000 19.100000 -3.373002 
19.000000 19.200000 -3.373011 
19.000000 19.300000 -3.373019 
19.000000 19.400000 -3.373026 
19.000000 19.500000 -3.373031 
19.000000 19.600000 -3.373032 
19.000000 19.700000 -3.373030 
19.000000 19.800000 -3.373027 
19.000000 19.900000 -3.373024 
19.000000 20.000000 -3.373023 
19.000000 20.100000 -3.373024 
19.000000 20.200000 -3.373027 
19.000000 20.300000 -3.373030 
19.000000 20.400000 -3.373032 
19.000000 20.500000 -3.373031 
19.000000 20.600000 -3.373026 
19.000000 20.700000 -3.373019 
19.000000 20.800000 -3.373011 
19.000000 20.900000 -3.373002 
19.000000 21.000000 -3.372996 
19.000000 21.100000 -3.372991 
19.000000 21.200000 -3.372988 
19.000000 21.300000 -3.372986 
19.000000 21.400000 -3.372982 
19.000000 21.500000 -3.372975 
19.000000 21.600000 -3.372965 
19.000000 21.700000 -3.372952 
19.000000 21.800000 -3.372937 
19.000000 21.900000 -3.372923 
19.100000 18.000000 -3.372917 
19.100000 18.100000 -3.372929 
19.100000 18.200000 -3.372944 
19.100000 18.300000 -3.372958 
19.100000 18.400000 -3.372971 
19.100000 18.500000 -3.372981 
19.100000 18.600000 -3.372988 
19.100000 18.700000 -3.372992 
19.100000 18.800000 -3.372995 
19.100000 18.900000 -3.372998 
19.100000 19.000000 -3.373002 
19.100000 19.100000 -3.373009 
19.100000 19.200000 -3.373017 
19.100000 19.300000 -3.373026 
19.100000 19.400000 -3.373033 
19.100000 19.500000 -3.373037 
19.100000 19.600000 -3.373038 
19.100000 19.700000 -3.373037 
19.100000 19.800000 -3.373034 
19.100000 19.900000 -3.373031 
19.100000 20.000000 -3.373030 
19.100000 20.100000 -3.373031 
19.100000 20.200000 -3.373034 
19.100000 20.300000 -3.373037 
19.100000 20.400000 -3.373038 
19.100000 20.500000 -3.373037 
19.100000 20.600000 -3.373033 
19.100000 20.700000 -3.373026 
19.100000 20.800000 -3.373017 
19.100000 20.900000 -3.373009 
19.100000 21.000000 -3.373002 
19.100000 21.100000 -3.372998 
19.100000 21.200000 -3.372995 
19.100000 21.300000 -3.372992 
19.100000 21.400000 -3.372988 
19.100000 21.500000 -3.372981 
19.100000 21.600000 -3.372971 
19.100000 21.700000 -3.372958 
19.100000 21.800000 -3.372944 
19.100000 21.900000 -3.372929 
19.200000 18.000000 -3.372925 
19.200000 18.100000 -3.372938 
19.200000 18.200000 -3.372952 
19.200000 18.300000 -3.372966 
19.200000 18.400000 -3.372979 
19.200000 18.500000 -3.372990 
19.200000 18.600000 -3.372996 
19.200000 18.700000 -3.373000 
19.200000 18.800000 -3.373003 
19.200000 18.900000 -3.373006 
19.200000 19.000000 -3.373011 
19.200000 19.100000 -3.373017 
19.200000 19.200000 -3.373025 
19.200000 19.300000 -3.373034 
19.200000 19.400000 -3.373041 
19.200000 19.500000 -3.373045 
19.200000 19.600000 -3.373047 
19.200000 19.700000 -3.373045 
19.200000 19.800000 -3.373042 
19.200000 19.900000 -3.373039 
19.200000 20.000000 -3.373038 
19.200000 20.100000 -3.373039 
19.200000 20.200000 -3.373042 
19.200000 20.300000 -3.373045 
19.200000 20.400000 -3.373047 
19.200000 20.500000 -3.373045 
19.200000 20.600000 -3.373041 
19.200000 20.700000 -3.373034 
19.200000 20.800000 -3.373025 
19.200000 20.900000 -3.373017 
19.200000 21.000000 -3.373011 
19.200000 21.100000 -3.373006 
19.200000 21.200000 -3.373003 
19.200000 21.300000 -3.373000 
19.200000 21.400000 -3.372996 
19.200000 21.500000 -3.372990 
19.200000 21.600000 -3.372979 
19.200000 21.700000 -3.372966 
19.200000 21.800000 -3.372952 
19.200000 21.900000 -3.372938 
19.300000 18.000000 -3.372934 
19.300000 18.100000 -3.372946 
19.300000 18.200000 -3.372960 
19.300000 18.300000 -3.372975 
19.300000 18.400000 -3.372988 
19.300000 18.500000 -3.372998 
19.300000 18.600000 -3.373005 
19.300000 18.700000 -3.373009 
19.300000 18.800000 -3.373012 
19.300000 18.900000 -3.373015 
19.300000 19.000000 -3.373019 
19.300000 19.100000 -3.373026 
19.300000 19.200000 -3.373034 
19.300000 19.300000 -3.373042 
19.300000 19.400000 -3.373050 
19.300000 19.500000 -3.373054 
19.300000 19.600000 -3.373055 
19.300000 19.700000 -3.373053 
19.300000 19.800000 -3.373050 
19.300000 19.900000 -3.373048 
19.300000 20.000000 -3.373047 
19.300000 20.100000 -3.373048 
19.300000 20.200000 -3.373050 
19.300000 20.300000 -3.373053 
19.300000 20.400000 -3.373055 
19.300000 20.500000 -3.373054 
19.300000 20.600000 -3.373050 
19.300000 20.700000 -3.373042 
19.300000 20.800000 -3.373034 
19.300000 20.900000 -3.373026 
19.300000 21.000000 -3.373019 
19.300000 21.100000 -3.373015 
19.300000 21.200000 -3.373012 
19.300000 21.300000 -3.373009 
19.300000 21.400000 -3.373005 
19.300000 21.500000 -3.372998 
19.300000 21.600000 -3.372988 
19.300000 21.700000 -3.372975 
19.300000 21.800000 -3.372960 
19.300000 21.900000 -3.372946 
19.400000 18.000000 -3.372941 
19.400000 18.100000 -3.372953 
19.400000 18.200000 -3.372968 
19.400000 18.300000 -3.372982 
19.400000 18.400000 -3.372995 
19.400000 18.500000 -3.373005 
19.400000 18.600000 -3.373012 
19.400000 18.700000 -3.373016 
19.400000 18.800000 -3.373019 
19.400000 18.900000 -3.373022 
19.400000 19.000000 -3.373026 
19.400000 19.100000 -3.373033 
19.400000 19.200000 -3.373041 
19.400000 19.300000 -3.373050 
19.400000 19.400000 -3.373057 
19.400000 19.500000 -3.373061 
19.400000 19.600000 -3.373062 
19.400000 19.700000 -3.373061 
19.400000 19.800000 -3.373058 
19.400000 19.900000 -3.373055 
19.400000 20.000000 -3.373054 
19.400000 20.100000 -3.373055 
19.400000 20.200000 -3.373058 
19.400000 20.300000 -3.373061 
19.400000 20.400000 -3.373062 
19.400000 20.500000 -3.373061 
19.400000 20.600000 -3.373057 
19.400000 20.700000 -3.373050 
19.400000 20.800000 -3.373041 
19.400000 20.900000 -3.373033 
19.400000 21.000000 -3.373026 
19.400000 21.100000 -3.373022 
19.400000 21.200000 -3.373019 
19.400000 21.300000 -3.373016 
19.400000 21.400000 -3.373012 
19.400000 21.500000 -3.373005 
19.400000 21.600000 -3.372995 
19.400000 21.700000 -3.372982 
19.400000 21.800000 -3.372968 
19.400000 21.900000 -3.372953 
19.500000 18.000000 -3.372945 
19.500000 18.100000 -3.372958 
19.500000 18.200000 -3.372972 
19.500000 18.300000 -3.372986 
19.500000 18.400000 -3.372999 
19.500000 18.500000 -3.373009 
19.500000 18.600000 -3.373016 
19.500000 18.700000 -3.373020 
19.500000 18.800000 -3.373023 
19.500000 18.900000 -3.373026 
19.500000 19.000000 -3.373031 
19.500000 19.100000 -3.373037 
19.500000 19.200000 -3.373045 
19.500000 19.300000 -3.373054 
19.500000 19.400000 -3.373061 
19.500000 19.500000 -3.373065 
19.500000 19.600000 -3.373067 
19.500000 19.700000 -3.373065 
19.500000 19.800000 -3.373062 
19.500000 19.900000 -3.373059 
19.500000 20.000000 -3.373058 
19.500000 20.100000 -3.373059 
19.500000 20.200000 -3.373062 
19.500000 20.300000 -3.373065 
19.500000 20.400000 -3.373067 
19.500000 20.500000 -3.373065 
19.500000 20.600000 -3.373061 
19.500000 20.700000 -3.373054 
19.500000 20.800000 -3.373045 
19.500000 20.900000 -3.373037 
19.500000 21.000000 -3.373031 
19.500000 21.100000 -3.373026 
19.500000 21.200000 -3.373023 
19.500000 21.300000 -3.373020 
19.500000 21.400000 -3.373016 
19.500000 21.500000 -3.373009 
19.500000 21.600000 -3.372999 
19.500000 21.700000 -3.372986 
19.500000 21.800000 -3.372972 
19.500000 21.900000 -3.372958 
19.600000 18.000000 -3.372946 
19.600000 18.100000 -3.372959 
19.600000 18.200000 -3.372973 
19.600000 18.300000 -3.372987 
19.600000 18.400000 -3.373000 
19.600000 18.500000 -3.373011 
19.600000 18.600000 -3.373017 
19.600000 18.700000 -3.373022 
19.600000 18.800000 -3.373024 
19.600000 18.900000 -3.373027 
19.600000 19.000000 -3.373032 
19.600000 19.100000 -3.373038 
19.600000 19.200000 -3.373047 
19.600000 19.300000 -3.373055 
19.600000 19.400000 -3.373062 
19.600000 19.500000 -3.373067 
19.600000 19.600000 -3.373068 
19.600000 19.700000 -3.373066 
19.600000 19.800000 -3.373063 
19.600000 19.900000 -3.373060 
19.600000 20.000000 -3.373059 
19.600000 20.100000 -3.373060 
19.600000 20.200000 -3.373063 
19.600000 20.300000 -3.373066 
19.600000 20.400000 -3.373068 
19.600000 20.500000 -3.373067 
19.600000 20.600000 -3.373062 
19.600000 20.700000 -3.373055 
19.600000 20.800000 -3.373047 
19.600000 20.900000 -3.373038 
19.600000 21.000000 -3.373032 
19.600000 21.100000 -3.373027 
19.600000 21.200000 -3.373024 
19.600000 21.300000 -3.373022 
19.600000 21.400000 -3.373017 
19.600000 21.500000 -3.373011 
19.600000 21.600000 -3.373000 
19.600000 21.700000 -3.372987 
19.600000 21.800000 -3.372973 
19.600000 21.900000 -3.372959 
19.700000 18.000000 -3.372945 
19.700000 18.100000 -3.372957 
19.700000 18.200000 -3.372971 
19.700000 18.300000 -3.372986 
19.700000 18.400000 -3.372999 
19.700000 18.500000 -3.373009 
19.700000 18.600000 -3.373016 
19.700000 18.700000 -3.373020 
19.700000 18.800000 -3.373023 
19.700000 18.900000 -3.373026 
19.700000 19.000000 -3.373030 
19.700000 19.100000 -3.373037 
19.700000 19.200000 -3.373045 
19.700000 19.300000 -3.373053 
19.700000 19.400000 -3.373061 
19.700000 19.500000 -3.373065 
19.700000 19.600000 -3.373066 
19.700000 19.700000 -3.373064 
19.700000 19.800000 -3.373061 
19.700000 19.900000 -3.373059 
19.700000 20.000000 -3.373058 
19.700000 20.100000 -3.373059 
19.700000 20.200000 -3.373061 
19.700000 20.300000 -3.373064 
19.700000 20.400000 -3.373066 
19.700000 20.500000 -3.373065 
19.700000 20.600000 -3.373061 
19.700000 20.700000 -3.373053 
19.700000 20.800000 -3.373045 
19.700000 20.900000 -3.373037 
19.700000 21.000000 -3.373030 
19.700000 21.100000 -3.373026 
19.700000 21.200000 -3.373023 
19.700000 21.300000 -3.373020 
19.700000 21.400000 -3.373016 
19.700000 21.500000 -3.373009 
19.700000 21.600000 -3.372999 
19.700000 21.700000 -3.372986 
19.700000 21.800000 -3.372971 
19.700000 21.900000 -3.372957 
19.800000 18.000000 -3.372942 
19.800000 18.100000 -3.372954 
19.800000 18.200000 -3.372968 
19.800000 18.300000 -3.372983 
19.800000 18.400000 -3.372996 
19.800000 18.500000 -3.373006 
19.800000 18.600000 -3.373013 
19.800000 18.700000 -3.373017 
19.800000 18.800000 -3.373020 
19.800000 18.900000 -3.373023 
19.800000 19.000000 -3.373027 
19.800000 19.100000 -3.373034 
19.800000 19.200000 -3.373042 
19.800000 19.300000 -3.373050 
19.800000 19.400000 -3.373058 
19.800000 19.500000 -3.373062 
19.800000 19.600000 -3.373063 
19.800000 19.700000 -3.373061 
19.800000 19.800000 -3.373058 
19.800000 19.900000 -3.373056 
19.800000 20.000000 -3.373055 
19.800000 20.100000 -3.373056 
19.800000 20.200000 -3.373058 
19.800000 20.300000 -3.373061 
19.800000 20.400000 -3.373063 
19.800000 20.500000 -3.373062 
19.800000 20.600000 -3.373058 
19.800000 20.700000 -3.373050 
19.800000 20.800000 -3.373042 
19.800000 20.900000 -3.373034 
19.800000 21.000000 -3.373027 
19.800000 21.100000 -3.373023 
19.800000 21.200000 -3.373020 
19.800000 21.300000 -3.373017 
19.800000 21.400000 -3.373013 
19.800000 21.500000 -3.373006 
19.800000 21.600000 -3.372996 
19.800000 21.700000 -3.372983 
19.800000 21.800000 -3.372968 
19.800000 21.900000 -3.372954 
19.900000 18.000000 -3.372939 
19.900000 18.100000 -3.372952 
19.900000 18.200000 -3.372966 
19.900000 18.300000 -3.372980 
19.900000 18.400000 -3.372993 
19.900000 18.500000 -3.373003 
19.900000 18.600000 -3.373010 
19.900000 18.700000 -3.373014 
19.900000 18.800000 -3.373017 
19.900000 18.900000 -3.373020 
19.900000 19.000000 -3.373024 
19.900000 19.100000 -3.373031 
19.900000 19.200000 -3.373039 
19.900000 19.300000 -3.373048 
19.900000 19.400000 -3.373055 
19.900000 19.500000 -3.373059 
19.900000 19.600000 -3.373060 
19.900000 19.700000 -3.373059 
19.900000 19.800000 -3.373056 
19.900000 19.900000 -3.373053 
19.900000 20.000000 -3.373052 
19.900000 20.100000 -3.373053 
19.900000 20.200000 -3.373056 
19.900000 20.300000 -3.373059 
19.900000 20.400000 -3.373060 
19.900000 20.500000 -3.373059 
19.900000 20.600000 -3.373055 
19.900000 20.700000 -3.373048 
19.900000 20.800000 -3.373039 
19.900000 20.900000 -3.373031 
19.900000 21.000000 -3.373024 
19.900000 21.100000 -3.373020 
19.900000 21.200000 -3.373017 
19.900000 21.300000 -3.373014 
19.900000 21.400000 -3.373010 
19.900000 21.500000 -3.373003 
19.900000 21.600000 -3.372993 
19.900000 21.700000 -3.372980 
19.900000 21.800000 -3.372966 
19.900000 21.900000 -3.372952 
20.000000 18.000000 -3.372938 
20.000000 18.100000 -3.372950 
20.000000 18.200000 -3.372965 
20.000000 18.300000 -3.372979 
20.000000 18.400000 -3.372992 
20.000000 18.500000 -3.373002 
20.000000 18.600000 -3.373009 
20.000000 18.700000 -3.373013 
20.000000 18.800000 -3.373016 
20.000000 18.900000 -3.373019 
20.000000 19.000000 -3.373023 
20.000000 19.100000 -3.373030 
20.000000 19.200000 -3.373038 
20.000000 19.300000 -3.373047 
20.000000 19.400000 -3.373054 
20.000000 19.500000 -3.373058 
20.000000 19.600000 -3.373059 
20.000000 19.700000 -3.373058 
20.000000 19.800000 -3.373055 
20.000000 19.900000 -3.373052 
20.000000 20.000000 -3.373051 
20.000000 20.100000 -3.373052 
20.000000 20.200000 -3.373055 
20.000000 20.300000 -3.373058 
20.000000 20.400000 -3.373059 
20.000000 20.500000 -3.373058 
20.000000 20.600000 -3.373054 
20.000000 20.700000 -3.373047 
20.000000 20.800000 -3.373038 
20.000000 20.900000 -3.373030 
20.000000 21.000000 -3.373023 
20.000000 21.100000 -3.373019 
20.000000 21.200000 -3.373016 
20.000000 21.300000 -3.373013 
20.000000 21.400000 -3.373009 
20.000000 21.500000 -3.373002 
20.000000 21.600000 -3.372992 
20.000000 21.700000 -3.372979 
20.000000 21.800000 -3.372965 
20.000000 21.900000 -3.372950 
20.100000 18.000000 -3.372939 
20.100000 18.100000 -3.372952 
20.100000 18.200000 -3.372966 
20.100000 18.300000 -3.372980 
20.100000 18.400000 -3.372993 
20.100000 18.500000 -3.373003 
20.100000 18.600000 -3.373010 
20.100000 18.700000 -3.373014 
20.100000 18.800000 -3.373017 
20.100000 18.900000 -3.373020 
20.100000 19.000000 -3.373024 
20.100000 19.100000 -3.373031 
20.100000 19.200000 -3.373039 
20.100000 19.300000 -3.373048 
20.100000 19.400000 -3.373055 
20.100000 19.500000 -3.373059 
20.100000 19.600000 -3.373060 
20.100000 19.700000 -3.373059 
20.100000 19.800000 -3.373056 
20.100000 19.900000 -3.373053 
20.100000 20.000000 -3.373052 
20.100000 20.100000 -3.373053 
20.100000 20.200000 -3.373056 
20.100000 20.300000 -3.373059 
20.100000 20.400000 -3.373060 
20.100000 20.500000 -3.373059 
20.100000 20.600000 -3.373055 
20.100000 20.700000 -3.373048 
20.100000 20.800000 -3.373039 
20.100000 20.900000 -3.373031 
20.100000 21.000000 -3.373024 
20.100000 21.100000 -3.373020 
20.100000 21.200000 -3.373017 
20.100000 21.300000 -3.373014 
20.100000 21.400000 -3.373010 
20.100000 21.500000 -3.373003 
20.100000 21.600000 -3.372993 
20.100000 21.700000 -3.372980 
20.100000 21.800000 -3.372966 
20.100000 21.900000 -3.372952 
20.200000 18.000000 -3.372942 
20.200000 18.100000 -3.372954 
20.200000 18.200000 -3.372968 
20.200000 18.300000 -3.372983 
20.200000 18.400000 -3.372996 
20.200000 18.500000 -3.373006 
20.200000 18.600000 -3.373013 
20.200000 18.700000 -3.373017 
20.200000 18.800000 -3.373020 
20.200000 18.900000 -3.373023 
20.200000 19.000000 -3.373027 
20.200000 19.100000 -3.373034 
20.200000 19.200000 -3.373042 
20.200000 19.300000 -3.373050 
20.200000 19.400000 -3.373058 
20.200000 19.500000 -3.373062 
20.200000 19.600000 -3.373063 
20.200000 19.700000 -3.373061 
20.200000 19.800000 -3.373058 
20.200000 19.900000 -3.373056 
20.200000 20.000000 -3.373055 
20.200000 20.100000 -3.373056 
20.200000 20.200000 -3.373058 
20.200000 20.300000 -3.373061 
20.200000 20.400000 -3.373063 
20.200000 20.500000 -3.373062 
20.200000 20.600000 -3.373058 
20.200000 20.700000 -3.373050 
20.200000 20.800000 -3.373042 
20.200000 20.900000 -3.373034 
20.200000 21.000000 -3.373027 
20.200000 21.100000 -3.373023 
20.200000 21.200000 -3.373020 
20.200000 21.300000 -3.373017 
20.200000 21.400000 -3.373013 
20.200000 21.500000 -3.373006 
20.200000 21.600000 -3.372996 
20.200000 21.700000 -3.372983 
20.200000 21.800000 -3.372968 
20.200000 21.900000 -3.372954 
20.300000 18.000000 -3.372945 
20.300000 18.100000 -3.372957 
20.300000 18.200000 -3.372971 
20.300000 18.300000 -3.372986 
20.300000 18.400000 -3.372999 
20.300000 18.500000 -3.373009 
20.300000 18.600000 -3.373016 
20.300000 18.700000 -3.373020 
20.300000 18.800000 -3.373023 
20.300000 18.900000 -3.373026 
20.300000 19.000000 -3.373030 
20.300000 19.100000 -3.373037 
20.300000 19.200000 -3.373045 
20.300000 19.300000 -3.373053 
20.300000 19.400000 -3.373061 
20.300000 19.500000 -3.373065 
20.300000 19.600000 -3.373066 
20.300000 19.700000 -3.373064 
20.300000 19.800000 -3.373061 
20.300000 19.900000 -3.373059 
20.300000 20.000000 -3.373058 
20.300000 20.100000 -3.373059 
20.300000 20.200000 -3.373061 
20.300000 20.300000 -3.373064 
20.300000 20.400000 -3.373066 
20.300000 20.500000 -3.373065 
20.300000 20.600000 -3.373061 
20.300000 20.700000 -3.373053 
20.300000 20.800000 -3.373045 
20.300000 20.900000 -3.373037 
20.300000 21.000000 -3.373030 
20.300000 21.100000 -3.373026 
20.300000 21.200000 -3.373023 
20.300000 21.300000 -3.373020 
20.300000 21.400000 -3.373016 
20.300000 21.500000 -3.373009 
20.300000 21.600000 -3.372999 
20.300000 21.700000 -3.372986 
20.300000 21.800000 -3.372971 
20.300000 21.900000 -3.372957 
20.400000 18.000000 -3.372946 
20.400000 18.100000 -3.372959 
20.400000 18.200000 -3.372973 
20.400000 18.300000 -3.372987 
20.400000 18.400000 -3.373000 
20.400000 18.500000 -3.373011 
20.400000 18.600000 -3.373017 
20.400000 18.700000 -3.373022 
20.400000 18.800000 -3.373024 
20.400000 18.900000 -3.373027 
20.400000 19.000000 -3.373032 
20.400000 19.100000 -3.373038 
20.400000 19.200000 -3.373047 
20.400000 19.300000 -3.373055 
20.400000 19.400000 -3.373062 
20.400000 19.500000 -3.373067 
20.400000 19.600000 -3.373068 
20.400000 19.700000 -3.373066 
20.400000 19.800000 -3.373063 
20.400000 19.900000 -3.373060 
20.400000 20.000000 -3.373059 
20.400000 20.100000 -3.373060 
20.400000 20.200000 -3.373063 
20.400000 20.300000 -3.373066 
20.400000 20.400000 -3.373068 
20.400000 20.500000 -3.373067 
20.400000 20.600000 -3.373062 
20.400000 20.700000 -3.373055 
20.400000 20.800000 -3.373047 
20.400000 20.900000 -3.373038 
20.400000 21.000000 -3.373032 
20.400000 21.100000 -3.373027 
20.400000 21.200000 -3.373024 
20.400000 21.300000 -3.373022 
20.400000 21.400000 -3.373017 
20.400000 21.500000 -3.373011 
20.400000 21.600000 -3.373000 
20.400000 21.700000 -3.372987 
20.400000 21.800000 -3.372973 
20.400000 21.900000 -3.372959 
20.500000 18.000000 -3.372945 
20.500000 18.100000 -3.372958 
20.500000 18.200000 -3.372972 
20.500000 18.300000 -3.372986 
20.500000 18.400000 -3.372999 
20.500000 18.500000 -3.373009 
20.500000 18.600000 -3.373016 
20.500000 18.700000 -3.373020 
20.500000 18.800000 -3.373023 
20.500000 18.900000 -3.373026 
20.500000 19.000000 -3.373031 
20.500000 19.100000 -3.373037 
20.500000 19.200000 -3.373045 
20.500000 19.300000 -3.373054 
20.500000 19.400000 -3.373061 
20.500000 19.500000 -3.373065 
20.500000 19.600000 -3.373067 
20.500000 19.700000 -3.373065 
20.500000 19.800000 -3.373062 
20.500000 19.900000 -3.373059 
20.500000 20.000000 -3.373058 
20.500000 20.100000 -3.373059 
20.500000 20.200000 -3.373062 
20.500000 20.300000 -3.373065 
20.500000 20.400000 -3.373067 
20.500000 20.500000 -3.373065 
20.500000 20.600000 -3.373061 
20.500000 20.700000 -3.373054 
20.500000 20.800000 -3.373045 
20.500000 20.900000 -3.373037 
20.500000 21.000000 -3.373031 
20.500000 21.100000 -3.373026 
20.500000 21.200000 -3.373023 
20.500000 21.300000 -3.373020 
20.500000 21.400000 -3.373016 
20.500000 21.500000 -3.373009 
20.500000 21.600000 -3.372999 
20.500000 21.700000 -3.372986 
20.500000 21.800000 -3.372972 
20.500000 21.900000 -3.372958 
20.600000 18.000000 -3.372941 
20.600000 18.100000 -3.372953 
20.600000 18.200000 -3.372968 
20.600000 18.300000 -3.372982 
20.600000 18.400000 -3.372995 
20.600000 18.500000 -3.373005 
20.600000 18.600000 -3.373012 
20.600000 18.700000 -3.373016 
20.600000 18.800000 -3.373019 
20.600000 18.900000 -3.373022 
20.600000 19.000000 -3.373026 
20.600000 19.100000 -3.373033 
20.600000 19.200000 -3.373041 
20.600000 19.300000 -3.373050 
20.600000 19.400000 -3.373057 
20.600000 19.500000 -3.373061 
20.600000 19.600000 -3.373062 
20.600000 19.700000 -3.373061 
20.600000 19.800000 -3.373058 
20.600000 19.900000 -3.373055 
20.600000 20.000000 -3.373054 
20.600000 20.100000 -3.373055 
20.600000 20.200000 -3.373058 
20.600000 20.300000 -3.373061 
20.600000 20.400000 -3.373062 
20.600000 20.500000 -3.373061 
20.600000 20.600000 -3.373057 
20.600000 20.700000 -3.373050 
20.600000 20.800000 -3.373041 
20.600000 20.900000 -3.373033 
20.600000 21.000000 -3.373026 
20.600000 21.100000 -3.373022 
20.600000 21.200000 -3.373019 
20.600000 21.300000 -3.373016 
20.600000 21.400000 -3.373012 
20.600000 21.500000 -3.373005 
20.600000 21.600000 -3.372995 
20.600000 21.700000 -3.372982 
20.600000 21.800000 -3.372968 
20.600000 21.900000 -3.372953 
20.700000 18.000000 -3.372934 
20.700000 18.100000 -3.372946 
20.700000 18.200000 -3.372960 
20.700000 18.300000 -3.372975 
20.700000 18.400000 -3.372988 
20.700000 18.500000 -3.372998 
20.700000 18.600000 -3.373005 
20.700000 18.700000 -3.373009 
20.700000 18.800000 -3.373012 
20.700000 18.900000 -3.373015 
20.700000 19.000000 -3.373019 
20.700000 19.100000 -3.373026 
20.700000 19.200000 -3.373034 
20.700000 19.300000 -3.373042 
20.700000 19.400000 -3.373050 
20.700000 19.500000 -3.373054 
20.700000 19.600000 -3.373055 
20.700000 19.700000 -3.373053 
20.700000 19.800000 -3.373050 
20.700000 19.900000 -3.373048 
20.700000 20.000000 -3.373047 
20.700000 20.100000 -3.373048 
20.700000 20.200000 -3.373050 
20.700000 20.300000 -3.373053 
20.700000 20.400000 -3.373055 
20.700000 20.500000 -3.373054 
20.700000 20.600000 -3.373050 
20.700000 20.700000 -3.373042 
20.700000 20.800000 -3.373034 
20.700000 20.900000 -3.373026 
20.700000 21.000000 -3.373019 
20.700000 21.100000 -3.373015 
20.700000 21.200000 -3.373012 
20.700000 21.300000 -3.373009 
20.700000 21.400000 -3.373005 
20.700000 21.500000 -3.372998 
20.700000 21.600000 -3.372988 
20.700000 21.700000 -3.372975 
20.700000 21.800000 -3.372960 
20.700000 21.900000 -3.372946 
20.800000 18.000000 -3.372925 
20.800000 18.100000 -3.372938 
20.800000 18.200000 -3.372952 
20.800000 18.300000 -3.372966 
20.800000 18.400000 -3.372979 
20.800000 18.500000 -3.372990 
20.800000 18.600000 -3.372996 
20.800000 18.700000 -3.373000 
20.800000 18.800000 -3.373003 
20.800000 18.900000 -3.373006 
20.800000 19.000000 -3.373011 
20.800000 19.100000 -3.373017 
20.800000 19.200000 -3.373025 
20.800000 19.300000 -3.373034 
20.800000 19.400000 -3.373041 
20.800000 19.500000 -3.373045 
20.800000 19.600000 -3.373047 
20.800000 19.700000 -3.373045 
20.800000 19.800000 -3.373042 
20.800000 19.900000 -3.373039 
20.800000 20.000000 -3.373038 
20.800000 20.100000 -3.373039 
20.800000 20.200000 -3.373042 
20.800000 20.300000 -3.373045 
20.800000 20.400000 -3.373047 
20.800000 20.500000 -3.373045 
20.800000 20.600000 -3.373041 
20.800000 20.700000 -3.373034 
20.800000 20.800000 -3.373025 
20.800000 20.900000 -3.373017 
20.800000 21.000000 -3.373011 
20.800000 21.100000 -3.373006 
20.800000 21.200000 -3.373003 
20.800000 21.300000 -3.373000 
20.800000 21.400000 -3.372996 
20.800000 21.500000 -3.372990 
20.800000 21.600000 -3.372979 
20.800000 21.700000 -3.372966 
20.800000 21.800000 -3.372952 
20.800000 21.900000 -3.372938 
20.900000 18.000000 -3.372917 
20.900000 18.100000 -3.372929 
20.900000 18.200000 -3.372944 
20.900000 18.300000 -3.372958 
20.900000 18.400000 -3.372971 
20.900000 18.500000 -3.372981 
20.900000 18.600000 -3.372988 
20.900000 18.700000 -3.372992 
20.900000 18.800000 -3.372995 
20.900000 18.900000 -3.372998 
20.900000 19.000000 -3.373002 
20.900000 19.100000 -3.373009 
20.900000 19.200000 -3.373017 
20.900000 19.300000 -3.373026 
20.900000 19.400000 -3.373033 
20.900000 19.500000 -3.373037 
20.900000 19.600000 -3.373038 
20.900000 19.700000 -3.373037 
20.900000 19.800000 -3.373034 
20.900000 19.900000 -3.373031 
20.900000 20.000000 -3.373030 
20.900000 20.100000 -3.373031 
20.900000 20.200000 -3.373034 
20.900000 20.300000 -3.373037 
20.900000 20.400000 -3.373038 
20.900000 20.500000 -3.373037 
20.900000 20.600000 -3.373033 
20.900000 20.700000 -3.373026 
20.900000 20.800000 -3.373017 
20.900000 20.900000 -3.373009 
20.900000 21.000000 -3.373002 
20.900000 21.100000 -3.372998 
20.900000 21.200000 -3.372995 
20.900000 21.300000 -3.372992 
20.900000 21.400000 -3.372988 
20.900000 21.500000 -3.372981 
20.900000 21.600000 -3.372971 
20.900000 21.700000 -3.372958 
20.900000 21.800000 -3.372944 
20.900000 21.900000 -3.372929 
21.000000 18.000000 -3.372910 
21.000000 18.100000 -3.372923 
21.000000 18.200000 -3.372937 
21.000000 18.300000 -3.372952 
21.000000 18.400000 -3.372965 
21.000000 18.500000 -3.372975 
21.000000 18.600000 -3.372982 
21.000000 18.700000 -3.372986 
21.000000 18.800000 -3.372988 
21.000000 18.900000 -3.372991 
21.000000 19.000000 -3.372996 
21.000000 19.100000 -3.373002 
21.000000 19.200000 -3.373011 
21.000000 19.300000 -3.373019 
21.000000 19.400000 -3.373026 
21.000000 19.500000 -3.373031 
21.000000 19.600000 -3.373032 
21.000000 19.700000 -3.373030 
21.000000 19.800000 -3.373027 
21.000000 19.900000 -3.373024 
21.000000 20.000000 -3.373023 
21.000000 20.100000 -3.373024 
21.000000 20.200000 -3.373027 
21.000000 20.300000 -3.373030 
21.000000 20.400000 -3.373032 
21.000000 20.500000 -3.373031 
21.000000 20.600000 -3.373026 
21.000000 20.700000 -3.373019 
21.000000 20.800000 -3.373011 
21.000000 20.900000 -3.373002 
21.000000 21.000000 -3.372996 
21.000000 21.100000 -3.372991 
21.000000 21.200000 -3.372988 
21.000000 21.300000 -3.372986 
21.000000 21.400000 -3.372982 
21.000000 21.500000 -3.372975 
21.000000 21.600000 -3.372965 
21.000000 21.700000 -3.372952 
21.000000 21.800000 -3.372937 
21.000000 21.900000 -3.372923 
21.100000 18.000000 -3.372906 
21.100000 18.100000 -3.372918 
21.100000 18.200000 -3.372933 
21.100000 18.300000 -3.372947 
21.100000 18.400000 -3.372960 
21.100000 18.500000 -3.372970 
21.100000 18.600000 -3.372977 
21.100000 18.700000 -3.372981 
21.100000 18.800000 -3.372984 
21.100000 18.900000 -3.372987 
21.100000 19.000000 -3.372991 
21.100000 19.100000 -3.372998 
21.100000 19.200000 -3.373006 
21.100000 19.300000 -3.373015 
21.100000 19.400000 -3.373022 
21.100000 19.500000 -3.373026 
21.100000 19.600000 -3.373027 
21.100000 19.700000 -3.373026 
21.100000 19.800000 -3.373023 
21.100000 19.900000 -3.373020 
21.100000 20.000000 -3.373019 
21.100000 20.100000 -3.373020 
21.100000 20.200000 -3.373023 
21.100000 20.300000 -3.373026 
21.100000 20.400000 -3.373027 
21.100000 20.500000 -3.373026 
21.100000 20.600000 -3.373022 
21.100000 20.700000 -3.373015 
21.100000 20.800000 -3.373006 
21.100000 20.900000 -3.372998 
21.100000 21.000000 -3.372991 
21.100000 21.100000 -3.372987 
21.100000 21.200000 -3.372984 
21.100000 21.300000 -3.372981 
21.100000 21.400000 -3.372977 
21.100000 21.500000 -3.372970 
21.100000 21.600000 -3.372960 
21.100000 21.700000 -3.372947 
21.100000 21.800000 -3.372933 
21.100000 21.900000 -3.372918 
21.200000 18.000000 -3.372903 
21.200000 18.100000 -3.372915 
21.200000 18.200000 -3.372930 
21.200000 18.300000 -3.372944 
21.200000 18.400000 -3.372957 
21.200000 18.500000 -3.372967 
21.200000 18.600000 -3.372974 
21.200000 18.700000 -3.372978 
21.200000 18.800000 -3.372981 
21.200000 18.900000 -3.372984 
21.200000 19.000000 -3.372988 
21.200000 19.100000 -3.372995 
21.200000 19.200000 -3.373003 
21.200000 19.300000 -3.373012 
21.200000 19.400000 -3.373019 
21.200000 19.500000 -3.373023 
21.200000 19.600000 -3.373024 
21.200000 19.700000 -3.373023 
21.200000 19.800000 -3.373020 
21.200000 19.900000 -3.373017 
21.200000 20.000000 -3.373016 
21.200000 20.100000 -3.373017 
21.200000 20.200000 -3.373020 
21.200000 20.300000 -3.373023 
21.200000 20.400000 -3.373024 
21.200000 20.500000 -3.373023 
21.200000 20.600000 -3.373019 
21.200000 20.700000 -3.373012 
21.200000 20.800000 -3.373003 
21.200000 20.900000 -3.372995 
21.200000 21.000000 -3.372988 
21.200000 21.100000 -3.372984 
21.200000 21.200000 -3.372981 
21.200000 21.300000 -3.372978 
21.200000 21.400000 -3.372974 
21.200000 21.500000 -3.372967 
21.200000 21.600000 -3.372957 
21.200000 21.700000 -3.372944 
21.200000 21.800000 -3.372930 
21.200000 21.900000 -3.372915 
21.300000 18.000000 -3.372900 
21.300000 18.100000 -3.372913 
21.300000 18.200000 -3.372927 
21.300000 18.300000 -3.372941 
21.300000 18.400000 -3.372954 
21.300000 18.500000 -3.372965 
21.300000 18.600000 -3.372971 
21.300000 18.700000 -3.372976 
21.300000 18.800000 -3.372978 
21.300000 18.900000 -3.372981 
21.300000 19.000000 -3.372986 
21.300000 19.100000 -3.372992 
21.300000 19.200000 -3.373000 
21.300000 19.300000 -3.373009 
21.300000 19.400000 -3.373016 
21.300000 19.500000 -3.373020 
21.300000 19.600000 -3.373022 
21.300000 19.700000 -3.373020 
21.300000 19.800000 -3.373017 
21.300000 19.900000 -3.373014 
21.300000 20.000000 -3.373013 
21.300000 20.100000 -3.373014 
21.300000 20.200000 -3.373017 
21.300000 20.300000 -3.373020 
21.300000 20.400000 -3.373022 
21.300000 20.500000 -3.373020 
21.300000 20.600000 -3.373016 
21.300000 20.700000 -3.373009 
21.300000 20.800000 -3.373000 
21.300000 20.900000 -3.372992 
21.300000 21.000000 -3.372986 
21.300000 21.100000 -3.372981 
21.300000 21.200000 -3.372978 
21.300000 21.300000 -3.372976 
21.300000 21.400000 -3.372971 
21.300000 21.500000 -3.372965 
21.300000 21.600000 -3.372954 
21.300000 21.700000 -3.372941 
21.300000 21.800000 -3.372927 
21.300000 21.900000 -3.372913 
21.400000 18.000000 -3.372896 
21.400000 18.100000 -3.372909 
21.400000 18.200000 -3.372923 
21.400000 18.300000 -3.372937 
21.400000 18.400000 -3.372950 
21.400000 18.500000 -3.372961 
21.400000 18.600000 -3.372967 
21.400000 18.700000 -3.372971 
21.400000 18.800000 -3.372974 
21.400000 18.900000 -3.372977 
21.400000 19.000000 -3.372982 
21.400000 19.100000 -3.372988 
21.400000 19.200000 -3.372996 
21.400000 19.300000 -3.373005 
21.400000 19.400000 -3.373012 
21.400000 19.500000 -3.373016 
21.400000 19.600000 -3.373017 
21.400000 19.700000 -3.373016 
21.400000 19.800000 -3.373013 
21.400000 19.900000 -3.373010 
21.400000 20.000000 -3.373009 
21.400000 20.100000 -3.373010 
21.400000 20.200000 -3.373013 
21.400000 20.300000 -3.373016 
21.400000 20.400000 -3.373017 
21.400000 20.500000 -3.373016 
21.400000 20.600000 -3.373012 
21.400000 20.700000 -3.373005 
21.400000 20.800000 -3.372996 
21.400000 20.900000 -3.372988 
21.400000 21.000000 -3.372982 
21.400000 21.100000 -3.372977 
21.400000 21.200000 -3.372974 
21.400000 21.300000 -3.372971 
21.400000 21.400000 -3.372967 
21.400000 21.500000 -3.372961 
21.400000 21.600000 -3.372950 
21.400000 21.700000 -3.372937 
21.400000 21.800000 -3.372923 
21.400000 21.900000 -3.372909 
21.500000 18.000000 -3.372889 
21.500000 18.100000 -3.372902 
21.500000 18.200000 -3.372916 
21.500000 18.300000 -3.372931 
21.500000 18.400000 -3.372944 
21.500000 18.500000 -3.372954 
21.500000 18.600000 -3.372961 
21.500000 18.700000 -3.372965 
21.500000 18.800000 -3.372967 
21.500000 18.900000 -3.372970 
21.500000 19.000000 -3.372975 
21.500000 19.100000 -3.372981 
21.500000 19.200000 -3.372990 
21.500000 19.300000 -3.372998 
21.500000 19.400000 -3.373005 
21.500000 19.500000 -3.373009 
21.500000 19.600000 -3.373011 
21.500000 19.700000 -3.373009 
21.500000 19.800000 -3.373006 
21.500000 19.900000 -3.373003 
21.500000 20.000000 -3.373002 
21.500000 20.100000 -3.373003 
21.500000 20.200000 -3.373006 
21.500000 20.300000 -3.373009 
21.500000 20.400000 -3.373011 
21.500000 20.500000 -3.373009 
21.500000 20.600000 -3.373005 
21.500000 20.700000 -3.372998 
21.500000 20.800000 -3.372990 
21.500000 20.900000 -3.372981 
21.500000 21.000000 -3.372975 
21.500000 21.100000 -3.372970 
21.500000 21.200000 -3.372967 
21.500000 21.300000 -3.372965 
21.500000 21.400000 -3.372961 
21.500000 21.500000 -3.372954 
21.500000 21.600000 -3.372944 
21.500000 21.700000 -3.372931 
21.500000 21.800000 -3.372916 
21.500000 21.900000 -3.372902 
21.600000 18.000000 -3.372879 
21.600000 18.100000 -3.372892 
21.600000 18.200000 -3.372906 
21.600000 18.300000 -3.372920 
21.600000 18.400000 -3.372933 
21.600000 18.500000 -3.372944 
21.600000 18.600000 -3.372950 
21.600000 18.700000 -3.372954 
21.600000 18.800000 -3.372957 
21.600000 18.900000 -3.372960 
21.600000 19.000000 -3.372965 
21.600000 19.100000 -3.372971 
21.600000 19.200000 -3.372979 
21.600000 19.300000 -3.372988 
21.600000 19.400000 -3.372995 
21.600000 19.500000 -3.372999 
21.600000 19.600000 -3.373000 
21.600000 19.700000 -3.372999 
21.600000 19.800000 -3.372996 
21.600000 19.900000 -3.372993 
21.600000 20.000000 -3.372992 
21.600000 20.100000 -3.372993 
21.600000 20.200000 -3.372996 
21.600000 20.300000 -3.372999 
21.600000 20.400000 -3.373000 
21.600000 20.500000 -3.372999 
21.600000 20.600000 -3.372995 
21.600000 20.700000 -3.372988 
21.600000 20.800000 -3.372979 
21.600000 20.900000 -3.372971 
21.600000 21.000000 -3.372965 
21.600000 21.100000 -3.372960 
21.600000 21.200000 -3.372957 
21.600000 21.300000 -3.372954 
21.600000 21.400000 -3.372950 
21.600000 21.500000 -3.372944 
21.600000 21.600000 -3.372933 
21.600000 21.700000 -3.372920 
21.600000 21.800000 -3.372906 
21.600000 21.900000 -3.372892 
21.700000 18.000000 -3.372866 
21.700000 18.100000 -3.372879 
21.700000 18.200000 -3.372893 
21.700000 18.300000 -3.372907 
21.700000 18.400000 -3.372920 
21.700000 18.500000 -3.372931 
21.700000 18.600000 -3.372937 
21.700000 18.700000 -3.372941 
21.700000 18.800000 -3.372944 
21.700000 18.900000 -3.372947 
21.700000 19.000000 -3.372952 
21.700000 19.100000 -3.372958 
21.700000 19.200000 -3.372966 
21.700000 19.300000 -3.372975 
21.700000 19.400000 -3.372982 
21.700000 19.500000 -3.372986 
21.700000 19.600000 -3.372987 
21.700000 19.700000 -3.372986 
21.700000 19.800000 -3.372983 
21.700000 19.900000 -3.372980 
21.700000 20.000000 -3.372979 
21.700000 20.100000 -3.372980 
21.700000 20.200000 -3.372983 
21.700000 20.300000 -3.372986 
21.700000 20.400000 -3.372987 
21.700000 20.500000 -3.372986 
21.700000 20.600000 -3.372982 
21.700000 20.700000 -3.372975 
21.700000 20.800000 -3.372966 
21.700000 20.900000 -3.372958 
21.700000 21.000000 -3.372952 
21.700000 21.100000 -3.372947 
21.700000 21.200000 -3.372944 
21.700000 21.300000 -3.372941 
21.700000 21.400000 -3.372937 
21.700000 21.500000 -3.372931 
21.700000 21.600000 -3.372920 
21.700000 21.700000 -3.372907 
21.700000 21.800000 -3.372893 
21.700000 21.900000 -3.372879 
21.800000 18.000000 -3.372852 
21.800000 18.100000 -3.372864 
21.800000 18.200000 -3.372879 
21.800000 18.300000 -3.372893 
21.800000 18.400000 -3.372906 
21.800000 18.500000 -3.372916 
21.800000 18.600000 -3.372923 
21.800000 18.700000 -3.372927 
21.800000 18.800000 -3.372930 
21.800000 18.900000 -3.372933 
21.800000 19.000000 -3.372937 
21.800000 19.100000 -3.372944 
21.800000 19.200000 -3.372952 
21.800000 19.300000 -3.372960 
21.800000 19.400000 -3.372968 
21.800000 19.500000 -3.372972 
21.800000 19.600000 -3.372973 
21.800000 19.700000 -3.372971 
21.800000 19.800000 -3.372968 
21.800000 19.900000 -3.372966 
21.800000 20.000000 -3.372965 
21.800000 20.100000 -3.372966 
21.800000 20.200000 -3.372968 
21.800000 20.300000 -3.372971 
21.800000 20.400000 -3.372973 
21.800000 20.500000 -3.372972 
21.800000 20.600000 -3.372968 
21.800000 20.700000 -3.372960 
21.800000 20.800000 -3.372952 
21.800000 20.900000 -3.372944 
21.800000 21.000000 -3.372937 
21.800000 21.100000 -3.372933 
21.800000 21.200000 -3.372930 
21.800000 21.300000 -3.372927 
21.800000 21.400000 -3.372923 
21.800000 21.500000 -3.372916 
21.800000 21.600000 -3.372906 
21.800000 21.700000 -3.372893 
21.800000 21.800000 -3.372879 
21.800000 21.900000 -3.372864 
21.900000 18.000000 -3.372838 
21.900000 18.100000 -3.372850 
21.900000 18.200000 -3.372864 
21.900000 18.300000 -3.372879 
21.900000 18.400000 -3.372892 
21.900000 18.500000 -3.372902 
21.900000 18.600000 -3.372909 
21.900000 18.700000 -3.372913 
21.900000 18.800000 -3.372915 
21.900000 18.900000 -3.372918 
21.900000 19.000000 -3.372923 
21.900000 19.100000 -3.372929 
21.900000 19.200000 -3.372938 
21.900000 19.300000 -3.372946 
21.900000 19.400000 -3.372953 
21.900000 19.500000 -3.372958 
21.900000 19.600000 -3.372959 
21.900000 19.700000 -3.372957 
21.900000 19.800000 -3.372954 
21.900000 19.900000 -3.372952 
21.900000 20.000000 -3.372950 
21.900000 20.100000 -3.372952 
21.900000 20.200000 -3.372954 
21.900000 20.300000 -3.372957 
21.900000 20.400000 -3.372959 
21.900000 20.500000 -3.372958 
21.900000 20.600000 -3.372953 
21.900000 20.700000 -3.372946 
21.900000 20.800000 -3.372938 
21.900000 20.900000 -3.372929 
21.900000 21.000000 -3.372923 
21.900000 21.100000 -3.372918 
21.900000 21.200000 -3.372915 
21.900000 21.300000 -3.372913 
21.900000 21.400000 -3.372909 
21.900000 21.500000 -3.372902 
21.900000 21.600000 -3.372892 
21.900000 21.700000 -3.372879 
21.900000 21.800000 -3.372864 
21.900000 21.900000 -3.372850 
