18.200000 18.200000 -1.720117 
18.200000 18.300000 -1.720164 
18.200000 18.400000 -1.720285 
18.200000 18.500000 -1.720458 
18.200000 18.600000 -1.720649 
18.200000 18.700000 -1.720821 
18.200000 18.800000 -1.720941 
18.200000 18.900000 -1.720986 
18.200000 19.000000 -1.720948 
18.200000 19.100000 -1.720835 
18.200000 19.200000 -1.720670 
18.200000 19.300000 -1.720486 
18.200000 19.400000 -1.720320 
18.200000 19.500000 -1.720206 
18.200000 19.600000 -1.720166 
18.200000 19.700000 -1.720209 
18.200000 19.800000 -1.720327 
18.200000 19.900000 -1.720496 
18.200000 20.000000 -1.720684 
18.200000 20.100000 -1.720852 
18.200000 20.200000 -1.720969 
18.200000 20.300000 -1.721010 
18.200000 20.400000 -1.720969 
18.200000 20.500000 -1.720852 
18.200000 20.600000 -1.720684 
18.200000 20.700000 -1.720496 
18.200000 20.800000 -1.720327 
18.200000 20.900000 -1.720209 
18.200000 21.000000 -1.720166 
18.200000 21.100000 -1.720206 
18.200000 21.200000 -1.720320 
18.200000 21.300000 -1.720486 
18.200000 21.400000 -1.720670 
18.200000 21.500000 -1.720835 
18.200000 21.600000 -1.720948 
18.200000 21.700000 -1.720986 
18.200000 21.800000 -1.720941 
18.200000 21.900000 -1.720821 
18.200000 22.000000 -1.720649 
18.200000 22.100000 -1.720458 
18.200000 22.200000 -1.720285 
18.200000 22.300000 -1.720164 
18.300000 18.200000 -1.720164 
18.300000 18.300000 -1.720211 
18.300000 18.400000 -1.720332 
18.300000 18.500000 -1.720504 
18.300000 18.600000 -1.720695 
18.300000 18.700000 -1.720867 
18.300000 18.800000 -1.720987 
18.300000 18.900000 -1.721032 
18.300000 19.000000 -1.720994 
18.300000 19.100000 -1.720881 
18.300000 19.200000 -1.720716 
18.300000 19.300000 -1.720532 
18.300000 19.400000 -1.720367 
18.300000 19.500000 -1.720253 
18.300000 19.600000 -1.720213 
18.300000 19.700000 -1.720256 
18.300000 19.800000 -1.720374 
18.300000 19.900000 -1.720543 
18.300000 20.000000 -1.720730 
18.300000 20.100000 -1.720898 
18.300000 20.200000 -1.721015 
18.300000 20.300000 -1.721056 
18.300000 20.400000 -1.721015 
18.300000 20.500000 -1.720898 
18.300000 20.600000 -1.720730 
18.300000 20.700000 -1.720543 
18.300000 20.800000 -1.720374 
18.300000 20.900000 -1.720256 
18.300000 21.000000 -1.720213 
18.300000 21.100000 -1.720253 
18.300000 21.200000 -1.720367 
18.300000 21.300000 -1.720532 
18.300000 21.400000 -1.720716 
18.300000 21.500000 -1.720881 
18.300000 21.600000 -1.720994 
18.300000 21.700000 -1.721032 
18.300000 21.800000 -1.720987 
18.300000 21.900000 -1.720867 
18.300000 22.000000 -1.720695 
18.300000 22.100000 -1.720504 
18.300000 22.200000 -1.720332 
18.300000 22.300000 -1.720211 
18.400000 18.200000 -1.720285 
18.400000 18.300000 -1.720332 
18.400000 18.400000 -1.720452 
18.400000 18.500000 -1.720624 
18.400000 18.600000 -1.720814 
18.400000 18.700000 -1.720986 
18.400000 18.800000 -1.721105 
18.400000 18.900000 -1.721150 
18.400000 19.000000 -1.721112 
18.400000 19.100000 -1.720999 
18.400000 19.200000 -1.720835 
18.400000 19.300000 -1.720652 
18.400000 19.400000 -1.720487 
18.400000 19.500000 -1.720374 
18.400000 19.600000 -1.720334 
18.400000 19.700000 -1.720377 
18.400000 19.800000 -1.720494 
18.400000 19.900000 -1.720663 
18.400000 20.000000 -1.720849 
18.400000 20.100000 -1.721017 
18.400000 20.200000 -1.721133 
18.400000 20.300000 -1.721174 
18.400000 20.400000 -1.721133 
18.400000 20.500000 -1.721017 
18.400000 20.600000 -1.720849 
18.400000 20.700000 -1.720663 
18.400000 20.800000 -1.720494 
18.400000 20.900000 -1.720377 
18.400000 21.000000 -1.720334 
18.400000 21.100000 -1.720374 
18.400000 21.200000 -1.720487 
18.400000 21.300000 -1.720652 
18.400000 21.400000 -1.720835 
18.400000 21.500000 -1.720999 
18.400000 21.600000 -1.721112 
18.400000 21.700000 -1.721150 
18.400000 21.800000 -1.721105 
18.400000 21.900000 -1.720986 
18.400000 22.000000 -1.720814 
18.400000 22.100000 -1.720624 
18.400000 22.200000 -1.720452 
18.400000 22.300000 -1.720332 
18.500000 18.200000 -1.720458 
18.500000 18.300000 -1.720504 
18.500000 18.400000 -1.720624 
18.500000 18.500000 -1.720795 
18.500000 18.600000 -1.720984 
18.500000 18.700000 -1.721154 
18.500000 18.800000 -1.721273 
18.500000 18.900000 -1.721318 
18.500000 19.000000 -1.721280 
18.500000 19.100000 -1.721168 
18.500000 19.200000 -1.721005 
18.500000 19.300000 -1.720823 
18.500000 19.400000 -1.720659 
18.500000 19.500000 -1.720546 
18.500000 19.600000 -1.720507 
18.500000 19.700000 -1.720550 
18.500000 19.800000 -1.720666 
18.500000 19.900000 -1.720833 
18.500000 20.000000 -1.721019 
18.500000 20.100000 -1.721185 
18.500000 20.200000 -1.721301 
18.500000 20.300000 -1.721342 
18.500000 20.400000 -1.721301 
18.500000 20.500000 -1.721185 
18.500000 20.600000 -1.721019 
18.500000 20.700000 -1.720833 
18.500000 20.800000 -1.720666 
18.500000 20.900000 -1.720550 
18.500000 21.000000 -1.720507 
18.500000 21.100000 -1.720546 
18.500000 21.200000 -1.720659 
18.500000 21.300000 -1.720823 
18.500000 21.400000 -1.721005 
18.500000 21.500000 -1.721168 
18.500000 21.600000 -1.721280 
18.500000 21.700000 -1.721318 
18.500000 21.800000 -1.721273 
18.500000 21.900000 -1.721154 
18.500000 22.000000 -1.720984 
18.500000 22.100000 -1.720795 
18.500000 22.200000 -1.720624 
18.500000 22.300000 -1.720504 
18.600000 18.200000 -1.720649 
18.600000 18.300000 -1.720695 
18.600000 18.400000 -1.720814 
18.600000 18.500000 -1.720984 
18.600000 18.600000 -1.721172 
18.600000 18.700000 -1.721341 
18.600000 18.800000 -1.721459 
18.600000 18.900000 -1.721504 
18.600000 19.000000 -1.721466 
18.600000 19.100000 -1.721355 
18.600000 19.200000 -1.721193 
18.600000 19.300000 -1.721012 
18.600000 19.400000 -1.720849 
18.600000 19.500000 -1.720737 
18.600000 19.600000 -1.720698 
18.600000 19.700000 -1.720741 
18.600000 19.800000 -1.720856 
18.600000 19.900000 -1.721022 
18.600000 20.000000 -1.721206 
18.600000 20.100000 -1.721372 
18.600000 20.200000 -1.721487 
18.600000 20.300000 -1.721528 
18.600000 20.400000 -1.721487 
18.600000 20.500000 -1.721372 
18.600000 20.600000 -1.721206 
18.600000 20.700000 -1.721022 
18.600000 20.800000 -1.720856 
18.600000 20.900000 -1.720741 
18.600000 21.000000 -1.720698 
18.600000 21.100000 -1.720737 
18.600000 21.200000 -1.720849 
18.600000 21.300000 -1.721012 
18.600000 21.400000 -1.721193 
18.600000 21.500000 -1.721355 
18.600000 21.600000 -1.721466 
18.600000 21.700000 -1.721504 
18.600000 21.800000 -1.721459 
18.600000 21.900000 -1.721341 
18.600000 22.000000 -1.721172 
18.600000 22.100000 -1.720984 
18.600000 22.200000 -1.720814 
18.600000 22.300000 -1.720695 
18.700000 18.200000 -1.720821 
18.700000 18.300000 -1.720867 
18.700000 18.400000 -1.720986 
18.700000 18.500000 -1.721154 
18.700000 18.600000 -1.721341 
18.700000 18.700000 -1.721509 
18.700000 18.800000 -1.721627 
18.700000 18.900000 -1.721671 
18.700000 19.000000 -1.721634 
18.700000 19.100000 -1.721523 
18.700000 19.200000 -1.721362 
18.700000 19.300000 -1.721182 
18.700000 19.400000 -1.721021 
18.700000 19.500000 -1.720909 
18.700000 19.600000 -1.720870 
18.700000 19.700000 -1.720912 
18.700000 19.800000 -1.721027 
18.700000 19.900000 -1.721193 
18.700000 20.000000 -1.721376 
18.700000 20.100000 -1.721540 
18.700000 20.200000 -1.721654 
18.700000 20.300000 -1.721695 
18.700000 20.400000 -1.721654 
18.700000 20.500000 -1.721540 
18.700000 20.600000 -1.721376 
18.700000 20.700000 -1.721193 
18.700000 20.800000 -1.721027 
18.700000 20.900000 -1.720912 
18.700000 21.000000 -1.720870 
18.700000 21.100000 -1.720909 
18.700000 21.200000 -1.721021 
18.700000 21.300000 -1.721182 
18.700000 21.400000 -1.721362 
18.700000 21.500000 -1.721523 
18.700000 21.600000 -1.721634 
18.700000 21.700000 -1.721671 
18.700000 21.800000 -1.721627 
18.700000 21.900000 -1.721509 
18.700000 22.000000 -1.721341 
18.700000 22.100000 -1.721154 
18.700000 22.200000 -1.720986 
18.700000 22.300000 -1.720867 
18.800000 18.200000 -1.720941 
18.800000 18.300000 -1.720987 
18.800000 18.400000 -1.721105 
18.800000 18.500000 -1.721273 
18.800000 18.600000 -1.721459 
18.800000 18.700000 -1.721627 
18.800000 18.800000 -1.721744 
18.800000 18.900000 -1.721788 
18.800000 19.000000 -1.721751 
18.800000 19.100000 -1.721641 
18.800000 19.200000 -1.721480 
18.800000 19.300000 -1.721301 
18.800000 19.400000 -1.721140 
18.800000 19.500000 -1.721029 
18.800000 19.600000 -1.720991 
18.800000 19.700000 -1.721032 
18.800000 19.800000 -1.721147 
18.800000 19.900000 -1.721311 
18.800000 20.000000 -1.721494 
18.800000 20.100000 -1.721658 
18.800000 20.200000 -1.721771 
18.800000 20.300000 -1.721812 
18.800000 20.400000 -1.721771 
18.800000 20.500000 -1.721658 
18.800000 20.600000 -1.721494 
18.800000 20.700000 -1.721311 
18.800000 20.800000 -1.721147 
18.800000 20.900000 -1.721032 
18.800000 21.000000 -1.720991 
18.800000 21.100000 -1.721029 
18.800000 21.200000 -1.721140 
18.800000 21.300000 -1.721301 
18.800000 21.400000 -1.721480 
18.800000 21.500000 -1.721641 
18.800000 21.600000 -1.721751 
18.800000 21.700000 -1.721788 
18.800000 21.800000 -1.721744 
18.800000 21.900000 -1.721627 
18.800000 22.000000 -1.721459 
18.800000 22.100000 -1.721273 
18.800000 22.200000 -1.721105 
18.800000 22.300000 -1.720987 
18.900000 18.200000 -1.720986 
18.900000 18.300000 -1.721032 
18.900000 18.400000 -1.721150 
18.900000 18.500000 -1.721318 
18.900000 18.600000 -1.721504 
18.900000 18.700000 -1.721671 
18.900000 18.800000 -1.721788 
18.900000 18.900000 -1.721832 
18.900000 19.000000 -1.721795 
18.900000 19.100000 -1.721685 
18.900000 19.200000 -1.721524 
18.900000 19.300000 -1.721346 
18.900000 19.400000 -1.721185 
18.900000 19.500000 -1.721074 
18.900000 19.600000 -1.721036 
18.900000 19.700000 -1.721078 
18.900000 19.800000 -1.721192 
18.900000 19.900000 -1.721356 
18.900000 20.000000 -1.721538 
18.900000 20.100000 -1.721702 
18.900000 20.200000 -1.721815 
18.900000 20.300000 -1.721856 
18.900000 20.400000 -1.721815 
18.900000 20.500000 -1.721702 
18.900000 20.600000 -1.721538 
18.900000 20.700000 -1.721356 
18.900000 20.800000 -1.721192 
18.900000 20.900000 -1.721078 
18.900000 21.000000 -1.721036 
18.900000 21.100000 -1.721074 
18.900000 21.200000 -1.721185 
18.900000 21.300000 -1.721346 
18.900000 21.400000 -1.721524 
18.900000 21.500000 -1.721685 
18.900000 21.600000 -1.721795 
18.900000 21.700000 -1.721832 
18.900000 21.800000 -1.721788 
18.900000 21.900000 -1.721671 
18.900000 22.000000 -1.721504 
18.900000 22.100000 -1.721318 
18.900000 22.200000 -1.721150 
18.900000 22.300000 -1.721032 
19.000000 18.200000 -1.720948 
19.000000 18.300000 -1.720994 
19.000000 18.400000 -1.721112 
19.000000 18.500000 -1.721280 
19.000000 18.600000 -1.721466 
19.000000 18.700000 -1.721634 
19.000000 18.800000 -1.721751 
19.000000 18.900000 -1.721795 
19.000000 19.000000 -1.721758 
19.000000 19.100000 -1.721648 
19.000000 19.200000 -1.721487 
19.000000 19.300000 -1.721308 
19.000000 19.400000 -1.721147 
19.000000 19.500000 -1.721036 
19.000000 19.600000 -1.720998 
19.000000 19.700000 -1.721039 
19.000000 19.800000 -1.721154 
19.000000 19.900000 -1.721318 
19.000000 20.000000 -1.721501 
19.000000 20.100000 -1.721665 
19.000000 20.200000 -1.721778 
19.000000 20.300000 -1.721819 
19.000000 20.400000 -1.721778 
19.000000 20.500000 -1.721665 
19.000000 20.600000 -1.721501 
19.000000 20.700000 -1.721318 
19.000000 20.800000 -1.721154 
19.000000 20.900000 -1.721039 
19.000000 21.000000 -1.720998 
19.000000 21.100000 -1.721036 
19.000000 21.200000 -1.721147 
19.000000 21.300000 -1.721308 
19.000000 21.400000 -1.721487 
19.000000 21.500000 -1.721648 
19.000000 21.600000 -1.721758 
19.000000 21.700000 -1.721795 
19.000000 21.800000 -1.721751 
19.000000 21.900000 -1.721634 
19.000000 22.000000 -1.721466 
19.000000 22.100000 -1.721280 
19.000000 22.200000 -1.721112 
19.000000 22.300000 -1.720994 
19.100000 18.200000 -1.720835 
19.100000 18.300000 -1.720881 
19.100000 18.400000 -1.720999 
19.100000 18.500000 -1.721168 
19.100000 18.600000 -1.721355 
19.100000 18.700000 -1.721523 
19.100000 18.800000 -1.721641 
19.100000 18.900000 -1.721685 
19.100000 19.000000 -1.721648 
19.100000 19.100000 -1.721537 
19.100000 19.200000 -1.721376 
19.100000 19.300000 -1.721196 
19.100000 19.400000 -1.721035 
19.100000 19.500000 -1.720923 
19.100000 19.600000 -1.720884 
19.100000 19.700000 -1.720926 
19.100000 19.800000 -1.721041 
19.100000 19.900000 -1.721207 
19.100000 20.000000 -1.721390 
19.100000 20.100000 -1.721554 
19.100000 20.200000 -1.721668 
19.100000 20.300000 -1.721709 
19.100000 20.400000 -1.721668 
19.100000 20.500000 -1.721554 
19.100000 20.600000 -1.721390 
19.100000 20.700000 -1.721207 
19.100000 20.800000 -1.721041 
19.100000 20.900000 -1.720926 
19.100000 21.000000 -1.720884 
19.100000 21.100000 -1.720923 
19.100000 21.200000 -1.721035 
19.100000 21.300000 -1.721196 
19.100000 21.400000 -1.721376 
19.100000 21.500000 -1.721537 
19.100000 21.600000 -1.721648 
19.100000 21.700000 -1.721685 
19.100000 21.800000 -1.721641 
19.100000 21.900000 -1.721523 
19.100000 22.000000 -1.721355 
19.100000 22.100000 -1.721168 
19.100000 22.200000 -1.720999 
19.100000 22.300000 -1.720881 
19.200000 18.200000 -1.720670 
19.200000 18.300000 -1.720716 
19.200000 18.400000 -1.720835 
19.200000 18.500000 -1.721005 
19.200000 18.600000 -1.721193 
19.200000 18.700000 -1.721362 
19.200000 18.800000 -1.721480 
19.200000 18.900000 -1.721524 
19.200000 19.000000 -1.721487 
19.200000 19.100000 -1.721376 
19.200000 19.200000 -1.721214 
19.200000 19.300000 -1.721033 
19.200000 19.400000 -1.720870 
19.200000 19.500000 -1.720758 
19.200000 19.600000 -1.720719 
19.200000 19.700000 -1.720761 
19.200000 19.800000 -1.720877 
19.200000 19.900000 -1.721043 
19.200000 20.000000 -1.721227 
19.200000 20.100000 -1.721393 
19.200000 20.200000 -1.721508 
19.200000 20.300000 -1.721549 
19.200000 20.400000 -1.721508 
19.200000 20.500000 -1.721393 
19.200000 20.600000 -1.721227 
19.200000 20.700000 -1.721043 
19.200000 20.800000 -1.720877 
19.200000 20.900000 -1.720761 
19.200000 21.000000 -1.720719 
19.200000 21.100000 -1.720758 
19.200000 21.200000 -1.720870 
19.200000 21.300000 -1.721033 
19.200000 21.400000 -1.721214 
19.200000 21.500000 -1.721376 
19.200000 21.600000 -1.721487 
19.200000 21.700000 -1.721524 
19.200000 21.800000 -1.721480 
19.200000 21.900000 -1.721362 
19.200000 22.000000 -1.721193 
19.200000 22.100000 -1.721005 
19.200000 22.200000 -1.720835 
19.200000 22.300000 -1.720716 
19.300000 18.200000 -1.720486 
19.300000 18.300000 -1.720532 
19.300000 18.400000 -1.720652 
19.300000 18.500000 -1.720823 
19.300000 18.600000 -1.721012 
19.300000 18.700000 -1.721182 
19.300000 18.800000 -1.721301 
19.300000 18.900000 -1.721346 
19.300000 19.000000 -1.721308 
19.300000 19.100000 -1.721196 
19.300000 19.200000 -1.721033 
19.300000 19.300000 -1.720851 
19.300000 19.400000 -1.720687 
19.300000 19.500000 -1.720574 
19.300000 19.600000 -1.720535 
19.300000 19.700000 -1.720578 
19.300000 19.800000 -1.720694 
19.300000 19.900000 -1.720861 
19.300000 20.000000 -1.721047 
19.300000 20.100000 -1.721213 
19.300000 20.200000 -1.721329 
19.300000 20.300000 -1.721370 
19.300000 20.400000 -1.721329 
19.300000 20.500000 -1.721213 
19.300000 20.600000 -1.721047 
19.300000 20.700000 -1.720861 
19.300000 20.800000 -1.720694 
19.300000 20.900000 -1.720578 
19.300000 21.000000 -1.720535 
19.300000 21.100000 -1.720574 
19.300000 21.200000 -1.720687 
19.300000 21.300000 -1.720851 
19.300000 21.400000 -1.721033 
19.300000 21.500000 -1.721196 
19.300000 21.600000 -1.721308 
19.300000 21.700000 -1.721346 
19.300000 21.800000 -1.721301 
19.300000 21.900000 -1.721182 
19.300000 22.000000 -1.721012 
19.300000 22.100000 -1.720823 
19.300000 22.200000 -1.720652 
19.300000 22.300000 -1.720532 
19.400000 18.200000 -1.720320 
19.400000 18.300000 -1.720367 
19.400000 18.400000 -1.720487 
19.400000 18.500000 -1.720659 
19.400000 18.600000 -1.720849 
19.400000 18.700000 -1.721021 
19.400000 18.800000 -1.721140 
19.400000 18.900000 -1.721185 
19.400000 19.000000 -1.721147 
19.400000 19.100000 -1.721035 
19.400000 19.200000 -1.720870 
19.400000 19.300000 -1.720687 
19.400000 19.400000 -1.720523 
19.400000 19.500000 -1.720409 
19.400000 19.600000 -1.720369 
19.400000 19.700000 -1.720412 
19.400000 19.800000 -1.720529 
19.400000 19.900000 -1.720698 
19.400000 20.000000 -1.720884 
19.400000 20.100000 -1.721052 
19.400000 20.200000 -1.721168 
19.400000 20.300000 -1.721209 
19.400000 20.400000 -1.721168 
19.400000 20.500000 -1.721052 
19.400000 20.600000 -1.720884 
19.400000 20.700000 -1.720698 
19.400000 20.800000 -1.720529 
19.400000 20.900000 -1.720412 
19.400000 21.000000 -1.720369 
19.400000 21.100000 -1.720409 
19.400000 21.200000 -1.720523 
19.400000 21.300000 -1.720687 
19.400000 21.400000 -1.720870 
19.400000 21.500000 -1.721035 
19.400000 21.600000 -1.721147 
19.400000 21.700000 -1.721185 
19.400000 21.800000 -1.721140 
19.400000 21.900000 -1.721021 
19.400000 22.000000 -1.720849 
19.400000 22.100000 -1.720659 
19.400000 22.200000 -1.720487 
19.400000 22.300000 -1.720367 
19.500000 18.200000 -1.720206 
19.500000 18.300000 -1.720253 
19.500000 18.400000 -1.720374 
19.500000 18.500000 -1.720546 
19.500000 18.600000 -1.720737 
19.500000 18.700000 -1.720909 
19.500000 18.800000 -1.721029 
19.500000 18.900000 -1.721074 
19.500000 19.000000 -1.721036 
19.500000 19.100000 -1.720923 
19.500000 19.200000 -1.720758 
19.500000 19.300000 -1.720574 
19.500000 19.400000 -1.720409 
19.500000 19.500000 -1.720295 
19.500000 19.600000 -1.720255 
19.500000 19.700000 -1.720298 
19.500000 19.800000 -1.720416 
19.500000 19.900000 -1.720585 
19.500000 20.000000 -1.720772 
19.500000 20.100000 -1.720940 
19.500000 20.200000 -1.721057 
19.500000 20.300000 -1.721098 
19.500000 20.400000 -1.721057 
19.500000 20.500000 -1.720940 
19.500000 20.600000 -1.720772 
19.500000 20.700000 -1.720585 
19.500000 20.800000 -1.720416 
19.500000 20.900000 -1.720298 
19.500000 21.000000 -1.720255 
19.500000 21.100000 -1.720295 
19.500000 21.200000 -1.720409 
19.500000 21.300000 -1.720574 
19.500000 21.400000 -1.720758 
19.500000 21.500000 -1.720923 
19.500000 21.600000 -1.721036 
19.500000 21.700000 -1.721074 
19.500000 21.800000 -1.721029 
19.500000 21.900000 -1.720909 
19.500000 22.000000 -1.720737 
19.500000 22.100000 -1.720546 
19.500000 22.200000 -1.720374 
19.500000 22.300000 -1.720253 
19.600000 18.200000 -1.720166 
19.600000 18.300000 -1.720213 
19.600000 18.400000 -1.720334 
19.600000 18.500000 -1.720507 
19.600000 18.600000 -1.720698 
19.600000 18.700000 -1.720870 
19.600000 18.800000 -1.720991 
19.600000 18.900000 -1.721036 
19.600000 19.000000 -1.720998 
19.600000 19.100000 -1.720884 
19.600000 19.200000 -1.720719 
19.600000 19.300000 -1.720535 
19.600000 19.400000 -1.720369 
19.600000 19.500000 -1.720255 
19.600000 19.600000 -1.720216 
19.600000 19.700000 -1.720259 
19.600000 19.800000 -1.720376 
19.600000 19.900000 -1.720545 
19.600000 20.000000 -1.720733 
19.600000 20.100000 -1.720901 
19.600000 20.200000 -1.721018 
19.600000 20.300000 -1.721060 
19.600000 20.400000 -1.721018 
19.600000 20.500000 -1.720901 
19.600000 20.600000 -1.720733 
19.600000 20.700000 -1.720545 
19.600000 20.800000 -1.720376 
19.600000 20.900000 -1.720259 
19.600000 21.000000 -1.720216 
19.600000 21.100000 -1.720255 
19.600000 21.200000 -1.720369 
19.600000 21.300000 -1.720535 
19.600000 21.400000 -1.720719 
19.600000 21.500000 -1.720884 
19.600000 21.600000 -1.720998 
19.600000 21.700000 -1.721036 
19.600000 21.800000 -1.720991 
19.600000 21.900000 -1.720870 
19.600000 22.000000 -1.720698 
19.600000 22.100000 -1.720507 
19.600000 22.200000 -1.720334 
19.600000 22.300000 -1.720213 
19.700000 18.200000 -1.720209 
19.700000 18.300000 -1.720256 
19.700000 18.400000 -1.720377 
19.700000 18.500000 -1.720550 
19.700000 18.600000 -1.720741 
19.700000 18.700000 -1.720912 
19.700000 18.800000 -1.721032 
19.700000 18.900000 -1.721078 
19.700000 19.000000 -1.721039 
19.700000 19.100000 -1.720926 
19.700000 19.200000 -1.720761 
19.700000 19.300000 -1.720578 
19.700000 19.400000 -1.720412 
19.700000 19.500000 -1.720298 
19.700000 19.600000 -1.720259 
19.700000 19.700000 -1.720302 
19.700000 19.800000 -1.720419 
19.700000 19.900000 -1.720588 
19.700000 20.000000 -1.720775 
19.700000 20.100000 -1.720944 
19.700000 20.200000 -1.721060 
19.700000 20.300000 -1.721102 
19.700000 20.400000 -1.721060 
19.700000 20.500000 -1.720944 
19.700000 20.600000 -1.720775 
19.700000 20.700000 -1.720588 
19.700000 20.800000 -1.720419 
19.700000 20.900000 -1.720302 
19.700000 21.000000 -1.720259 
19.700000 21.100000 -1.720298 
19.700000 21.200000 -1.720412 
19.700000 21.300000 -1.720578 
19.700000 21.400000 -1.720761 
19.700000 21.500000 -1.720926 
19.700000 21.600000 -1.721039 
19.700000 21.700000 -1.721078 
19.700000 21.800000 -1.721032 
19.700000 21.900000 -1.720912 
19.700000 22.000000 -1.720741 
19.700000 22.100000 -1.720550 
19.700000 22.200000 -1.720377 
19.700000 22.300000 -1.720256 
19.800000 18.200000 -1.720327 
19.800000 18.300000 -1.720374 
19.800000 18.400000 -1.720494 
19.800000 18.500000 -1.720666 
19.800000 18.600000 -1.720856 
19.800000 18.700000 -1.721027 
19.800000 18.800000 -1.721147 
19.800000 18.900000 -1.721192 
19.800000 19.000000 -1.721154 
19.800000 19.100000 -1.721041 
19.800000 19.200000 -1.720877 
19.800000 19.300000 -1.720694 
19.800000 19.400000 -1.720529 
19.800000 19.500000 -1.720416 
19.800000 19.600000 -1.720376 
19.800000 19.700000 -1.720419 
19.800000 19.800000 -1.720536 
19.800000 19.900000 -1.720704 
19.800000 20.000000 -1.720891 
19.800000 20.100000 -1.721059 
19.800000 20.200000 -1.721175 
19.800000 20.300000 -1.721216 
19.800000 20.400000 -1.721175 
19.800000 20.500000 -1.721059 
19.800000 20.600000 -1.720891 
19.800000 20.700000 -1.720704 
19.800000 20.800000 -1.720536 
19.800000 20.900000 -1.720419 
19.800000 21.000000 -1.720376 
19.800000 21.100000 -1.720416 
19.800000 21.200000 -1.720529 
19.800000 21.300000 -1.720694 
19.800000 21.400000 -1.720877 
19.800000 21.500000 -1.721041 
19.800000 21.600000 -1.721154 
19.800000 21.700000 -1.721192 
19.800000 21.800000 -1.721147 
19.800000 21.900000 -1.721027 
19.800000 22.000000 -1.720856 
19.800000 22.100000 -1.720666 
19.800000 22.200000 -1.720494 
19.800000 22.300000 -1.720374 
19.900000 18.200000 -1.720496 
19.900000 18.300000 -1.720543 
19.900000 18.400000 -1.720663 
19.900000 18.500000 -1.720833 
19.900000 18.600000 -1.721022 
19.900000 18.700000 -1.721193 
19.900000 18.800000 -1.721311 
19.900000 18.900000 -1.721356 
19.900000 19.000000 -1.721318 
19.900000 19.100000 -1.721207 
19.900000 19.200000 -1.721043 
19.900000 19.300000 -1.720861 
19.900000 19.400000 -1.720698 
19.900000 19.500000 -1.720585 
19.900000 19.600000 -1.720545 
19.900000 19.700000 -1.720588 
19.900000 19.800000 -1.720704 
19.900000 19.900000 -1.720872 
19.900000 20.000000 -1.721057 
19.900000 20.100000 -1.721224 
19.900000 20.200000 -1.721339 
19.900000 20.300000 -1.721380 
19.900000 20.400000 -1.721339 
19.900000 20.500000 -1.721224 
19.900000 20.600000 -1.721057 
19.900000 20.700000 -1.720872 
19.900000 20.800000 -1.720704 
19.900000 20.900000 -1.720588 
19.900000 21.000000 -1.720545 
19.900000 21.100000 -1.720585 
19.900000 21.200000 -1.720698 
19.900000 21.300000 -1.720861 
19.900000 21.400000 -1.721043 
19.900000 21.500000 -1.721207 
19.900000 21.600000 -1.721318 
19.900000 21.700000 -1.721356 
19.900000 21.800000 -1.721311 
19.900000 21.900000 -1.721193 
19.900000 22.000000 -1.721022 
19.900000 22.100000 -1.720833 
19.900000 22.200000 -1.720663 
19.900000 22.300000 -1.720543 
20.000000 18.200000 -1.720684 
20.000000 18.300000 -1.720730 
20.000000 18.400000 -1.720849 
20.000000 18.500000 -1.721019 
20.000000 18.600000 -1.721206 
20.000000 18.700000 -1.721376 
20.000000 18.800000 -1.721494 
20.000000 18.900000 -1.721538 
20.000000 19.000000 -1.721501 
20.000000 19.100000 -1.721390 
20.000000 19.200000 -1.721227 
20.000000 19.300000 -1.721047 
20.000000 19.400000 -1.720884 
20.000000 19.500000 -1.720772 
20.000000 19.600000 -1.720733 
20.000000 19.700000 -1.720775 
20.000000 19.800000 -1.720891 
20.000000 19.900000 -1.721057 
20.000000 20.000000 -1.721241 
20.000000 20.100000 -1.721407 
20.000000 20.200000 -1.721521 
20.000000 20.300000 -1.721562 
20.000000 20.400000 -1.721521 
20.000000 20.500000 -1.721407 
20.000000 20.600000 -1.721241 
20.000000 20.700000 -1.721057 
20.000000 20.800000 -1.720891 
20.000000 20.900000 -1.720775 
20.000000 21.000000 -1.720733 
20.000000 21.100000 -1.720772 
20.000000 21.200000 -1.720884 
20.000000 21.300000 -1.721047 
20.000000 21.400000 -1.721227 
20.000000 21.500000 -1.721390 
20.000000 21.600000 -1.721501 
20.000000 21.700000 -1.721538 
20.000000 21.800000 -1.721494 
20.000000 21.900000 -1.721376 
20.000000 22.000000 -1.721206 
20.000000 22.100000 -1.721019 
20.000000 22.200000 -1.720849 
20.000000 22.300000 -1.720730 
20.100000 18.200000 -1.720852 
20.100000 18.300000 -1.720898 
20.100000 18.400000 -1.721017 
20.100000 18.500000 -1.721185 
20.100000 18.600000 -1.721372 
20.100000 18.700000 -1.721540 
20.100000 18.800000 -1.721658 
20.100000 18.900000 -1.721702 
20.100000 19.000000 -1.721665 
20.100000 19.100000 -1.721554 
20.100000 19.200000 -1.721393 
20.100000 19.300000 -1.721213 
20.100000 19.400000 -1.721052 
20.100000 19.500000 -1.720940 
20.100000 19.600000 -1.720901 
20.100000 19.700000 -1.720944 
20.100000 19.800000 -1.721059 
20.100000 19.900000 -1.721224 
20.100000 20.000000 -1.721407 
20.100000 20.100000 -1.721571 
20.100000 20.200000 -1.721685 
20.100000 20.300000 -1.721726 
20.100000 20.400000 -1.721685 
20.100000 20.500000 -1.721571 
20.100000 20.600000 -1.721407 
20.100000 20.700000 -1.721224 
20.100000 20.800000 -1.721059 
20.100000 20.900000 -1.720944 
20.100000 21.000000 -1.720901 
20.100000 21.100000 -1.720940 
20.100000 21.200000 -1.721052 
20.100000 21.300000 -1.721213 
20.100000 21.400000 -1.721393 
20.100000 21.500000 -1.721554 
20.100000 21.600000 -1.721665 
20.100000 21.700000 -1.721702 
20.100000 21.800000 -1.721658 
20.100000 21.900000 -1.721540 
20.100000 22.000000 -1.721372 
20.100000 22.100000 -1.721185 
20.100000 22.200000 -1.721017 
20.100000 22.300000 -1.720898 
20.200000 18.200000 -1.720969 
20.200000 18.300000 -1.721015 
20.200000 18.400000 -1.721133 
20.200000 18.500000 -1.721301 
20.200000 18.600000 -1.721487 
20.200000 18.700000 -1.721654 
20.200000 18.800000 -1.721771 
20.200000 18.900000 -1.721815 
20.200000 19.000000 -1.721778 
20.200000 19.100000 -1.721668 
20.200000 19.200000 -1.721508 
20.200000 19.300000 -1.721329 
20.200000 19.400000 -1.721168 
20.200000 19.500000 -1.721057 
20.200000 19.600000 -1.721018 
20.200000 19.700000 -1.721060 
20.200000 19.800000 -1.721175 
20.200000 19.900000 -1.721339 
20.200000 20.000000 -1.721521 
20.200000 20.100000 -1.721685 
20.200000 20.200000 -1.721799 
20.200000 20.300000 -1.721839 
20.200000 20.400000 -1.721799 
20.200000 20.500000 -1.721685 
20.200000 20.600000 -1.721521 
20.200000 20.700000 -1.721339 
20.200000 20.800000 -1.721175 
20.200000 20.900000 -1.721060 
20.200000 21.000000 -1.721018 
20.200000 21.100000 -1.721057 
20.200000 21.200000 -1.721168 
20.200000 21.300000 -1.721329 
20.200000 21.400000 -1.721508 
20.200000 21.500000 -1.721668 
20.200000 21.600000 -1.721778 
20.200000 21.700000 -1.721815 
20.200000 21.800000 -1.721771 
20.200000 21.900000 -1.721654 
20.200000 22.000000 -1.721487 
20.200000 22.100000 -1.721301 
20.200000 22.200000 -1.721133 
20.200000 22.300000 -1.721015 
20.300000 18.200000 -1.721010 
20.300000 18.300000 -1.721056 
20.300000 18.400000 -1.721174 
20.300000 18.500000 -1.721342 
20.300000 18.600000 -1.721528 
20.300000 18.700000 -1.721695 
20.300000 18.800000 -1.721812 
20.300000 18.900000 -1.721856 
20.300000 19.000000 -1.721819 
20.300000 19.100000 -1.721709 
20.300000 19.200000 -1.721549 
20.300000 19.300000 -1.721370 
20.300000 19.400000 -1.721209 
20.300000 19.500000 -1.721098 
20.300000 19.600000 -1.721060 
20.300000 19.700000 -1.721102 
20.300000 19.800000 -1.721216 
20.300000 19.900000 -1.721380 
20.300000 20.000000 -1.721562 
20.300000 20.100000 -1.721726 
20.300000 20.200000 -1.721839 
20.300000 20.300000 -1.721880 
20.300000 20.400000 -1.721839 
20.300000 20.500000 -1.721726 
20.300000 20.600000 -1.721562 
20.300000 20.700000 -1.721380 
20.300000 20.800000 -1.721216 
20.300000 20.900000 -1.721102 
20.300000 21.000000 -1.721060 
20.300000 21.100000 -1.721098 
20.300000 21.200000 -1.721209 
20.300000 21.300000 -1.721370 
20.300000 21.400000 -1.721549 
20.300000 21.500000 -1.721709 
20.300000 21.600000 -1.721819 
20.300000 21.700000 -1.721856 
20.300000 21.800000 -1.721812 
20.300000 21.900000 -1.721695 
20.300000 22.000000 -1.721528 
20.300000 22.100000 -1.721342 
20.300000 22.200000 -1.721174 
20.300000 22.300000 -1.721056 
20.400000 18.200000 -1.720969 
20.400000 18.300000 -1.721015 
20.400000 18.400000 -1.721133 
20.400000 18.500000 -1.721301 
20.400000 18.600000 -1.721487 
20.400000 18.700000 -1.721654 
20.400000 18.800000 -1.721771 
20.400000 18.900000 -1.721815 
20.400000 19.000000 -1.721778 
20.400000 19.100000 -1.721668 
20.400000 19.200000 -1.721508 
20.400000 19.300000 -1.721329 
20.400000 19.400000 -1.721168 
20.400000 19.500000 -1.721057 
20.400000 19.600000 -1.721018 
20.400000 19.700000 -1.721060 
20.400000 19.800000 -1.721175 
20.400000 19.900000 -1.721339 
20.400000 20.000000 -1.721521 
20.400000 20.100000 -1.721685 
20.400000 20.200000 -1.721799 
20.400000 20.300000 -1.721839 
20.400000 20.400000 -1.721799 
20.400000 20.500000 -1.721685 
20.400000 20.600000 -1.721521 
20.400000 20.700000 -1.721339 
20.400000 20.800000 -1.721175 
20.400000 20.900000 -1.721060 
20.400000 21.000000 -1.721018 
20.400000 21.100000 -1.721057 
20.400000 21.200000 -1.721168 
20.400000 21.300000 -1.721329 
20.400000 21.400000 -1.721508 
20.400000 21.500000 -1.721668 
20.400000 21.600000 -1.721778 
20.400000 21.700000 -1.721815 
20.400000 21.800000 -1.721771 
20.400000 21.900000 -1.721654 
20.400000 22.000000 -1.721487 
20.400000 22.100000 -1.721301 
20.400000 22.200000 -1.721133 
20.400000 22.300000 -1.721015 
20.500000 18.200000 -1.720852 
20.500000 18.300000 -1.720898 
20.500000 18.400000 -1.721017 
20.500000 18.500000 -1.721185 
20.500000 18.600000 -1.721372 
20.500000 18.700000 -1.721540 
20.500000 18.800000 -1.721658 
20.500000 18.900000 -1.721702 
20.500000 19.000000 -1.721665 
20.500000 19.100000 -1.721554 
20.500000 19.200000 -1.721393 
20.500000 19.300000 -1.721213 
20.500000 19.400000 -1.721052 
20.500000 19.500000 -1.720940 
20.500000 19.600000 -1.720901 
20.500000 19.700000 -1.720944 
20.500000 19.800000 -1.721059 
20.500000 19.900000 -1.721224 
20.500000 20.000000 -1.721407 
20.500000 20.100000 -1.721571 
20.500000 20.200000 -1.721685 
20.500000 20.300000 -1.721726 
20.500000 20.400000 -1.721685 
20.500000 20.500000 -1.721571 
20.500000 20.600000 -1.721407 
20.500000 20.700000 -1.721224 
20.500000 20.800000 -1.721059 
20.500000 20.900000 -1.720944 
20.500000 21.000000 -1.720901 
20.500000 21.100000 -1.720940 
20.500000 21.200000 -1.721052 
20.500000 21.300000 -1.721213 
20.500000 21.400000 -1.721393 
20.500000 21.500000 -1.721554 
20.500000 21.600000 -1.721665 
20.500000 21.700000 -1.721702 
20.500000 21.800000 -1.721658 
20.500000 21.900000 -1.721540 
20.500000 22.000000 -1.721372 
20.500000 22.100000 -1.721185 
20.500000 22.200000 -1.721017 
20.500000 22.300000 -1.720898 
20.600000 18.200000 -1.720684 
20.600000 18.300000 -1.720730 
20.600000 18.400000 -1.720849 
20.600000 18.500000 -1.721019 
20.600000 18.600000 -1.721206 
20.600000 18.700000 -1.721376 
20.600000 18.800000 -1.721494 
20.600000 18.900000 -1.721538 
20.600000 19.000000 -1.721501 
20.600000 19.100000 -1.721390 
20.600000 19.200000 -1.721227 
20.600000 19.300000 -1.721047 
20.600000 19.400000 -1.720884 
20.600000 19.500000 -1.720772 
20.600000 19.600000 -1.720733 
20.600000 19.700000 -1.720775 
20.600000 19.800000 -1.720891 
20.600000 19.900000 -1.721057 
20.600000 20.000000 -1.721241 
20.600000 20.100000 -1.721407 
20.600000 20.200000 -1.721521 
20.600000 20.300000 -1.721562 
20.600000 20.400000 -1.721521 
20.600000 20.500000 -1.721407 
20.600000 20.600000 -1.721241 
20.600000 20.700000 -1.721057 
20.600000 20.800000 -1.720891 
20.600000 20.900000 -1.720775 
20.600000 21.000000 -1.720733 
20.600000 21.100000 -1.720772 
20.600000 21.200000 -1.720884 
20.600000 21.300000 -1.721047 
20.600000 21.400000 -1.721227 
20.600000 21.500000 -1.721390 
20.600000 21.600000 -1.721501 
20.600000 21.700000 -1.721538 
20.600000 21.800000 -1.721494 
20.600000 21.900000 -1.721376 
20.600000 22.000000 -1.721206 
20.600000 22.100000 -1.721019 
20.600000 22.200000 -1.720849 
20.600000 22.300000 -1.720730 
20.700000 18.200000 -1.720496 
20.700000 18.300000 -1.720543 
20.700000 18.400000 -1.720663 
20.700000 18.500000 -1.720833 
20.700000 18.600000 -1.721022 
20.700000 18.700000 -1.721193 
20.700000 18.800000 -1.721311 
20.700000 18.900000 -1.721356 
20.700000 19.000000 -1.721318 
20.700000 19.100000 -1.721207 
20.700000 19.200000 -1.721043 
20.700000 19.300000 -1.720861 
20.700000 19.400000 -1.720698 
20.700000 19.500000 -1.720585 
20.700000 19.600000 -1.720545 
20.700000 19.700000 -1.720588 
20.700000 19.800000 -1.720704 
20.700000 19.900000 -1.720872 
20.700000 20.000000 -1.721057 
20.700000 20.100000 -1.721224 
20.700000 20.200000 -1.721339 
20.700000 20.300000 -1.721380 
20.700000 20.400000 -1.721339 
20.700000 20.500000 -1.721224 
20.700000 20.600000 -1.721057 
20.700000 20.700000 -1.720872 
20.700000 20.800000 -1.720704 
20.700000 20.900000 -1.720588 
20.700000 21.000000 -1.720545 
20.700000 21.100000 -1.720585 
20.700000 21.200000 -1.720698 
20.700000 21.300000 -1.720861 
20.700000 21.400000 -1.721043 
20.700000 21.500000 -1.721207 
20.700000 21.600000 -1.721318 
20.700000 21.700000 -1.721356 
20.700000 21.800000 -1.721311 
20.700000 21.900000 -1.721193 
20.700000 22.000000 -1.721022 
20.700000 22.100000 -1.720833 
20.700000 22.200000 -1.720663 
20.700000 22.300000 -1.720543 
20.800000 18.200000 -1.720327 
20.800000 18.300000 -1.720374 
20.800000 18.400000 -1.720494 
20.800000 18.500000 -1.720666 
20.800000 18.600000 -1.720856 
20.800000 18.700000 -1.721027 
20.800000 18.800000 -1.721147 
20.800000 18.900000 -1.721192 
20.800000 19.000000 -1.721154 
20.800000 19.100000 -1.721041 
20.800000 19.200000 -1.720877 
20.800000 19.300000 -1.720694 
20.800000 19.400000 -1.720529 
20.800000 19.500000 -1.720416 
20.800000 19.600000 -1.720376 
20.800000 19.700000 -1.720419 
20.800000 19.800000 -1.720536 
20.800000 19.900000 -1.720704 
20.800000 20.000000 -1.720891 
20.800000 20.100000 -1.721059 
20.800000 20.200000 -1.721175 
20.800000 20.300000 -1.721216 
20.800000 20.400000 -1.721175 
20.800000 20.500000 -1.721059 
20.800000 20.600000 -1.720891 
20.800000 20.700000 -1.720704 
20.800000 20.800000 -1.720536 
20.800000 20.900000 -1.720419 
20.800000 21.000000 -1.720376 
20.800000 21.100000 -1.720416 
20.800000 21.200000 -1.720529 
20.800000 21.300000 -1.720694 
20.800000 21.400000 -1.720877 
20.800000 21.500000 -1.721041 
20.800000 21.600000 -1.721154 
20.800000 21.700000 -1.721192 
20.800000 21.800000 -1.721147 
20.800000 21.900000 -1.721027 
20.800000 22.000000 -1.720856 
20.800000 22.100000 -1.720666 
20.800000 22.200000 -1.720494 
20.800000 22.300000 -1.720374 
20.900000 18.200000 -1.720209 
20.900000 18.300000 -1.720256 
20.900000 18.400000 -1.720377 
20.900000 18.500000 -1.720550 
20.900000 18.600000 -1.720741 
20.900000 18.700000 -1.720912 
20.900000 18.800000 -1.721032 
20.900000 18.900000 -1.721078 
20.900000 19.000000 -1.721039 
20.900000 19.100000 -1.720926 
20.900000 19.200000 -1.720761 
20.900000 19.300000 -1.720578 
20.900000 19.400000 -1.720412 
20.900000 19.500000 -1.720298 
20.900000 19.600000 -1.720259 
20.900000 19.700000 -1.720302 
20.900000 19.800000 -1.720419 
20.900000 19.900000 -1.720588 
20.900000 20.000000 -1.720775 
20.900000 20.100000 -1.720944 
20.900000 20.200000 -1.721060 
20.900000 20.300000 -1.721102 
20.900000 20.400000 -1.721060 
20.900000 20.500000 -1.720944 
20.900000 20.600000 -1.720775 
20.900000 20.700000 -1.720588 
20.900000 20.800000 -1.720419 
20.900000 20.900000 -1.720302 
20.900000 21.000000 -1.720259 
20.900000 21.100000 -1.720298 
20.900000 21.200000 -1.720412 
20.900000 21.300000 -1.720578 
20.900000 21.400000 -1.720761 
20.900000 21.500000 -1.720926 
20.900000 21.600000 -1.721039 
20.900000 21.700000 -1.721078 
20.900000 21.800000 -1.721032 
20.900000 21.900000 -1.720912 
20.900000 22.000000 -1.720741 
20.900000 22.100000 -1.720550 
20.900000 22.200000 -1.720377 
20.900000 22.300000 -1.720256 
21.000000 18.200000 -1.720166 
21.000000 18.300000 -1.720213 
21.000000 18.400000 -1.720334 
21.000000 18.500000 -1.720507 
21.000000 18.600000 -1.720698 
21.000000 18.700000 -1.720870 
21.000000 18.800000 -1.720991 
21.000000 18.900000 -1.721036 
21.000000 19.000000 -1.720998 
21.000000 19.100000 -1.720884 
21.000000 19.200000 -1.720719 
21.000000 19.300000 -1.720535 
21.000000 19.400000 -1.720369 
21.000000 19.500000 -1.720255 
21.000000 19.600000 -1.720216 
21.000000 19.700000 -1.720259 
21.000000 19.800000 -1.720376 
21.000000 19.900000 -1.720545 
21.000000 20.000000 -1.720733 
21.000000 20.100000 -1.720901 
21.000000 20.200000 -1.721018 
21.000000 20.300000 -1.721060 
21.000000 20.400000 -1.721018 
21.000000 20.500000 -1.720901 
21.000000 20.600000 -1.720733 
21.000000 20.700000 -1.720545 
21.000000 20.800000 -1.720376 
21.000000 20.900000 -1.720259 
21.000000 21.000000 -1.720216 
21.000000 21.100000 -1.720255 
21.000000 21.200000 -1.720369 
21.000000 21.300000 -1.720535 
21.000000 21.400000 -1.720719 
21.000000 21.500000 -1.720884 
21.000000 21.600000 -1.720998 
21.000000 21.700000 -1.721036 
21.000000 21.800000 -1.720991 
21.000000 21.900000 -1.720870 
21.000000 22.000000 -1.720698 
21.000000 22.100000 -1.720507 
21.000000 22.200000 -1.720334 
21.000000 22.300000 -1.720213 
21.100000 18.200000 -1.720206 
21.100000 18.300000 -1.720253 
21.100000 18.400000 -1.720374 
21.100000 18.500000 -1.720546 
21.100000 18.600000 -1.720737 
21.100000 18.700000 -1.720909 
21.100000 18.800000 -1.721029 
21.100000 18.900000 -1.721074 
21.100000 19.000000 -1.721036 
21.100000 19.100000 -1.720923 
21.100000 19.200000 -1.720758 
21.100000 19.300000 -1.720574 
21.100000 19.400000 -1.720409 
21.100000 19.500000 -1.720295 
21.100000 19.600000 -1.720255 
21.100000 19.700000 -1.720298 
21.100000 19.800000 -1.720416 
21.100000 19.900000 -1.720585 
21.100000 20.000000 -1.720772 
21.100000 20.100000 -1.720940 
21.100000 20.200000 -1.721057 
21.100000 20.300000 -1.721098 
21.100000 20.400000 -1.721057 
21.100000 20.500000 -1.720940 
21.100000 20.600000 -1.720772 
21.100000 20.700000 -1.720585 
21.100000 20.800000 -1.720416 
21.100000 20.900000 -1.720298 
21.100000 21.000000 -1.720255 
21.100000 21.100000 -1.720295 
21.100000 21.200000 -1.720409 
21.100000 21.300000 -1.720574 
21.100000 21.400000 -1.720758 
21.100000 21.500000 -1.720923 
21.100000 21.600000 -1.721036 
21.100000 21.700000 -1.721074 
21.100000 21.800000 -1.721029 
21.100000 21.900000 -1.720909 
21.100000 22.000000 -1.720737 
21.100000 22.100000 -1.720546 
21.100000 22.200000 -1.720374 
21.100000 22.300000 -1.720253 
21.200000 18.200000 -1.720320 
21.200000 18.300000 -1.720367 
21.200000 18.400000 -1.720487 
21.200000 18.500000 -1.720659 
21.200000 18.600000 -1.720849 
21.200000 18.700000 -1.721021 
21.200000 18.800000 -1.721140 
21.200000 18.900000 -1.721185 
21.200000 19.000000 -1.721147 
21.200000 19.100000 -1.721035 
21.200000 19.200000 -1.720870 
21.200000 19.300000 -1.720687 
21.200000 19.400000 -1.720523 
21.200000 19.500000 -1.720409 
21.200000 19.600000 -1.720369 
21.200000 19.700000 -1.720412 
21.200000 19.800000 -1.720529 
21.200000 19.900000 -1.720698 
21.200000 20.000000 -1.720884 
21.200000 20.100000 -1.721052 
21.200000 20.200000 -1.721168 
21.200000 20.300000 -1.721209 
21.200000 20.400000 -1.721168 
21.200000 20.500000 -1.721052 
21.200000 20.600000 -1.720884 
21.200000 20.700000 -1.720698 
21.200000 20.800000 -1.720529 
21.200000 20.900000 -1.720412 
21.200000 21.000000 -1.720369 
21.200000 21.100000 -1.720409 
21.200000 21.200000 -1.720523 
21.200000 21.300000 -1.720687 
21.200000 21.400000 -1.720870 
21.200000 21.500000 -1.721035 
21.200000 21.600000 -1.721147 
21.200000 21.700000 -1.721185 
21.200000 21.800000 -1.721140 
21.200000 21.900000 -1.721021 
21.200000 22.000000 -1.720849 
21.200000 22.100000 -1.720659 
21.200000 22.200000 -1.720487 
21.200000 22.300000 -1.720367 
21.300000 18.200000 -1.720486 
21.300000 18.300000 -1.720532 
21.300000 18.400000 -1.720652 
21.300000 18.500000 -1.720823 
21.300000 18.600000 -1.721012 
21.300000 18.700000 -1.721182 
21.300000 18.800000 -1.721301 
21.300000 18.900000 -1.721346 
21.300000 19.000000 -1.721308 
21.300000 19.100000 -1.721196 
21.300000 19.200000 -1.721033 
21.300000 19.300000 -1.720851 
21.300000 19.400000 -1.720687 
21.300000 19.500000 -1.720574 
21.300000 19.600000 -1.720535 
21.300000 19.700000 -1.720578 
21.300000 19.800000 -1.720694 
21.300000 19.900000 -1.720861 
21.300000 20.000000 -1.721047 
21.300000 20.100000 -1.721213 
21.300000 20.200000 -1.721329 
21.300000 20.300000 -1.721370 
21.300000 20.400000 -1.721329 
21.300000 20.500000 -1.721213 
21.300000 20.600000 -1.721047 
21.300000 20.700000 -1.720861 
21.300000 20.800000 -1.720694 
21.300000 20.900000 -1.720578 
21.300000 21.000000 -1.720535 
21.300000 21.100000 -1.720574 
21.300000 21.200000 -1.720687 
21.300000 21.300000 -1.720851 
21.300000 21.400000 -1.721033 
21.300000 21.500000 -1.721196 
21.300000 21.600000 -1.721308 
21.300000 21.700000 -1.721346 
21.300000 21.800000 -1.721301 
21.300000 21.900000 -1.721182 
21.300000 22.000000 -1.721012 
21.300000 22.100000 -1.720823 
21.300000 22.200000 -1.720652 
21.300000 22.300000 -1.720532 
21.400000 18.200000 -1.720670 
21.400000 18.300000 -1.720716 
21.400000 18.400000 -1.720835 
21.400000 18.500000 -1.721005 
21.400000 18.600000 -1.721193 
21.400000 18.700000 -1.721362 
21.400000 18.800000 -1.721480 
21.400000 18.900000 -1.721524 
21.400000 19.000000 -1.721487 
21.400000 19.100000 -1.721376 
21.400000 19.200000 -1.721214 
21.400000 19.300000 -1.721033 
21.400000 19.400000 -1.720870 
21.400000 19.500000 -1.720758 
21.400000 19.600000 -1.720719 
21.400000 19.700000 -1.720761 
21.400000 19.800000 -1.720877 
21.400000 19.900000 -1.721043 
21.400000 20.000000 -1.721227 
21.400000 20.100000 -1.721393 
21.400000 20.200000 -1.721508 
21.400000 20.300000 -1.721549 
21.400000 20.400000 -1.721508 
21.400000 20.500000 -1.721393 
21.400000 20.600000 -1.721227 
21.400000 20.700000 -1.721043 
21.400000 20.800000 -1.720877 
21.400000 20.900000 -1.720761 
21.400000 21.000000 -1.720719 
21.400000 21.100000 -1.720758 
21.400000 21.200000 -1.720870 
21.400000 21.300000 -1.721033 
21.400000 21.400000 -1.721214 
21.400000 21.500000 -1.721376 
21.400000 21.600000 -1.721487 
21.400000 21.700000 -1.721524 
21.400000 21.800000 -1.721480 
21.400000 21.900000 -1.721362 
21.400000 22.000000 -1.721193 
21.400000 22.100000 -1.721005 
21.400000 22.200000 -1.720835 
21.400000 22.300000 -1.720716 
21.500000 18.200000 -1.720835 
21.500000 18.300000 -1.720881 
21.500000 18.400000 -1.720999 
21.500000 18.500000 -1.721168 
21.500000 18.600000 -1.721355 
21.500000 18.700000 -1.721523 
21.500000 18.800000 -1.721641 
21.500000 18.900000 -1.721685 
21.500000 19.000000 -1.721648 
21.500000 19.100000 -1.721537 
21.500000 19.200000 -1.721376 
21.500000 19.300000 -1.721196 
21.500000 19.400000 -1.721035 
21.500000 19.500000 -1.720923 
21.500000 19.600000 -1.720884 
21.500000 19.700000 -1.720926 
21.500000 19.800000 -1.721041 
21.500000 19.900000 -1.721207 
21.500000 20.000000 -1.721390 
21.500000 20.100000 -1.721554 
21.500000 20.200000 -1.721668 
21.500000 20.300000 -1.721709 
21.500000 20.400000 -1.721668 
21.500000 20.500000 -1.721554 
21.500000 20.600000 -1.721390 
21.500000 20.700000 -1.721207 
21.500000 20.800000 -1.721041 
21.500000 20.900000 -1.720926 
21.500000 21.000000 -1.720884 
21.500000 21.100000 -1.720923 
21.500000 21.200000 -1.721035 
21.500000 21.300000 -1.721196 
21.500000 21.400000 -1.721376 
21.500000 21.500000 -1.721537 
21.500000 21.600000 -1.721648 
21.500000 21.700000 -1.721685 
21.500000 21.800000 -1.721641 
21.500000 21.900000 -1.721523 
21.500000 22.000000 -1.721355 
21.500000 22.100000 -1.721168 
21.500000 22.200000 -1.720999 
21.500000 22.300000 -1.720881 
21.600000 18.200000 -1.720948 
21.600000 18.300000 -1.720994 
21.600000 18.400000 -1.721112 
21.600000 18.500000 -1.721280 
21.600000 18.600000 -1.721466 
21.600000 18.700000 -1.721634 
21.600000 18.800000 -1.721751 
21.600000 18.900000 -1.721795 
21.600000 19.000000 -1.721758 
21.600000 19.100000 -1.721648 
21.600000 19.200000 -1.721487 
21.600000 19.300000 -1.721308 
21.600000 19.400000 -1.721147 
21.600000 19.500000 -1.721036 
21.600000 19.600000 -1.720998 
21.600000 19.700000 -1.721039 
21.600000 19.800000 -1.721154 
21.600000 19.900000 -1.721318 
21.600000 20.000000 -1.721501 
21.600000 20.100000 -1.721665 
21.600000 20.200000 -1.721778 
21.600000 20.300000 -1.721819 
21.600000 20.400000 -1.721778 
21.600000 20.500000 -1.721665 
21.600000 20.600000 -1.721501 
21.600000 20.700000 -1.721318 
21.600000 20.800000 -1.721154 
21.600000 20.900000 -1.721039 
21.600000 21.000000 -1.720998 
21.600000 21.100000 -1.721036 
21.600000 21.200000 -1.721147 
21.600000 21.300000 -1.721308 
21.600000 21.400000 -1.721487 
21.600000 21.500000 -1.721648 
21.600000 21.600000 -1.721758 
21.600000 21.700000 -1.721795 
21.600000 21.800000 -1.721751 
21.600000 21.900000 -1.721634 
21.600000 22.000000 -1.721466 
21.600000 22.100000 -1.721280 
21.600000 22.200000 -1.721112 
21.600000 22.300000 -1.720994 
21.700000 18.200000 -1.720986 
21.700000 18.300000 -1.721032 
21.700000 18.400000 -1.721150 
21.700000 18.500000 -1.721318 
21.700000 18.600000 -1.721504 
21.700000 18.700000 -1.721671 
21.700000 18.800000 -1.721788 
21.700000 18.900000 -1.721832 
21.700000 19.000000 -1.721795 
21.700000 19.100000 -1.721685 
21.700000 19.200000 -1.721524 
21.700000 19.300000 -1.721346 
21.700000 19.400000 -1.721185 
21.700000 19.500000 -1.721074 
21.700000 19.600000 -1.721036 
21.700000 19.700000 -1.721078 
21.700000 19.800000 -1.721192 
21.700000 19.900000 -1.721356 
21.700000 20.000000 -1.721538 
21.700000 20.100000 -1.721702 
21.700000 20.200000 -1.721815 
21.700000 20.300000 -1.721856 
21.700000 20.400000 -1.721815 
21.700000 20.500000 -1.721702 
21.700000 20.600000 -1.721538 
21.700000 20.700000 -1.721356 
21.700000 20.800000 -1.721192 
21.700000 20.900000 -1.721078 
21.700000 21.000000 -1.721036 
21.700000 21.100000 -1.721074 
21.700000 21.200000 -1.721185 
21.700000 21.300000 -1.721346 
21.700000 21.400000 -1.721524 
21.700000 21.500000 -1.721685 
21.700000 21.600000 -1.721795 
21.700000 21.700000 -1.721832 
21.700000 21.800000 -1.721788 
21.700000 21.900000 -1.721671 
21.700000 22.000000 -1.721504 
21.700000 22.100000 -1.721318 
21.700000 22.200000 -1.721150 
21.700000 22.300000 -1.721032 
21.800000 18.200000 -1.720941 
21.800000 18.300000 -1.720987 
21.800000 18.400000 -1.721105 
21.800000 18.500000 -1.721273 
21.800000 18.600000 -1.721459 
21.800000 18.700000 -1.721627 
21.800000 18.800000 -1.721744 
21.800000 18.900000 -1.721788 
21.800000 19.000000 -1.721751 
21.800000 19.100000 -1.721641 
21.800000 19.200000 -1.721480 
21.800000 19.300000 -1.721301 
21.800000 19.400000 -1.721140 
21.800000 19.500000 -1.721029 
21.800000 19.600000 -1.720991 
21.800000 19.700000 -1.721032 
21.800000 19.800000 -1.721147 
21.800000 19.900000 -1.721311 
21.800000 20.000000 -1.721494 
21.800000 20.100000 -1.721658 
21.800000 20.200000 -1.721771 
21.800000 20.300000 -1.721812 
21.800000 20.400000 -1.721771 
21.800000 20.500000 -1.721658 
21.800000 20.600000 -1.721494 
21.800000 20.700000 -1.721311 
21.800000 20.800000 -1.721147 
21.800000 20.900000 -1.721032 
21.800000 21.000000 -1.720991 
21.800000 21.100000 -1.721029 
21.800000 21.200000 -1.721140 
21.800000 21.300000 -1.721301 
21.800000 21.400000 -1.721480 
21.800000 21.500000 -1.721641 
21.800000 21.600000 -1.721751 
21.800000 21.700000 -1.721788 
21.800000 21.800000 -1.721744 
21.800000 21.900000 -1.721627 
21.800000 22.000000 -1.721459 
21.800000 22.100000 -1.721273 
21.800000 22.200000 -1.721105 
21.800000 22.300000 -1.720987 
21.900000 18.200000 -1.720821 
21.900000 18.300000 -1.720867 
21.900000 18.400000 -1.720986 
21.900000 18.500000 -1.721154 
21.900000 18.600000 -1.721341 
21.900000 18.700000 -1.721509 
21.900000 18.800000 -1.721627 
21.900000 18.900000 -1.721671 
21.900000 19.000000 -1.721634 
21.900000 19.100000 -1.721523 
21.900000 19.200000 -1.721362 
21.900000 19.300000 -1.721182 
21.900000 19.400000 -1.721021 
21.900000 19.500000 -1.720909 
21.900000 19.600000 -1.720870 
21.900000 19.700000 -1.720912 
21.900000 19.800000 -1.721027 
21.900000 19.900000 -1.721193 
21.900000 20.000000 -1.721376 
21.900000 20.100000 -1.721540 
21.900000 20.200000 -1.721654 
21.900000 20.300000 -1.721695 
21.900000 20.400000 -1.721654 
21.900000 20.500000 -1.721540 
21.900000 20.600000 -1.721376 
21.900000 20.700000 -1.721193 
21.900000 20.800000 -1.721027 
21.900000 20.900000 -1.720912 
21.900000 21.000000 -1.720870 
21.900000 21.100000 -1.720909 
21.900000 21.200000 -1.721021 
21.900000 21.300000 -1.721182 
21.900000 21.400000 -1.721362 
21.900000 21.500000 -1.721523 
21.900000 21.600000 -1.721634 
21.900000 21.700000 -1.721671 
21.900000 21.800000 -1.721627 
21.900000 21.900000 -1.721509 
21.900000 22.000000 -1.721341 
21.900000 22.100000 -1.721154 
21.900000 22.200000 -1.720986 
21.900000 22.300000 -1.720867 
22.000000 18.200000 -1.720649 
22.000000 18.300000 -1.720695 
22.000000 18.400000 -1.720814 
22.000000 18.500000 -1.720984 
22.000000 18.600000 -1.721172 
22.000000 18.700000 -1.721341 
22.000000 18.800000 -1.721459 
22.000000 18.900000 -1.721504 
22.000000 19.000000 -1.721466 
22.000000 19.100000 -1.721355 
22.000000 19.200000 -1.721193 
22.000000 19.300000 -1.721012 
22.000000 19.400000 -1.720849 
22.000000 19.500000 -1.720737 
22.000000 19.600000 -1.720698 
22.000000 19.700000 -1.720741 
22.000000 19.800000 -1.720856 
22.000000 19.900000 -1.721022 
22.000000 20.000000 -1.721206 
22.000000 20.100000 -1.721372 
22.000000 20.200000 -1.721487 
22.000000 20.300000 -1.721528 
22.000000 20.400000 -1.721487 
22.000000 20.500000 -1.721372 
22.000000 20.600000 -1.721206 
22.000000 20.700000 -1.721022 
22.000000 20.800000 -1.720856 
22.000000 20.900000 -1.720741 
22.000000 21.000000 -1.720698 
22.000000 21.100000 -1.720737 
22.000000 21.200000 -1.720849 
22.000000 21.300000 -1.721012 
22.000000 21.400000 -1.721193 
22.000000 21.500000 -1.721355 
22.000000 21.600000 -1.721466 
22.000000 21.700000 -1.721504 
22.000000 21.800000 -1.721459 
22.000000 21.900000 -1.721341 
22.000000 22.000000 -1.721172 
22.000000 22.100000 -1.720984 
22.000000 22.200000 -1.720814 
22.000000 22.300000 -1.720695 
22.100000 18.200000 -1.720458 
22.100000 18.300000 -1.720504 
22.100000 18.400000 -1.720624 
22.100000 18.500000 -1.720795 
22.100000 18.600000 -1.720984 
22.100000 18.700000 -1.721154 
22.100000 18.800000 -1.721273 
22.100000 18.900000 -1.721318 
22.100000 19.000000 -1.721280 
22.100000 19.100000 -1.721168 
22.100000 19.200000 -1.721005 
22.100000 19.300000 -1.720823 
22.100000 19.400000 -1.720659 
22.100000 19.500000 -1.720546 
22.100000 19.600000 -1.720507 
22.100000 19.700000 -1.720550 
22.100000 19.800000 -1.720666 
22.100000 19.900000 -1.720833 
22.100000 20.000000 -1.721019 
22.100000 20.100000 -1.721185 
22.100000 20.200000 -1.721301 
22.100000 20.300000 -1.721342 
22.100000 20.400000 -1.721301 
22.100000 20.500000 -1.721185 
22.100000 20.600000 -1.721019 
22.100000 20.700000 -1.720833 
22.100000 20.800000 -1.720666 
22.100000 20.900000 -1.720550 
22.100000 21.000000 -1.720507 
22.100000 21.100000 -1.720546 
22.100000 21.200000 -1.720659 
22.100000 21.300000 -1.720823 
22.100000 21.400000 -1.721005 
22.100000 21.500000 -1.721168 
22.100000 21.600000 -1.721280 
22.100000 21.700000 -1.721318 
22.100000 21.800000 -1.721273 
22.100000 21.900000 -1.721154 
22.100000 22.000000 -1.720984 
22.100000 22.100000 -1.720795 
22.100000 22.200000 -1.720624 
22.100000 22.300000 -1.720504 
22.200000 18.200000 -1.720285 
22.200000 18.300000 -1.720332 
22.200000 18.400000 -1.720452 
22.200000 18.500000 -1.720624 
22.200000 18.600000 -1.720814 
22.200000 18.700000 -1.720986 
22.200000 18.800000 -1.721105 
22.200000 18.900000 -1.721150 
22.200000 19.000000 -1.721112 
22.200000 19.100000 -1.720999 
22.200000 19.200000 -1.720835 
22.200000 19.300000 -1.720652 
22.200000 19.400000 -1.720487 
22.200000 19.500000 -1.720374 
22.200000 19.600000 -1.720334 
22.200000 19.700000 -1.720377 
22.200000 19.800000 -1.720494 
22.200000 19.900000 -1.720663 
22.200000 20.000000 -1.720849 
22.200000 20.100000 -1.721017 
22.200000 20.200000 -1.721133 
22.200000 20.300000 -1.721174 
22.200000 20.400000 -1.721133 
22.200000 20.500000 -1.721017 
22.200000 20.600000 -1.720849 
22.200000 20.700000 -1.720663 
22.200000 20.800000 -1.720494 
22.200000 20.900000 -1.720377 
22.200000 21.000000 -1.720334 
22.200000 21.100000 -1.720374 
22.200000 21.200000 -1.720487 
22.200000 21.300000 -1.720652 
22.200000 21.400000 -1.720835 
22.200000 21.500000 -1.720999 
22.200000 21.600000 -1.721112 
22.200000 21.700000 -1.721150 
22.200000 21.800000 -1.721105 
22.200000 21.900000 -1.720986 
22.200000 22.000000 -1.720814 
22.200000 22.100000 -1.720624 
22.200000 22.200000 -1.720452 
22.200000 22.300000 -1.720332 
22.300000 18.200000 -1.720164 
22.300000 18.300000 -1.720211 
22.300000 18.400000 -1.720332 
22.300000 18.500000 -1.720504 
22.300000 18.600000 -1.720695 
22.300000 18.700000 -1.720867 
22.300000 18.800000 -1.720987 
22.300000 18.900000 -1.721032 
22.300000 19.000000 -1.720994 
22.300000 19.100000 -1.720881 
22.300000 19.200000 -1.720716 
22.300000 19.300000 -1.720532 
22.300000 19.400000 -1.720367 
22.300000 19.500000 -1.720253 
22.300000 19.600000 -1.720213 
22.300000 19.700000 -1.720256 
22.300000 19.800000 -1.720374 
22.300000 19.900000 -1.720543 
22.300000 20.000000 -1.720730 
22.300000 20.100000 -1.720898 
22.300000 20.200000 -1.721015 
22.300000 20.300000 -1.721056 
22.300000 20.400000 -1.721015 
22.300000 20.500000 -1.720898 
22.300000 20.600000 -1.720730 
22.300000 20.700000 -1.720543 
22.300000 20.800000 -1.720374 
22.300000 20.900000 -1.720256 
22.300000 21.000000 -1.720213 
22.300000 21.100000 -1.720253 
22.300000 21.200000 -1.720367 
22.300000 21.300000 -1.720532 
22.300000 21.400000 -1.720716 
22.300000 21.500000 -1.720881 
22.300000 21.600000 -1.720994 
22.300000 21.700000 -1.721032 
22.300000 21.800000 -1.720987 
22.300000 21.900000 -1.720867 
22.300000 22.000000 -1.720695 
22.300000 22.100000 -1.720504 
22.300000 22.200000 -1.720332 
22.300000 22.300000 -1.720211 
