17.600000 17.600000 -1.315009 
17.600000 17.700000 -1.315112 
17.600000 17.800000 -1.315395 
17.600000 17.900000 -1.315817 
17.600000 18.000000 -1.316312 
17.600000 18.100000 -1.316808 
17.600000 18.200000 -1.317228 
17.600000 18.300000 -1.317510 
17.600000 18.400000 -1.317611 
17.600000 18.500000 -1.317517 
17.600000 18.600000 -1.317241 
17.600000 18.700000 -1.316827 
17.600000 18.800000 -1.316338 
17.600000 18.900000 -1.315849 
17.600000 19.000000 -1.315435 
17.600000 19.100000 -1.315158 
17.600000 19.200000 -1.315062 
17.600000 19.300000 -1.315161 
17.600000 19.400000 -1.315441 
17.600000 19.500000 -1.315859 
17.600000 19.600000 -1.316351 
17.600000 19.700000 -1.316843 
17.600000 19.800000 -1.317260 
17.600000 19.900000 -1.317539 
17.600000 20.000000 -1.317637 
17.600000 20.100000 -1.317539 
17.600000 20.200000 -1.317260 
17.600000 20.300000 -1.316843 
17.600000 20.400000 -1.316351 
17.600000 20.500000 -1.315859 
17.600000 20.600000 -1.315441 
17.600000 20.700000 -1.315161 
17.600000 20.800000 -1.315062 
17.600000 20.900000 -1.315158 
17.600000 21.000000 -1.315435 
17.600000 21.100000 -1.315849 
17.600000 21.200000 -1.316338 
17.600000 21.300000 -1.316827 
17.600000 21.400000 -1.317241 
17.600000 21.500000 -1.317517 
17.600000 21.600000 -1.317611 
17.600000 21.700000 -1.317510 
17.600000 21.800000 -1.317228 
17.600000 21.900000 -1.316808 
17.600000 22.000000 -1.316312 
17.600000 22.100000 -1.315817 
17.600000 22.200000 -1.315395 
17.600000 22.300000 -1.315112 
17.700000 17.600000 -1.315112 
17.700000 17.700000 -1.315215 
17.700000 17.800000 -1.315497 
17.700000 17.900000 -1.315917 
17.700000 18.000000 -1.316412 
17.700000 18.100000 -1.316906 
17.700000 18.200000 -1.317326 
17.700000 18.300000 -1.317607 
17.700000 18.400000 -1.317708 
17.700000 18.500000 -1.317614 
17.700000 18.600000 -1.317339 
17.700000 18.700000 -1.316926 
17.700000 18.800000 -1.316438 
17.700000 18.900000 -1.315950 
17.700000 19.000000 -1.315536 
17.700000 19.100000 -1.315260 
17.700000 19.200000 -1.315165 
17.700000 19.300000 -1.315264 
17.700000 19.400000 -1.315543 
17.700000 19.500000 -1.315960 
17.700000 19.600000 -1.316451 
17.700000 19.700000 -1.316942 
17.700000 19.800000 -1.317358 
17.700000 19.900000 -1.317636 
17.700000 20.000000 -1.317734 
17.700000 20.100000 -1.317636 
17.700000 20.200000 -1.317358 
17.700000 20.300000 -1.316942 
17.700000 20.400000 -1.316451 
17.700000 20.500000 -1.315960 
17.700000 20.600000 -1.315543 
17.700000 20.700000 -1.315264 
17.700000 20.800000 -1.315165 
17.700000 20.900000 -1.315260 
17.700000 21.000000 -1.315536 
17.700000 21.100000 -1.315950 
17.700000 21.200000 -1.316438 
17.700000 21.300000 -1.316926 
17.700000 21.400000 -1.317339 
17.700000 21.500000 -1.317614 
17.700000 21.600000 -1.317708 
17.700000 21.700000 -1.317607 
17.700000 21.800000 -1.317326 
17.700000 21.900000 -1.316906 
17.700000 22.000000 -1.316412 
17.700000 22.100000 -1.315917 
17.700000 22.200000 -1.315497 
17.700000 22.300000 -1.315215 
17.800000 17.600000 -1.315395 
17.800000 17.700000 -1.315497 
17.800000 17.800000 -1.315778 
17.800000 17.900000 -1.316195 
17.800000 18.000000 -1.316687 
17.800000 18.100000 -1.317178 
17.800000 18.200000 -1.317594 
17.800000 18.300000 -1.317874 
17.800000 18.400000 -1.317974 
17.800000 18.500000 -1.317880 
17.800000 18.600000 -1.317607 
17.800000 18.700000 -1.317197 
17.800000 18.800000 -1.316713 
17.800000 18.900000 -1.316228 
17.800000 19.000000 -1.315817 
17.800000 19.100000 -1.315543 
17.800000 19.200000 -1.315448 
17.800000 19.300000 -1.315546 
17.800000 19.400000 -1.315823 
17.800000 19.500000 -1.316237 
17.800000 19.600000 -1.316725 
17.800000 19.700000 -1.317213 
17.800000 19.800000 -1.317626 
17.800000 19.900000 -1.317903 
17.800000 20.000000 -1.318000 
17.800000 20.100000 -1.317903 
17.800000 20.200000 -1.317626 
17.800000 20.300000 -1.317213 
17.800000 20.400000 -1.316725 
17.800000 20.500000 -1.316237 
17.800000 20.600000 -1.315823 
17.800000 20.700000 -1.315546 
17.800000 20.800000 -1.315448 
17.800000 20.900000 -1.315543 
17.800000 21.000000 -1.315817 
17.800000 21.100000 -1.316228 
17.800000 21.200000 -1.316713 
17.800000 21.300000 -1.317197 
17.800000 21.400000 -1.317607 
17.800000 21.500000 -1.317880 
17.800000 21.600000 -1.317974 
17.800000 21.700000 -1.317874 
17.800000 21.800000 -1.317594 
17.800000 21.900000 -1.317178 
17.800000 22.000000 -1.316687 
17.800000 22.100000 -1.316195 
17.800000 22.200000 -1.315778 
17.800000 22.300000 -1.315497 
17.900000 17.600000 -1.315817 
17.900000 17.700000 -1.315917 
17.900000 17.800000 -1.316195 
17.900000 17.900000 -1.316609 
17.900000 18.000000 -1.317095 
17.900000 18.100000 -1.317581 
17.900000 18.200000 -1.317994 
17.900000 18.300000 -1.318270 
17.900000 18.400000 -1.318369 
17.900000 18.500000 -1.318277 
17.900000 18.600000 -1.318007 
17.900000 18.700000 -1.317601 
17.900000 18.800000 -1.317121 
17.900000 18.900000 -1.316641 
17.900000 19.000000 -1.316235 
17.900000 19.100000 -1.315963 
17.900000 19.200000 -1.315869 
17.900000 19.300000 -1.315966 
17.900000 19.400000 -1.316241 
17.900000 19.500000 -1.316651 
17.900000 19.600000 -1.317134 
17.900000 19.700000 -1.317616 
17.900000 19.800000 -1.318026 
17.900000 19.900000 -1.318299 
17.900000 20.000000 -1.318395 
17.900000 20.100000 -1.318299 
17.900000 20.200000 -1.318026 
17.900000 20.300000 -1.317616 
17.900000 20.400000 -1.317134 
17.900000 20.500000 -1.316651 
17.900000 20.600000 -1.316241 
17.900000 20.700000 -1.315966 
17.900000 20.800000 -1.315869 
17.900000 20.900000 -1.315963 
17.900000 21.000000 -1.316235 
17.900000 21.100000 -1.316641 
17.900000 21.200000 -1.317121 
17.900000 21.300000 -1.317601 
17.900000 21.400000 -1.318007 
17.900000 21.500000 -1.318277 
17.900000 21.600000 -1.318369 
17.900000 21.700000 -1.318270 
17.900000 21.800000 -1.317994 
17.900000 21.900000 -1.317581 
17.900000 22.000000 -1.317095 
17.900000 22.100000 -1.316609 
17.900000 22.200000 -1.316195 
17.900000 22.300000 -1.315917 
18.000000 17.600000 -1.316312 
18.000000 17.700000 -1.316412 
18.000000 17.800000 -1.316687 
18.000000 17.900000 -1.317095 
18.000000 18.000000 -1.317575 
18.000000 18.100000 -1.318056 
18.000000 18.200000 -1.318463 
18.000000 18.300000 -1.318737 
18.000000 18.400000 -1.318835 
18.000000 18.500000 -1.318743 
18.000000 18.600000 -1.318476 
18.000000 18.700000 -1.318075 
18.000000 18.800000 -1.317602 
18.000000 18.900000 -1.317128 
18.000000 19.000000 -1.316726 
18.000000 19.100000 -1.316458 
18.000000 19.200000 -1.316365 
18.000000 19.300000 -1.316461 
18.000000 19.400000 -1.316732 
18.000000 19.500000 -1.317137 
18.000000 19.600000 -1.317614 
18.000000 19.700000 -1.318091 
18.000000 19.800000 -1.318495 
18.000000 19.900000 -1.318765 
18.000000 20.000000 -1.318860 
18.000000 20.100000 -1.318765 
18.000000 20.200000 -1.318495 
18.000000 20.300000 -1.318091 
18.000000 20.400000 -1.317614 
18.000000 20.500000 -1.317137 
18.000000 20.600000 -1.316732 
18.000000 20.700000 -1.316461 
18.000000 20.800000 -1.316365 
18.000000 20.900000 -1.316458 
18.000000 21.000000 -1.316726 
18.000000 21.100000 -1.317128 
18.000000 21.200000 -1.317602 
18.000000 21.300000 -1.318075 
18.000000 21.400000 -1.318476 
18.000000 21.500000 -1.318743 
18.000000 21.600000 -1.318835 
18.000000 21.700000 -1.318737 
18.000000 21.800000 -1.318463 
18.000000 21.900000 -1.318056 
18.000000 22.000000 -1.317575 
18.000000 22.100000 -1.317095 
18.000000 22.200000 -1.316687 
18.000000 22.300000 -1.316412 
18.100000 17.600000 -1.316808 
18.100000 17.700000 -1.316906 
18.100000 17.800000 -1.317178 
18.100000 17.900000 -1.317581 
18.100000 18.000000 -1.318056 
18.100000 18.100000 -1.318530 
18.100000 18.200000 -1.318933 
18.100000 18.300000 -1.319203 
18.100000 18.400000 -1.319300 
18.100000 18.500000 -1.319209 
18.100000 18.600000 -1.318946 
18.100000 18.700000 -1.318550 
18.100000 18.800000 -1.318082 
18.100000 18.900000 -1.317614 
18.100000 19.000000 -1.317217 
18.100000 19.100000 -1.316952 
18.100000 19.200000 -1.316860 
18.100000 19.300000 -1.316955 
18.100000 19.400000 -1.317223 
18.100000 19.500000 -1.317623 
18.100000 19.600000 -1.318094 
18.100000 19.700000 -1.318566 
18.100000 19.800000 -1.318965 
18.100000 19.900000 -1.319232 
18.100000 20.000000 -1.319325 
18.100000 20.100000 -1.319232 
18.100000 20.200000 -1.318965 
18.100000 20.300000 -1.318566 
18.100000 20.400000 -1.318094 
18.100000 20.500000 -1.317623 
18.100000 20.600000 -1.317223 
18.100000 20.700000 -1.316955 
18.100000 20.800000 -1.316860 
18.100000 20.900000 -1.316952 
18.100000 21.000000 -1.317217 
18.100000 21.100000 -1.317614 
18.100000 21.200000 -1.318082 
18.100000 21.300000 -1.318550 
18.100000 21.400000 -1.318946 
18.100000 21.500000 -1.319209 
18.100000 21.600000 -1.319300 
18.100000 21.700000 -1.319203 
18.100000 21.800000 -1.318933 
18.100000 21.900000 -1.318530 
18.100000 22.000000 -1.318056 
18.100000 22.100000 -1.317581 
18.100000 22.200000 -1.317178 
18.100000 22.300000 -1.316906 
18.200000 17.600000 -1.317228 
18.200000 17.700000 -1.317326 
18.200000 17.800000 -1.317594 
18.200000 17.900000 -1.317994 
18.200000 18.000000 -1.318463 
18.200000 18.100000 -1.318933 
18.200000 18.200000 -1.319331 
18.200000 18.300000 -1.319598 
18.200000 18.400000 -1.319694 
18.200000 18.500000 -1.319605 
18.200000 18.600000 -1.319344 
18.200000 18.700000 -1.318952 
18.200000 18.800000 -1.318489 
18.200000 18.900000 -1.318026 
18.200000 19.000000 -1.317634 
18.200000 19.100000 -1.317372 
18.200000 19.200000 -1.317281 
18.200000 19.300000 -1.317375 
18.200000 19.400000 -1.317640 
18.200000 19.500000 -1.318036 
18.200000 19.600000 -1.318502 
18.200000 19.700000 -1.318968 
18.200000 19.800000 -1.319363 
18.200000 19.900000 -1.319627 
18.200000 20.000000 -1.319720 
18.200000 20.100000 -1.319627 
18.200000 20.200000 -1.319363 
18.200000 20.300000 -1.318968 
18.200000 20.400000 -1.318502 
18.200000 20.500000 -1.318036 
18.200000 20.600000 -1.317640 
18.200000 20.700000 -1.317375 
18.200000 20.800000 -1.317281 
18.200000 20.900000 -1.317372 
18.200000 21.000000 -1.317634 
18.200000 21.100000 -1.318026 
18.200000 21.200000 -1.318489 
18.200000 21.300000 -1.318952 
18.200000 21.400000 -1.319344 
18.200000 21.500000 -1.319605 
18.200000 21.600000 -1.319694 
18.200000 21.700000 -1.319598 
18.200000 21.800000 -1.319331 
18.200000 21.900000 -1.318933 
18.200000 22.000000 -1.318463 
18.200000 22.100000 -1.317994 
18.200000 22.200000 -1.317594 
18.200000 22.300000 -1.317326 
18.300000 17.600000 -1.317510 
18.300000 17.700000 -1.317607 
18.300000 17.800000 -1.317874 
18.300000 17.900000 -1.318270 
18.300000 18.000000 -1.318737 
18.300000 18.100000 -1.319203 
18.300000 18.200000 -1.319598 
18.300000 18.300000 -1.319864 
18.300000 18.400000 -1.319959 
18.300000 18.500000 -1.319870 
18.300000 18.600000 -1.319611 
18.300000 18.700000 -1.319222 
18.300000 18.800000 -1.318763 
18.300000 18.900000 -1.318303 
18.300000 19.000000 -1.317913 
18.300000 19.100000 -1.317653 
18.300000 19.200000 -1.317563 
18.300000 19.300000 -1.317656 
18.300000 19.400000 -1.317919 
18.300000 19.500000 -1.318312 
18.300000 19.600000 -1.318775 
18.300000 19.700000 -1.319238 
18.300000 19.800000 -1.319630 
18.300000 19.900000 -1.319892 
18.300000 20.000000 -1.319984 
18.300000 20.100000 -1.319892 
18.300000 20.200000 -1.319630 
18.300000 20.300000 -1.319238 
18.300000 20.400000 -1.318775 
18.300000 20.500000 -1.318312 
18.300000 20.600000 -1.317919 
18.300000 20.700000 -1.317656 
18.300000 20.800000 -1.317563 
18.300000 20.900000 -1.317653 
18.300000 21.000000 -1.317913 
18.300000 21.100000 -1.318303 
18.300000 21.200000 -1.318763 
18.300000 21.300000 -1.319222 
18.300000 21.400000 -1.319611 
18.300000 21.500000 -1.319870 
18.300000 21.600000 -1.319959 
18.300000 21.700000 -1.319864 
18.300000 21.800000 -1.319598 
18.300000 21.900000 -1.319203 
18.300000 22.000000 -1.318737 
18.300000 22.100000 -1.318270 
18.300000 22.200000 -1.317874 
18.300000 22.300000 -1.317607 
18.400000 17.600000 -1.317611 
18.400000 17.700000 -1.317708 
18.400000 17.800000 -1.317974 
18.400000 17.900000 -1.318369 
18.400000 18.000000 -1.318835 
18.400000 18.100000 -1.319300 
18.400000 18.200000 -1.319694 
18.400000 18.300000 -1.319959 
18.400000 18.400000 -1.320054 
18.400000 18.500000 -1.319965 
18.400000 18.600000 -1.319707 
18.400000 18.700000 -1.319319 
18.400000 18.800000 -1.318861 
18.400000 18.900000 -1.318402 
18.400000 19.000000 -1.318013 
18.400000 19.100000 -1.317754 
18.400000 19.200000 -1.317664 
18.400000 19.300000 -1.317757 
18.400000 19.400000 -1.318020 
18.400000 19.500000 -1.318412 
18.400000 19.600000 -1.318873 
18.400000 19.700000 -1.319335 
18.400000 19.800000 -1.319726 
18.400000 19.900000 -1.319988 
18.400000 20.000000 -1.320080 
18.400000 20.100000 -1.319988 
18.400000 20.200000 -1.319726 
18.400000 20.300000 -1.319335 
18.400000 20.400000 -1.318873 
18.400000 20.500000 -1.318412 
18.400000 20.600000 -1.318020 
18.400000 20.700000 -1.317757 
18.400000 20.800000 -1.317664 
18.400000 20.900000 -1.317754 
18.400000 21.000000 -1.318013 
18.400000 21.100000 -1.318402 
18.400000 21.200000 -1.318861 
18.400000 21.300000 -1.319319 
18.400000 21.400000 -1.319707 
18.400000 21.500000 -1.319965 
18.400000 21.600000 -1.320054 
18.400000 21.700000 -1.319959 
18.400000 21.800000 -1.319694 
18.400000 21.900000 -1.319300 
18.400000 22.000000 -1.318835 
18.400000 22.100000 -1.318369 
18.400000 22.200000 -1.317974 
18.400000 22.300000 -1.317708 
18.500000 17.600000 -1.317517 
18.500000 17.700000 -1.317614 
18.500000 17.800000 -1.317880 
18.500000 17.900000 -1.318277 
18.500000 18.000000 -1.318743 
18.500000 18.100000 -1.319209 
18.500000 18.200000 -1.319605 
18.500000 18.300000 -1.319870 
18.500000 18.400000 -1.319965 
18.500000 18.500000 -1.319877 
18.500000 18.600000 -1.319618 
18.500000 18.700000 -1.319229 
18.500000 18.800000 -1.318769 
18.500000 18.900000 -1.318309 
18.500000 19.000000 -1.317920 
18.500000 19.100000 -1.317660 
18.500000 19.200000 -1.317569 
18.500000 19.300000 -1.317663 
18.500000 19.400000 -1.317926 
18.500000 19.500000 -1.318319 
18.500000 19.600000 -1.318782 
18.500000 19.700000 -1.319245 
18.500000 19.800000 -1.319637 
18.500000 19.900000 -1.319899 
18.500000 20.000000 -1.319991 
18.500000 20.100000 -1.319899 
18.500000 20.200000 -1.319637 
18.500000 20.300000 -1.319245 
18.500000 20.400000 -1.318782 
18.500000 20.500000 -1.318319 
18.500000 20.600000 -1.317926 
18.500000 20.700000 -1.317663 
18.500000 20.800000 -1.317569 
18.500000 20.900000 -1.317660 
18.500000 21.000000 -1.317920 
18.500000 21.100000 -1.318309 
18.500000 21.200000 -1.318769 
18.500000 21.300000 -1.319229 
18.500000 21.400000 -1.319618 
18.500000 21.500000 -1.319877 
18.500000 21.600000 -1.319965 
18.500000 21.700000 -1.319870 
18.500000 21.800000 -1.319605 
18.500000 21.900000 -1.319209 
18.500000 22.000000 -1.318743 
18.500000 22.100000 -1.318277 
18.500000 22.200000 -1.317880 
18.500000 22.300000 -1.317614 
18.600000 17.600000 -1.317241 
18.600000 17.700000 -1.317339 
18.600000 17.800000 -1.317607 
18.600000 17.900000 -1.318007 
18.600000 18.000000 -1.318476 
18.600000 18.100000 -1.318946 
18.600000 18.200000 -1.319344 
18.600000 18.300000 -1.319611 
18.600000 18.400000 -1.319707 
18.600000 18.500000 -1.319618 
18.600000 18.600000 -1.319357 
18.600000 18.700000 -1.318965 
18.600000 18.800000 -1.318502 
18.600000 18.900000 -1.318039 
18.600000 19.000000 -1.317647 
18.600000 19.100000 -1.317385 
18.600000 19.200000 -1.317294 
18.600000 19.300000 -1.317388 
18.600000 19.400000 -1.317653 
18.600000 19.500000 -1.318049 
18.600000 19.600000 -1.318515 
18.600000 19.700000 -1.318981 
18.600000 19.800000 -1.319376 
18.600000 19.900000 -1.319640 
18.600000 20.000000 -1.319733 
18.600000 20.100000 -1.319640 
18.600000 20.200000 -1.319376 
18.600000 20.300000 -1.318981 
18.600000 20.400000 -1.318515 
18.600000 20.500000 -1.318049 
18.600000 20.600000 -1.317653 
18.600000 20.700000 -1.317388 
18.600000 20.800000 -1.317294 
18.600000 20.900000 -1.317385 
18.600000 21.000000 -1.317647 
18.600000 21.100000 -1.318039 
18.600000 21.200000 -1.318502 
18.600000 21.300000 -1.318965 
18.600000 21.400000 -1.319357 
18.600000 21.500000 -1.319618 
18.600000 21.600000 -1.319707 
18.600000 21.700000 -1.319611 
18.600000 21.800000 -1.319344 
18.600000 21.900000 -1.318946 
18.600000 22.000000 -1.318476 
18.600000 22.100000 -1.318007 
18.600000 22.200000 -1.317607 
18.600000 22.300000 -1.317339 
18.700000 17.600000 -1.316827 
18.700000 17.700000 -1.316926 
18.700000 17.800000 -1.317197 
18.700000 17.900000 -1.317601 
18.700000 18.000000 -1.318075 
18.700000 18.100000 -1.318550 
18.700000 18.200000 -1.318952 
18.700000 18.300000 -1.319222 
18.700000 18.400000 -1.319319 
18.700000 18.500000 -1.319229 
18.700000 18.600000 -1.318965 
18.700000 18.700000 -1.318569 
18.700000 18.800000 -1.318101 
18.700000 18.900000 -1.317633 
18.700000 19.000000 -1.317236 
18.700000 19.100000 -1.316972 
18.700000 19.200000 -1.316880 
18.700000 19.300000 -1.316975 
18.700000 19.400000 -1.317243 
18.700000 19.500000 -1.317643 
18.700000 19.600000 -1.318114 
18.700000 19.700000 -1.318585 
18.700000 19.800000 -1.318984 
18.700000 19.900000 -1.319251 
18.700000 20.000000 -1.319345 
18.700000 20.100000 -1.319251 
18.700000 20.200000 -1.318984 
18.700000 20.300000 -1.318585 
18.700000 20.400000 -1.318114 
18.700000 20.500000 -1.317643 
18.700000 20.600000 -1.317243 
18.700000 20.700000 -1.316975 
18.700000 20.800000 -1.316880 
18.700000 20.900000 -1.316972 
18.700000 21.000000 -1.317236 
18.700000 21.100000 -1.317633 
18.700000 21.200000 -1.318101 
18.700000 21.300000 -1.318569 
18.700000 21.400000 -1.318965 
18.700000 21.500000 -1.319229 
18.700000 21.600000 -1.319319 
18.700000 21.700000 -1.319222 
18.700000 21.800000 -1.318952 
18.700000 21.900000 -1.318550 
18.700000 22.000000 -1.318075 
18.700000 22.100000 -1.317601 
18.700000 22.200000 -1.317197 
18.700000 22.300000 -1.316926 
18.800000 17.600000 -1.316338 
18.800000 17.700000 -1.316438 
18.800000 17.800000 -1.316713 
18.800000 17.900000 -1.317121 
18.800000 18.000000 -1.317602 
18.800000 18.100000 -1.318082 
18.800000 18.200000 -1.318489 
18.800000 18.300000 -1.318763 
18.800000 18.400000 -1.318861 
18.800000 18.500000 -1.318769 
18.800000 18.600000 -1.318502 
18.800000 18.700000 -1.318101 
18.800000 18.800000 -1.317628 
18.800000 18.900000 -1.317154 
18.800000 19.000000 -1.316752 
18.800000 19.100000 -1.316484 
18.800000 19.200000 -1.316391 
18.800000 19.300000 -1.316487 
18.800000 19.400000 -1.316758 
18.800000 19.500000 -1.317163 
18.800000 19.600000 -1.317640 
18.800000 19.700000 -1.318117 
18.800000 19.800000 -1.318521 
18.800000 19.900000 -1.318791 
18.800000 20.000000 -1.318886 
18.800000 20.100000 -1.318791 
18.800000 20.200000 -1.318521 
18.800000 20.300000 -1.318117 
18.800000 20.400000 -1.317640 
18.800000 20.500000 -1.317163 
18.800000 20.600000 -1.316758 
18.800000 20.700000 -1.316487 
18.800000 20.800000 -1.316391 
18.800000 20.900000 -1.316484 
18.800000 21.000000 -1.316752 
18.800000 21.100000 -1.317154 
18.800000 21.200000 -1.317628 
18.800000 21.300000 -1.318101 
18.800000 21.400000 -1.318502 
18.800000 21.500000 -1.318769 
18.800000 21.600000 -1.318861 
18.800000 21.700000 -1.318763 
18.800000 21.800000 -1.318489 
18.800000 21.900000 -1.318082 
18.800000 22.000000 -1.317602 
18.800000 22.100000 -1.317121 
18.800000 22.200000 -1.316713 
18.800000 22.300000 -1.316438 
18.900000 17.600000 -1.315849 
18.900000 17.700000 -1.315950 
18.900000 17.800000 -1.316228 
18.900000 17.900000 -1.316641 
18.900000 18.000000 -1.317128 
18.900000 18.100000 -1.317614 
18.900000 18.200000 -1.318026 
18.900000 18.300000 -1.318303 
18.900000 18.400000 -1.318402 
18.900000 18.500000 -1.318309 
18.900000 18.600000 -1.318039 
18.900000 18.700000 -1.317633 
18.900000 18.800000 -1.317154 
18.900000 18.900000 -1.316674 
18.900000 19.000000 -1.316267 
18.900000 19.100000 -1.315996 
18.900000 19.200000 -1.315902 
18.900000 19.300000 -1.315999 
18.900000 19.400000 -1.316274 
18.900000 19.500000 -1.316683 
18.900000 19.600000 -1.317166 
18.900000 19.700000 -1.317649 
18.900000 19.800000 -1.318058 
18.900000 19.900000 -1.318332 
18.900000 20.000000 -1.318428 
18.900000 20.100000 -1.318332 
18.900000 20.200000 -1.318058 
18.900000 20.300000 -1.317649 
18.900000 20.400000 -1.317166 
18.900000 20.500000 -1.316683 
18.900000 20.600000 -1.316274 
18.900000 20.700000 -1.315999 
18.900000 20.800000 -1.315902 
18.900000 20.900000 -1.315996 
18.900000 21.000000 -1.316267 
18.900000 21.100000 -1.316674 
18.900000 21.200000 -1.317154 
18.900000 21.300000 -1.317633 
18.900000 21.400000 -1.318039 
18.900000 21.500000 -1.318309 
18.900000 21.600000 -1.318402 
18.900000 21.700000 -1.318303 
18.900000 21.800000 -1.318026 
18.900000 21.900000 -1.317614 
18.900000 22.000000 -1.317128 
18.900000 22.100000 -1.316641 
18.900000 22.200000 -1.316228 
18.900000 22.300000 -1.315950 
19.000000 17.600000 -1.315435 
19.000000 17.700000 -1.315536 
19.000000 17.800000 -1.315817 
19.000000 17.900000 -1.316235 
19.000000 18.000000 -1.316726 
19.000000 18.100000 -1.317217 
19.000000 18.200000 -1.317634 
19.000000 18.300000 -1.317913 
19.000000 18.400000 -1.318013 
19.000000 18.500000 -1.317920 
19.000000 18.600000 -1.317647 
19.000000 18.700000 -1.317236 
19.000000 18.800000 -1.316752 
19.000000 18.900000 -1.316267 
19.000000 19.000000 -1.315856 
19.000000 19.100000 -1.315582 
19.000000 19.200000 -1.315487 
19.000000 19.300000 -1.315585 
19.000000 19.400000 -1.315863 
19.000000 19.500000 -1.316277 
19.000000 19.600000 -1.316765 
19.000000 19.700000 -1.317252 
19.000000 19.800000 -1.317666 
19.000000 19.900000 -1.317942 
19.000000 20.000000 -1.318039 
19.000000 20.100000 -1.317942 
19.000000 20.200000 -1.317666 
19.000000 20.300000 -1.317252 
19.000000 20.400000 -1.316765 
19.000000 20.500000 -1.316277 
19.000000 20.600000 -1.315863 
19.000000 20.700000 -1.315585 
19.000000 20.800000 -1.315487 
19.000000 20.900000 -1.315582 
19.000000 21.000000 -1.315856 
19.000000 21.100000 -1.316267 
19.000000 21.200000 -1.316752 
19.000000 21.300000 -1.317236 
19.000000 21.400000 -1.317647 
19.000000 21.500000 -1.317920 
19.000000 21.600000 -1.318013 
19.000000 21.700000 -1.317913 
19.000000 21.800000 -1.317634 
19.000000 21.900000 -1.317217 
19.000000 22.000000 -1.316726 
19.000000 22.100000 -1.316235 
19.000000 22.200000 -1.315817 
19.000000 22.300000 -1.315536 
19.100000 17.600000 -1.315158 
19.100000 17.700000 -1.315260 
19.100000 17.800000 -1.315543 
19.100000 17.900000 -1.315963 
19.100000 18.000000 -1.316458 
19.100000 18.100000 -1.316952 
19.100000 18.200000 -1.317372 
19.100000 18.300000 -1.317653 
19.100000 18.400000 -1.317754 
19.100000 18.500000 -1.317660 
19.100000 18.600000 -1.317385 
19.100000 18.700000 -1.316972 
19.100000 18.800000 -1.316484 
19.100000 18.900000 -1.315996 
19.100000 19.000000 -1.315582 
19.100000 19.100000 -1.315306 
19.100000 19.200000 -1.315211 
19.100000 19.300000 -1.315310 
19.100000 19.400000 -1.315589 
19.100000 19.500000 -1.316005 
19.100000 19.600000 -1.316497 
19.100000 19.700000 -1.316988 
19.100000 19.800000 -1.317404 
19.100000 19.900000 -1.317682 
19.100000 20.000000 -1.317780 
19.100000 20.100000 -1.317682 
19.100000 20.200000 -1.317404 
19.100000 20.300000 -1.316988 
19.100000 20.400000 -1.316497 
19.100000 20.500000 -1.316005 
19.100000 20.600000 -1.315589 
19.100000 20.700000 -1.315310 
19.100000 20.800000 -1.315211 
19.100000 20.900000 -1.315306 
19.100000 21.000000 -1.315582 
19.100000 21.100000 -1.315996 
19.100000 21.200000 -1.316484 
19.100000 21.300000 -1.316972 
19.100000 21.400000 -1.317385 
19.100000 21.500000 -1.317660 
19.100000 21.600000 -1.317754 
19.100000 21.700000 -1.317653 
19.100000 21.800000 -1.317372 
19.100000 21.900000 -1.316952 
19.100000 22.000000 -1.316458 
19.100000 22.100000 -1.315963 
19.100000 22.200000 -1.315543 
19.100000 22.300000 -1.315260 
19.200000 17.600000 -1.315062 
19.200000 17.700000 -1.315165 
19.200000 17.800000 -1.315448 
19.200000 17.900000 -1.315869 
19.200000 18.000000 -1.316365 
19.200000 18.100000 -1.316860 
19.200000 18.200000 -1.317281 
19.200000 18.300000 -1.317563 
19.200000 18.400000 -1.317664 
19.200000 18.500000 -1.317569 
19.200000 18.600000 -1.317294 
19.200000 18.700000 -1.316880 
19.200000 18.800000 -1.316391 
19.200000 18.900000 -1.315902 
19.200000 19.000000 -1.315487 
19.200000 19.100000 -1.315211 
19.200000 19.200000 -1.315114 
19.200000 19.300000 -1.315214 
19.200000 19.400000 -1.315493 
19.200000 19.500000 -1.315911 
19.200000 19.600000 -1.316404 
19.200000 19.700000 -1.316896 
19.200000 19.800000 -1.317313 
19.200000 19.900000 -1.317592 
19.200000 20.000000 -1.317690 
19.200000 20.100000 -1.317592 
19.200000 20.200000 -1.317313 
19.200000 20.300000 -1.316896 
19.200000 20.400000 -1.316404 
19.200000 20.500000 -1.315911 
19.200000 20.600000 -1.315493 
19.200000 20.700000 -1.315214 
19.200000 20.800000 -1.315114 
19.200000 20.900000 -1.315211 
19.200000 21.000000 -1.315487 
19.200000 21.100000 -1.315902 
19.200000 21.200000 -1.316391 
19.200000 21.300000 -1.316880 
19.200000 21.400000 -1.317294 
19.200000 21.500000 -1.317569 
19.200000 21.600000 -1.317664 
19.200000 21.700000 -1.317563 
19.200000 21.800000 -1.317281 
19.200000 21.900000 -1.316860 
19.200000 22.000000 -1.316365 
19.200000 22.100000 -1.315869 
19.200000 22.200000 -1.315448 
19.200000 22.300000 -1.315165 
19.300000 17.600000 -1.315161 
19.300000 17.700000 -1.315264 
19.300000 17.800000 -1.315546 
19.300000 17.900000 -1.315966 
19.300000 18.000000 -1.316461 
19.300000 18.100000 -1.316955 
19.300000 18.200000 -1.317375 
19.300000 18.300000 -1.317656 
19.300000 18.400000 -1.317757 
19.300000 18.500000 -1.317663 
19.300000 18.600000 -1.317388 
19.300000 18.700000 -1.316975 
19.300000 18.800000 -1.316487 
19.300000 18.900000 -1.315999 
19.300000 19.000000 -1.315585 
19.300000 19.100000 -1.315310 
19.300000 19.200000 -1.315214 
19.300000 19.300000 -1.315313 
19.300000 19.400000 -1.315592 
19.300000 19.500000 -1.316009 
19.300000 19.600000 -1.316500 
19.300000 19.700000 -1.316991 
19.300000 19.800000 -1.317407 
19.300000 19.900000 -1.317685 
19.300000 20.000000 -1.317783 
19.300000 20.100000 -1.317685 
19.300000 20.200000 -1.317407 
19.300000 20.300000 -1.316991 
19.300000 20.400000 -1.316500 
19.300000 20.500000 -1.316009 
19.300000 20.600000 -1.315592 
19.300000 20.700000 -1.315313 
19.300000 20.800000 -1.315214 
19.300000 20.900000 -1.315310 
19.300000 21.000000 -1.315585 
19.300000 21.100000 -1.315999 
19.300000 21.200000 -1.316487 
19.300000 21.300000 -1.316975 
19.300000 21.400000 -1.317388 
19.300000 21.500000 -1.317663 
19.300000 21.600000 -1.317757 
19.300000 21.700000 -1.317656 
19.300000 21.800000 -1.317375 
19.300000 21.900000 -1.316955 
19.300000 22.000000 -1.316461 
19.300000 22.100000 -1.315966 
19.300000 22.200000 -1.315546 
19.300000 22.300000 -1.315264 
19.400000 17.600000 -1.315441 
19.400000 17.700000 -1.315543 
19.400000 17.800000 -1.315823 
19.400000 17.900000 -1.316241 
19.400000 18.000000 -1.316732 
19.400000 18.100000 -1.317223 
19.400000 18.200000 -1.317640 
19.400000 18.300000 -1.317919 
19.400000 18.400000 -1.318020 
19.400000 18.500000 -1.317926 
19.400000 18.600000 -1.317653 
19.400000 18.700000 -1.317243 
19.400000 18.800000 -1.316758 
19.400000 18.900000 -1.316274 
19.400000 19.000000 -1.315863 
19.400000 19.100000 -1.315589 
19.400000 19.200000 -1.315493 
19.400000 19.300000 -1.315592 
19.400000 19.400000 -1.315869 
19.400000 19.500000 -1.316283 
19.400000 19.600000 -1.316771 
19.400000 19.700000 -1.317259 
19.400000 19.800000 -1.317672 
19.400000 19.900000 -1.317948 
19.400000 20.000000 -1.318045 
19.400000 20.100000 -1.317948 
19.400000 20.200000 -1.317672 
19.400000 20.300000 -1.317259 
19.400000 20.400000 -1.316771 
19.400000 20.500000 -1.316283 
19.400000 20.600000 -1.315869 
19.400000 20.700000 -1.315592 
19.400000 20.800000 -1.315493 
19.400000 20.900000 -1.315589 
19.400000 21.000000 -1.315863 
19.400000 21.100000 -1.316274 
19.400000 21.200000 -1.316758 
19.400000 21.300000 -1.317243 
19.400000 21.400000 -1.317653 
19.400000 21.500000 -1.317926 
19.400000 21.600000 -1.318020 
19.400000 21.700000 -1.317919 
19.400000 21.800000 -1.317640 
19.400000 21.900000 -1.317223 
19.400000 22.000000 -1.316732 
19.400000 22.100000 -1.316241 
19.400000 22.200000 -1.315823 
19.400000 22.300000 -1.315543 
19.500000 17.600000 -1.315859 
19.500000 17.700000 -1.315960 
19.500000 17.800000 -1.316237 
19.500000 17.900000 -1.316651 
19.500000 18.000000 -1.317137 
19.500000 18.100000 -1.317623 
19.500000 18.200000 -1.318036 
19.500000 18.300000 -1.318312 
19.500000 18.400000 -1.318412 
19.500000 18.500000 -1.318319 
19.500000 18.600000 -1.318049 
19.500000 18.700000 -1.317643 
19.500000 18.800000 -1.317163 
19.500000 18.900000 -1.316683 
19.500000 19.000000 -1.316277 
19.500000 19.100000 -1.316005 
19.500000 19.200000 -1.315911 
19.500000 19.300000 -1.316009 
19.500000 19.400000 -1.316283 
19.500000 19.500000 -1.316693 
19.500000 19.600000 -1.317176 
19.500000 19.700000 -1.317659 
19.500000 19.800000 -1.318068 
19.500000 19.900000 -1.318341 
19.500000 20.000000 -1.318437 
19.500000 20.100000 -1.318341 
19.500000 20.200000 -1.318068 
19.500000 20.300000 -1.317659 
19.500000 20.400000 -1.317176 
19.500000 20.500000 -1.316693 
19.500000 20.600000 -1.316283 
19.500000 20.700000 -1.316009 
19.500000 20.800000 -1.315911 
19.500000 20.900000 -1.316005 
19.500000 21.000000 -1.316277 
19.500000 21.100000 -1.316683 
19.500000 21.200000 -1.317163 
19.500000 21.300000 -1.317643 
19.500000 21.400000 -1.318049 
19.500000 21.500000 -1.318319 
19.500000 21.600000 -1.318412 
19.500000 21.700000 -1.318312 
19.500000 21.800000 -1.318036 
19.500000 21.900000 -1.317623 
19.500000 22.000000 -1.317137 
19.500000 22.100000 -1.316651 
19.500000 22.200000 -1.316237 
19.500000 22.300000 -1.315960 
19.600000 17.600000 -1.316351 
19.600000 17.700000 -1.316451 
19.600000 17.800000 -1.316725 
19.600000 17.900000 -1.317134 
19.600000 18.000000 -1.317614 
19.600000 18.100000 -1.318094 
19.600000 18.200000 -1.318502 
19.600000 18.300000 -1.318775 
19.600000 18.400000 -1.318873 
19.600000 18.500000 -1.318782 
19.600000 18.600000 -1.318515 
19.600000 18.700000 -1.318114 
19.600000 18.800000 -1.317640 
19.600000 18.900000 -1.317166 
19.600000 19.000000 -1.316765 
19.600000 19.100000 -1.316497 
19.600000 19.200000 -1.316404 
19.600000 19.300000 -1.316500 
19.600000 19.400000 -1.316771 
19.600000 19.500000 -1.317176 
19.600000 19.600000 -1.317653 
19.600000 19.700000 -1.318130 
19.600000 19.800000 -1.318534 
19.600000 19.900000 -1.318804 
19.600000 20.000000 -1.318899 
19.600000 20.100000 -1.318804 
19.600000 20.200000 -1.318534 
19.600000 20.300000 -1.318130 
19.600000 20.400000 -1.317653 
19.600000 20.500000 -1.317176 
19.600000 20.600000 -1.316771 
19.600000 20.700000 -1.316500 
19.600000 20.800000 -1.316404 
19.600000 20.900000 -1.316497 
19.600000 21.000000 -1.316765 
19.600000 21.100000 -1.317166 
19.600000 21.200000 -1.317640 
19.600000 21.300000 -1.318114 
19.600000 21.400000 -1.318515 
19.600000 21.500000 -1.318782 
19.600000 21.600000 -1.318873 
19.600000 21.700000 -1.318775 
19.600000 21.800000 -1.318502 
19.600000 21.900000 -1.318094 
19.600000 22.000000 -1.317614 
19.600000 22.100000 -1.317134 
19.600000 22.200000 -1.316725 
19.600000 22.300000 -1.316451 
19.700000 17.600000 -1.316843 
19.700000 17.700000 -1.316942 
19.700000 17.800000 -1.317213 
19.700000 17.900000 -1.317616 
19.700000 18.000000 -1.318091 
19.700000 18.100000 -1.318566 
19.700000 18.200000 -1.318968 
19.700000 18.300000 -1.319238 
19.700000 18.400000 -1.319335 
19.700000 18.500000 -1.319245 
19.700000 18.600000 -1.318981 
19.700000 18.700000 -1.318585 
19.700000 18.800000 -1.318117 
19.700000 18.900000 -1.317649 
19.700000 19.000000 -1.317252 
19.700000 19.100000 -1.316988 
19.700000 19.200000 -1.316896 
19.700000 19.300000 -1.316991 
19.700000 19.400000 -1.317259 
19.700000 19.500000 -1.317659 
19.700000 19.600000 -1.318130 
19.700000 19.700000 -1.318601 
19.700000 19.800000 -1.319000 
19.700000 19.900000 -1.319267 
19.700000 20.000000 -1.319361 
19.700000 20.100000 -1.319267 
19.700000 20.200000 -1.319000 
19.700000 20.300000 -1.318601 
19.700000 20.400000 -1.318130 
19.700000 20.500000 -1.317659 
19.700000 20.600000 -1.317259 
19.700000 20.700000 -1.316991 
19.700000 20.800000 -1.316896 
19.700000 20.900000 -1.316988 
19.700000 21.000000 -1.317252 
19.700000 21.100000 -1.317649 
19.700000 21.200000 -1.318117 
19.700000 21.300000 -1.318585 
19.700000 21.400000 -1.318981 
19.700000 21.500000 -1.319245 
19.700000 21.600000 -1.319335 
19.700000 21.700000 -1.319238 
19.700000 21.800000 -1.318968 
19.700000 21.900000 -1.318566 
19.700000 22.000000 -1.318091 
19.700000 22.100000 -1.317616 
19.700000 22.200000 -1.317213 
19.700000 22.300000 -1.316942 
19.800000 17.600000 -1.317260 
19.800000 17.700000 -1.317358 
19.800000 17.800000 -1.317626 
19.800000 17.900000 -1.318026 
19.800000 18.000000 -1.318495 
19.800000 18.100000 -1.318965 
19.800000 18.200000 -1.319363 
19.800000 18.300000 -1.319630 
19.800000 18.400000 -1.319726 
19.800000 18.500000 -1.319637 
19.800000 18.600000 -1.319376 
19.800000 18.700000 -1.318984 
19.800000 18.800000 -1.318521 
19.800000 18.900000 -1.318058 
19.800000 19.000000 -1.317666 
19.800000 19.100000 -1.317404 
19.800000 19.200000 -1.317313 
19.800000 19.300000 -1.317407 
19.800000 19.400000 -1.317672 
19.800000 19.500000 -1.318068 
19.800000 19.600000 -1.318534 
19.800000 19.700000 -1.319000 
19.800000 19.800000 -1.319395 
19.800000 19.900000 -1.319659 
19.800000 20.000000 -1.319752 
19.800000 20.100000 -1.319659 
19.800000 20.200000 -1.319395 
19.800000 20.300000 -1.319000 
19.800000 20.400000 -1.318534 
19.800000 20.500000 -1.318068 
19.800000 20.600000 -1.317672 
19.800000 20.700000 -1.317407 
19.800000 20.800000 -1.317313 
19.800000 20.900000 -1.317404 
19.800000 21.000000 -1.317666 
19.800000 21.100000 -1.318058 
19.800000 21.200000 -1.318521 
19.800000 21.300000 -1.318984 
19.800000 21.400000 -1.319376 
19.800000 21.500000 -1.319637 
19.800000 21.600000 -1.319726 
19.800000 21.700000 -1.319630 
19.800000 21.800000 -1.319363 
19.800000 21.900000 -1.318965 
19.800000 22.000000 -1.318495 
19.800000 22.100000 -1.318026 
19.800000 22.200000 -1.317626 
19.800000 22.300000 -1.317358 
19.900000 17.600000 -1.317539 
19.900000 17.700000 -1.317636 
19.900000 17.800000 -1.317903 
19.900000 17.900000 -1.318299 
19.900000 18.000000 -1.318765 
19.900000 18.100000 -1.319232 
19.900000 18.200000 -1.319627 
19.900000 18.300000 -1.319892 
19.900000 18.400000 -1.319988 
19.900000 18.500000 -1.319899 
19.900000 18.600000 -1.319640 
19.900000 18.700000 -1.319251 
19.900000 18.800000 -1.318791 
19.900000 18.900000 -1.318332 
19.900000 19.000000 -1.317942 
19.900000 19.100000 -1.317682 
19.900000 19.200000 -1.317592 
19.900000 19.300000 -1.317685 
19.900000 19.400000 -1.317948 
19.900000 19.500000 -1.318341 
19.900000 19.600000 -1.318804 
19.900000 19.700000 -1.319267 
19.900000 19.800000 -1.319659 
19.900000 19.900000 -1.319921 
19.900000 20.000000 -1.320013 
19.900000 20.100000 -1.319921 
19.900000 20.200000 -1.319659 
19.900000 20.300000 -1.319267 
19.900000 20.400000 -1.318804 
19.900000 20.500000 -1.318341 
19.900000 20.600000 -1.317948 
19.900000 20.700000 -1.317685 
19.900000 20.800000 -1.317592 
19.900000 20.900000 -1.317682 
19.900000 21.000000 -1.317942 
19.900000 21.100000 -1.318332 
19.900000 21.200000 -1.318791 
19.900000 21.300000 -1.319251 
19.900000 21.400000 -1.319640 
19.900000 21.500000 -1.319899 
19.900000 21.600000 -1.319988 
19.900000 21.700000 -1.319892 
19.900000 21.800000 -1.319627 
19.900000 21.900000 -1.319232 
19.900000 22.000000 -1.318765 
19.900000 22.100000 -1.318299 
19.900000 22.200000 -1.317903 
19.900000 22.300000 -1.317636 
20.000000 17.600000 -1.317637 
20.000000 17.700000 -1.317734 
20.000000 17.800000 -1.318000 
20.000000 17.900000 -1.318395 
20.000000 18.000000 -1.318860 
20.000000 18.100000 -1.319325 
20.000000 18.200000 -1.319720 
20.000000 18.300000 -1.319984 
20.000000 18.400000 -1.320080 
20.000000 18.500000 -1.319991 
20.000000 18.600000 -1.319733 
20.000000 18.700000 -1.319345 
20.000000 18.800000 -1.318886 
20.000000 18.900000 -1.318428 
20.000000 19.000000 -1.318039 
20.000000 19.100000 -1.317780 
20.000000 19.200000 -1.317690 
20.000000 19.300000 -1.317783 
20.000000 19.400000 -1.318045 
20.000000 19.500000 -1.318437 
20.000000 19.600000 -1.318899 
20.000000 19.700000 -1.319361 
20.000000 19.800000 -1.319752 
20.000000 19.900000 -1.320013 
20.000000 20.000000 -1.320105 
20.000000 20.100000 -1.320013 
20.000000 20.200000 -1.319752 
20.000000 20.300000 -1.319361 
20.000000 20.400000 -1.318899 
20.000000 20.500000 -1.318437 
20.000000 20.600000 -1.318045 
20.000000 20.700000 -1.317783 
20.000000 20.800000 -1.317690 
20.000000 20.900000 -1.317780 
20.000000 21.000000 -1.318039 
20.000000 21.100000 -1.318428 
20.000000 21.200000 -1.318886 
20.000000 21.300000 -1.319345 
20.000000 21.400000 -1.319733 
20.000000 21.500000 -1.319991 
20.000000 21.600000 -1.320080 
20.000000 21.700000 -1.319984 
20.000000 21.800000 -1.319720 
20.000000 21.900000 -1.319325 
20.000000 22.000000 -1.318860 
20.000000 22.100000 -1.318395 
20.000000 22.200000 -1.318000 
20.000000 22.300000 -1.317734 
20.100000 17.600000 -1.317539 
20.100000 17.700000 -1.317636 
20.100000 17.800000 -1.317903 
20.100000 17.900000 -1.318299 
20.100000 18.000000 -1.318765 
20.100000 18.100000 -1.319232 
20.100000 18.200000 -1.319627 
20.100000 18.300000 -1.319892 
20.100000 18.400000 -1.319988 
20.100000 18.500000 -1.319899 
20.100000 18.600000 -1.319640 
20.100000 18.700000 -1.319251 
20.100000 18.800000 -1.318791 
20.100000 18.900000 -1.318332 
20.100000 19.000000 -1.317942 
20.100000 19.100000 -1.317682 
20.100000 19.200000 -1.317592 
20.100000 19.300000 -1.317685 
20.100000 19.400000 -1.317948 
20.100000 19.500000 -1.318341 
20.100000 19.600000 -1.318804 
20.100000 19.700000 -1.319267 
20.100000 19.800000 -1.319659 
20.100000 19.900000 -1.319921 
20.100000 20.000000 -1.320013 
20.100000 20.100000 -1.319921 
20.100000 20.200000 -1.319659 
20.100000 20.300000 -1.319267 
20.100000 20.400000 -1.318804 
20.100000 20.500000 -1.318341 
20.100000 20.600000 -1.317948 
20.100000 20.700000 -1.317685 
20.100000 20.800000 -1.317592 
20.100000 20.900000 -1.317682 
20.100000 21.000000 -1.317942 
20.100000 21.100000 -1.318332 
20.100000 21.200000 -1.318791 
20.100000 21.300000 -1.319251 
20.100000 21.400000 -1.319640 
20.100000 21.500000 -1.319899 
20.100000 21.600000 -1.319988 
20.100000 21.700000 -1.319892 
20.100000 21.800000 -1.319627 
20.100000 21.900000 -1.319232 
20.100000 22.000000 -1.318765 
20.100000 22.100000 -1.318299 
20.100000 22.200000 -1.317903 
20.100000 22.300000 -1.317636 
20.200000 17.600000 -1.317260 
20.200000 17.700000 -1.317358 
20.200000 17.800000 -1.317626 
20.200000 17.900000 -1.318026 
20.200000 18.000000 -1.318495 
20.200000 18.100000 -1.318965 
20.200000 18.200000 -1.319363 
20.200000 18.300000 -1.319630 
20.200000 18.400000 -1.319726 
20.200000 18.500000 -1.319637 
20.200000 18.600000 -1.319376 
20.200000 18.700000 -1.318984 
20.200000 18.800000 -1.318521 
20.200000 18.900000 -1.318058 
20.200000 19.000000 -1.317666 
20.200000 19.100000 -1.317404 
20.200000 19.200000 -1.317313 
20.200000 19.300000 -1.317407 
20.200000 19.400000 -1.317672 
20.200000 19.500000 -1.318068 
20.200000 19.600000 -1.318534 
20.200000 19.700000 -1.319000 
20.200000 19.800000 -1.319395 
20.200000 19.900000 -1.319659 
20.200000 20.000000 -1.319752 
20.200000 20.100000 -1.319659 
20.200000 20.200000 -1.319395 
20.200000 20.300000 -1.319000 
20.200000 20.400000 -1.318534 
20.200000 20.500000 -1.318068 
20.200000 20.600000 -1.317672 
20.200000 20.700000 -1.317407 
20.200000 20.800000 -1.317313 
20.200000 20.900000 -1.317404 
20.200000 21.000000 -1.317666 
20.200000 21.100000 -1.318058 
20.200000 21.200000 -1.318521 
20.200000 21.300000 -1.318984 
20.200000 21.400000 -1.319376 
20.200000 21.500000 -1.319637 
20.200000 21.600000 -1.319726 
20.200000 21.700000 -1.319630 
20.200000 21.800000 -1.319363 
20.200000 21.900000 -1.318965 
20.200000 22.000000 -1.318495 
20.200000 22.100000 -1.318026 
20.200000 22.200000 -1.317626 
20.200000 22.300000 -1.317358 
20.300000 17.600000 -1.316843 
20.300000 17.700000 -1.316942 
20.300000 17.800000 -1.317213 
20.300000 17.900000 -1.317616 
20.300000 18.000000 -1.318091 
20.300000 18.100000 -1.318566 
20.300000 18.200000 -1.318968 
20.300000 18.300000 -1.319238 
20.300000 18.400000 -1.319335 
20.300000 18.500000 -1.319245 
20.300000 18.600000 -1.318981 
20.300000 18.700000 -1.318585 
20.300000 18.800000 -1.318117 
20.300000 18.900000 -1.317649 
20.300000 19.000000 -1.317252 
20.300000 19.100000 -1.316988 
20.300000 19.200000 -1.316896 
20.300000 19.300000 -1.316991 
20.300000 19.400000 -1.317259 
20.300000 19.500000 -1.317659 
20.300000 19.600000 -1.318130 
20.300000 19.700000 -1.318601 
20.300000 19.800000 -1.319000 
20.300000 19.900000 -1.319267 
20.300000 20.000000 -1.319361 
20.300000 20.100000 -1.319267 
20.300000 20.200000 -1.319000 
20.300000 20.300000 -1.318601 
20.300000 20.400000 -1.318130 
20.300000 20.500000 -1.317659 
20.300000 20.600000 -1.317259 
20.300000 20.700000 -1.316991 
20.300000 20.800000 -1.316896 
20.300000 20.900000 -1.316988 
20.300000 21.000000 -1.317252 
20.300000 21.100000 -1.317649 
20.300000 21.200000 -1.318117 
20.300000 21.300000 -1.318585 
20.300000 21.400000 -1.318981 
20.300000 21.500000 -1.319245 
20.300000 21.600000 -1.319335 
20.300000 21.700000 -1.319238 
20.300000 21.800000 -1.318968 
20.300000 21.900000 -1.318566 
20.300000 22.000000 -1.318091 
20.300000 22.100000 -1.317616 
20.300000 22.200000 -1.317213 
20.300000 22.300000 -1.316942 
20.400000 17.600000 -1.316351 
20.400000 17.700000 -1.316451 
20.400000 17.800000 -1.316725 
20.400000 17.900000 -1.317134 
20.400000 18.000000 -1.317614 
20.400000 18.100000 -1.318094 
20.400000 18.200000 -1.318502 
20.400000 18.300000 -1.318775 
20.400000 18.400000 -1.318873 
20.400000 18.500000 -1.318782 
20.400000 18.600000 -1.318515 
20.400000 18.700000 -1.318114 
20.400000 18.800000 -1.317640 
20.400000 18.900000 -1.317166 
20.400000 19.000000 -1.316765 
20.400000 19.100000 -1.316497 
20.400000 19.200000 -1.316404 
20.400000 19.300000 -1.316500 
20.400000 19.400000 -1.316771 
20.400000 19.500000 -1.317176 
20.400000 19.600000 -1.317653 
20.400000 19.700000 -1.318130 
20.400000 19.800000 -1.318534 
20.400000 19.900000 -1.318804 
20.400000 20.000000 -1.318899 
20.400000 20.100000 -1.318804 
20.400000 20.200000 -1.318534 
20.400000 20.300000 -1.318130 
20.400000 20.400000 -1.317653 
20.400000 20.500000 -1.317176 
20.400000 20.600000 -1.316771 
20.400000 20.700000 -1.316500 
20.400000 20.800000 -1.316404 
20.400000 20.900000 -1.316497 
20.400000 21.000000 -1.316765 
20.400000 21.100000 -1.317166 
20.400000 21.200000 -1.317640 
20.400000 21.300000 -1.318114 
20.400000 21.400000 -1.318515 
20.400000 21.500000 -1.318782 
20.400000 21.600000 -1.318873 
20.400000 21.700000 -1.318775 
20.400000 21.800000 -1.318502 
20.400000 21.900000 -1.318094 
20.400000 22.000000 -1.317614 
20.400000 22.100000 -1.317134 
20.400000 22.200000 -1.316725 
20.400000 22.300000 -1.316451 
20.500000 17.600000 -1.315859 
20.500000 17.700000 -1.315960 
20.500000 17.800000 -1.316237 
20.500000 17.900000 -1.316651 
20.500000 18.000000 -1.317137 
20.500000 18.100000 -1.317623 
20.500000 18.200000 -1.318036 
20.500000 18.300000 -1.318312 
20.500000 18.400000 -1.318412 
20.500000 18.500000 -1.318319 
20.500000 18.600000 -1.318049 
20.500000 18.700000 -1.317643 
20.500000 18.800000 -1.317163 
20.500000 18.900000 -1.316683 
20.500000 19.000000 -1.316277 
20.500000 19.100000 -1.316005 
20.500000 19.200000 -1.315911 
20.500000 19.300000 -1.316009 
20.500000 19.400000 -1.316283 
20.500000 19.500000 -1.316693 
20.500000 19.600000 -1.317176 
20.500000 19.700000 -1.317659 
20.500000 19.800000 -1.318068 
20.500000 19.900000 -1.318341 
20.500000 20.000000 -1.318437 
20.500000 20.100000 -1.318341 
20.500000 20.200000 -1.318068 
20.500000 20.300000 -1.317659 
20.500000 20.400000 -1.317176 
20.500000 20.500000 -1.316693 
20.500000 20.600000 -1.316283 
20.500000 20.700000 -1.316009 
20.500000 20.800000 -1.315911 
20.500000 20.900000 -1.316005 
20.500000 21.000000 -1.316277 
20.500000 21.100000 -1.316683 
20.500000 21.200000 -1.317163 
20.500000 21.300000 -1.317643 
20.500000 21.400000 -1.318049 
20.500000 21.500000 -1.318319 
20.500000 21.600000 -1.318412 
20.500000 21.700000 -1.318312 
20.500000 21.800000 -1.318036 
20.500000 21.900000 -1.317623 
20.500000 22.000000 -1.317137 
20.500000 22.100000 -1.316651 
20.500000 22.200000 -1.316237 
20.500000 22.300000 -1.315960 
20.600000 17.600000 -1.315441 
20.600000 17.700000 -1.315543 
20.600000 17.800000 -1.315823 
20.600000 17.900000 -1.316241 
20.600000 18.000000 -1.316732 
20.600000 18.100000 -1.317223 
20.600000 18.200000 -1.317640 
20.600000 18.300000 -1.317919 
20.600000 18.400000 -1.318020 
20.600000 18.500000 -1.317926 
20.600000 18.600000 -1.317653 
20.600000 18.700000 -1.317243 
20.600000 18.800000 -1.316758 
20.600000 18.900000 -1.316274 
20.600000 19.000000 -1.315863 
20.600000 19.100000 -1.315589 
20.600000 19.200000 -1.315493 
20.600000 19.300000 -1.315592 
20.600000 19.400000 -1.315869 
20.600000 19.500000 -1.316283 
20.600000 19.600000 -1.316771 
20.600000 19.700000 -1.317259 
20.600000 19.800000 -1.317672 
20.600000 19.900000 -1.317948 
20.600000 20.000000 -1.318045 
20.600000 20.100000 -1.317948 
20.600000 20.200000 -1.317672 
20.600000 20.300000 -1.317259 
20.600000 20.400000 -1.316771 
20.600000 20.500000 -1.316283 
20.600000 20.600000 -1.315869 
20.600000 20.700000 -1.315592 
20.600000 20.800000 -1.315493 
20.600000 20.900000 -1.315589 
20.600000 21.000000 -1.315863 
20.600000 21.100000 -1.316274 
20.600000 21.200000 -1.316758 
20.600000 21.300000 -1.317243 
20.600000 21.400000 -1.317653 
20.600000 21.500000 -1.317926 
20.600000 21.600000 -1.318020 
20.600000 21.700000 -1.317919 
20.600000 21.800000 -1.317640 
20.600000 21.900000 -1.317223 
20.600000 22.000000 -1.316732 
20.600000 22.100000 -1.316241 
20.600000 22.200000 -1.315823 
20.600000 22.300000 -1.315543 
20.700000 17.600000 -1.315161 
20.700000 17.700000 -1.315264 
20.700000 17.800000 -1.315546 
20.700000 17.900000 -1.315966 
20.700000 18.000000 -1.316461 
20.700000 18.100000 -1.316955 
20.700000 18.200000 -1.317375 
20.700000 18.300000 -1.317656 
20.700000 18.400000 -1.317757 
20.700000 18.500000 -1.317663 
20.700000 18.600000 -1.317388 
20.700000 18.700000 -1.316975 
20.700000 18.800000 -1.316487 
20.700000 18.900000 -1.315999 
20.700000 19.000000 -1.315585 
20.700000 19.100000 -1.315310 
20.700000 19.200000 -1.315214 
20.700000 19.300000 -1.315313 
20.700000 19.400000 -1.315592 
20.700000 19.500000 -1.316009 
20.700000 19.600000 -1.316500 
20.700000 19.700000 -1.316991 
20.700000 19.800000 -1.317407 
20.700000 19.900000 -1.317685 
20.700000 20.000000 -1.317783 
20.700000 20.100000 -1.317685 
20.700000 20.200000 -1.317407 
20.700000 20.300000 -1.316991 
20.700000 20.400000 -1.316500 
20.700000 20.500000 -1.316009 
20.700000 20.600000 -1.315592 
20.700000 20.700000 -1.315313 
20.700000 20.800000 -1.315214 
20.700000 20.900000 -1.315310 
20.700000 21.000000 -1.315585 
20.700000 21.100000 -1.315999 
20.700000 21.200000 -1.316487 
20.700000 21.300000 -1.316975 
20.700000 21.400000 -1.317388 
20.700000 21.500000 -1.317663 
20.700000 21.600000 -1.317757 
20.700000 21.700000 -1.317656 
20.700000 21.800000 -1.317375 
20.700000 21.900000 -1.316955 
20.700000 22.000000 -1.316461 
20.700000 22.100000 -1.315966 
20.700000 22.200000 -1.315546 
20.700000 22.300000 -1.315264 
20.800000 17.600000 -1.315062 
20.800000 17.700000 -1.315165 
20.800000 17.800000 -1.315448 
20.800000 17.900000 -1.315869 
20.800000 18.000000 -1.316365 
20.800000 18.100000 -1.316860 
20.800000 18.200000 -1.317281 
20.800000 18.300000 -1.317563 
20.800000 18.400000 -1.317664 
20.800000 18.500000 -1.317569 
20.800000 18.600000 -1.317294 
20.800000 18.700000 -1.316880 
20.800000 18.800000 -1.316391 
20.800000 18.900000 -1.315902 
20.800000 19.000000 -1.315487 
20.800000 19.100000 -1.315211 
20.800000 19.200000 -1.315114 
20.800000 19.300000 -1.315214 
20.800000 19.400000 -1.315493 
20.800000 19.500000 -1.315911 
20.800000 19.600000 -1.316404 
20.800000 19.700000 -1.316896 
20.800000 19.800000 -1.317313 
20.800000 19.900000 -1.317592 
20.800000 20.000000 -1.317690 
20.800000 20.100000 -1.317592 
20.800000 20.200000 -1.317313 
20.800000 20.300000 -1.316896 
20.800000 20.400000 -1.316404 
20.800000 20.500000 -1.315911 
20.800000 20.600000 -1.315493 
20.800000 20.700000 -1.315214 
20.800000 20.800000 -1.315114 
20.800000 20.900000 -1.315211 
20.800000 21.000000 -1.315487 
20.800000 21.100000 -1.315902 
20.800000 21.200000 -1.316391 
20.800000 21.300000 -1.316880 
20.800000 21.400000 -1.317294 
20.800000 21.500000 -1.317569 
20.800000 21.600000 -1.317664 
20.800000 21.700000 -1.317563 
20.800000 21.800000 -1.317281 
20.800000 21.900000 -1.316860 
20.800000 22.000000 -1.316365 
20.800000 22.100000 -1.315869 
20.800000 22.200000 -1.315448 
20.800000 22.300000 -1.315165 
20.900000 17.600000 -1.315158 
20.900000 17.700000 -1.315260 
20.900000 17.800000 -1.315543 
20.900000 17.900000 -1.315963 
20.900000 18.000000 -1.316458 
20.900000 18.100000 -1.316952 
20.900000 18.200000 -1.317372 
20.900000 18.300000 -1.317653 
20.900000 18.400000 -1.317754 
20.900000 18.500000 -1.317660 
20.900000 18.600000 -1.317385 
20.900000 18.700000 -1.316972 
20.900000 18.800000 -1.316484 
20.900000 18.900000 -1.315996 
20.900000 19.000000 -1.315582 
20.900000 19.100000 -1.315306 
20.900000 19.200000 -1.315211 
20.900000 19.300000 -1.315310 
20.900000 19.400000 -1.315589 
20.900000 19.500000 -1.316005 
20.900000 19.600000 -1.316497 
20.900000 19.700000 -1.316988 
20.900000 19.800000 -1.317404 
20.900000 19.900000 -1.317682 
20.900000 20.000000 -1.317780 
20.900000 20.100000 -1.317682 
20.900000 20.200000 -1.317404 
20.900000 20.300000 -1.316988 
20.900000 20.400000 -1.316497 
20.900000 20.500000 -1.316005 
20.900000 20.600000 -1.315589 
20.900000 20.700000 -1.315310 
20.900000 20.800000 -1.315211 
20.900000 20.900000 -1.315306 
20.900000 21.000000 -1.315582 
20.900000 21.100000 -1.315996 
20.900000 21.200000 -1.316484 
20.900000 21.300000 -1.316972 
20.900000 21.400000 -1.317385 
20.900000 21.500000 -1.317660 
20.900000 21.600000 -1.317754 
20.900000 21.700000 -1.317653 
20.900000 21.800000 -1.317372 
20.900000 21.900000 -1.316952 
20.900000 22.000000 -1.316458 
20.900000 22.100000 -1.315963 
20.900000 22.200000 -1.315543 
20.900000 22.300000 -1.315260 
21.000000 17.600000 -1.315435 
21.000000 17.700000 -1.315536 
21.000000 17.800000 -1.315817 
21.000000 17.900000 -1.316235 
21.000000 18.000000 -1.316726 
21.000000 18.100000 -1.317217 
21.000000 18.200000 -1.317634 
21.000000 18.300000 -1.317913 
21.000000 18.400000 -1.318013 
21.000000 18.500000 -1.317920 
21.000000 18.600000 -1.317647 
21.000000 18.700000 -1.317236 
21.000000 18.800000 -1.316752 
21.000000 18.900000 -1.316267 
21.000000 19.000000 -1.315856 
21.000000 19.100000 -1.315582 
21.000000 19.200000 -1.315487 
21.000000 19.300000 -1.315585 
21.000000 19.400000 -1.315863 
21.000000 19.500000 -1.316277 
21.000000 19.600000 -1.316765 
21.000000 19.700000 -1.317252 
21.000000 19.800000 -1.317666 
21.000000 19.900000 -1.317942 
21.000000 20.000000 -1.318039 
21.000000 20.100000 -1.317942 
21.000000 20.200000 -1.317666 
21.000000 20.300000 -1.317252 
21.000000 20.400000 -1.316765 
21.000000 20.500000 -1.316277 
21.000000 20.600000 -1.315863 
21.000000 20.700000 -1.315585 
21.000000 20.800000 -1.315487 
21.000000 20.900000 -1.315582 
21.000000 21.000000 -1.315856 
21.000000 21.100000 -1.316267 
21.000000 21.200000 -1.316752 
21.000000 21.300000 -1.317236 
21.000000 21.400000 -1.317647 
21.000000 21.500000 -1.317920 
21.000000 21.600000 -1.318013 
21.000000 21.700000 -1.317913 
21.000000 21.800000 -1.317634 
21.000000 21.900000 -1.317217 
21.000000 22.000000 -1.316726 
21.000000 22.100000 -1.316235 
21.000000 22.200000 -1.315817 
21.000000 22.300000 -1.315536 
21.100000 17.600000 -1.315849 
21.100000 17.700000 -1.315950 
21.100000 17.800000 -1.316228 
21.100000 17.900000 -1.316641 
21.100000 18.000000 -1.317128 
21.100000 18.100000 -1.317614 
21.100000 18.200000 -1.318026 
21.100000 18.300000 -1.318303 
21.100000 18.400000 -1.318402 
21.100000 18.500000 -1.318309 
21.100000 18.600000 -1.318039 
21.100000 18.700000 -1.317633 
21.100000 18.800000 -1.317154 
21.100000 18.900000 -1.316674 
21.100000 19.000000 -1.316267 
21.100000 19.100000 -1.315996 
21.100000 19.200000 -1.315902 
21.100000 19.300000 -1.315999 
21.100000 19.400000 -1.316274 
21.100000 19.500000 -1.316683 
21.100000 19.600000 -1.317166 
21.100000 19.700000 -1.317649 
21.100000 19.800000 -1.318058 
21.100000 19.900000 -1.318332 
21.100000 20.000000 -1.318428 
21.100000 20.100000 -1.318332 
21.100000 20.200000 -1.318058 
21.100000 20.300000 -1.317649 
21.100000 20.400000 -1.317166 
21.100000 20.500000 -1.316683 
21.100000 20.600000 -1.316274 
21.100000 20.700000 -1.315999 
21.100000 20.800000 -1.315902 
21.100000 20.900000 -1.315996 
21.100000 21.000000 -1.316267 
21.100000 21.100000 -1.316674 
21.100000 21.200000 -1.317154 
21.100000 21.300000 -1.317633 
21.100000 21.400000 -1.318039 
21.100000 21.500000 -1.318309 
21.100000 21.600000 -1.318402 
21.100000 21.700000 -1.318303 
21.100000 21.800000 -1.318026 
21.100000 21.900000 -1.317614 
21.100000 22.000000 -1.317128 
21.100000 22.100000 -1.316641 
21.100000 22.200000 -1.316228 
21.100000 22.300000 -1.315950 
21.200000 17.600000 -1.316338 
21.200000 17.700000 -1.316438 
21.200000 17.800000 -1.316713 
21.200000 17.900000 -1.317121 
21.200000 18.000000 -1.317602 
21.200000 18.100000 -1.318082 
21.200000 18.200000 -1.318489 
21.200000 18.300000 -1.318763 
21.200000 18.400000 -1.318861 
21.200000 18.500000 -1.318769 
21.200000 18.600000 -1.318502 
21.200000 18.700000 -1.318101 
21.200000 18.800000 -1.317628 
21.200000 18.900000 -1.317154 
21.200000 19.000000 -1.316752 
21.200000 19.100000 -1.316484 
21.200000 19.200000 -1.316391 
21.200000 19.300000 -1.316487 
21.200000 19.400000 -1.316758 
21.200000 19.500000 -1.317163 
21.200000 19.600000 -1.317640 
21.200000 19.700000 -1.318117 
21.200000 19.800000 -1.318521 
21.200000 19.900000 -1.318791 
21.200000 20.000000 -1.318886 
21.200000 20.100000 -1.318791 
21.200000 20.200000 -1.318521 
21.200000 20.300000 -1.318117 
21.200000 20.400000 -1.317640 
21.200000 20.500000 -1.317163 
21.200000 20.600000 -1.316758 
21.200000 20.700000 -1.316487 
21.200000 20.800000 -1.316391 
21.200000 20.900000 -1.316484 
21.200000 21.000000 -1.316752 
21.200000 21.100000 -1.317154 
21.200000 21.200000 -1.317628 
21.200000 21.300000 -1.318101 
21.200000 21.400000 -1.318502 
21.200000 21.500000 -1.318769 
21.200000 21.600000 -1.318861 
21.200000 21.700000 -1.318763 
21.200000 21.800000 -1.318489 
21.200000 21.900000 -1.318082 
21.200000 22.000000 -1.317602 
21.200000 22.100000 -1.317121 
21.200000 22.200000 -1.316713 
21.200000 22.300000 -1.316438 
21.300000 17.600000 -1.316827 
21.300000 17.700000 -1.316926 
21.300000 17.800000 -1.317197 
21.300000 17.900000 -1.317601 
21.300000 18.000000 -1.318075 
21.300000 18.100000 -1.318550 
21.300000 18.200000 -1.318952 
21.300000 18.300000 -1.319222 
21.300000 18.400000 -1.319319 
21.300000 18.500000 -1.319229 
21.300000 18.600000 -1.318965 
21.300000 18.700000 -1.318569 
21.300000 18.800000 -1.318101 
21.300000 18.900000 -1.317633 
21.300000 19.000000 -1.317236 
21.300000 19.100000 -1.316972 
21.300000 19.200000 -1.316880 
21.300000 19.300000 -1.316975 
21.300000 19.400000 -1.317243 
21.300000 19.500000 -1.317643 
21.300000 19.600000 -1.318114 
21.300000 19.700000 -1.318585 
21.300000 19.800000 -1.318984 
21.300000 19.900000 -1.319251 
21.300000 20.000000 -1.319345 
21.300000 20.100000 -1.319251 
21.300000 20.200000 -1.318984 
21.300000 20.300000 -1.318585 
21.300000 20.400000 -1.318114 
21.300000 20.500000 -1.317643 
21.300000 20.600000 -1.317243 
21.300000 20.700000 -1.316975 
21.300000 20.800000 -1.316880 
21.300000 20.900000 -1.316972 
21.300000 21.000000 -1.317236 
21.300000 21.100000 -1.317633 
21.300000 21.200000 -1.318101 
21.300000 21.300000 -1.318569 
21.300000 21.400000 -1.318965 
21.300000 21.500000 -1.319229 
21.300000 21.600000 -1.319319 
21.300000 21.700000 -1.319222 
21.300000 21.800000 -1.318952 
21.300000 21.900000 -1.318550 
21.300000 22.000000 -1.318075 
21.300000 22.100000 -1.317601 
21.300000 22.200000 -1.317197 
21.300000 22.300000 -1.316926 
21.400000 17.600000 -1.317241 
21.400000 17.700000 -1.317339 
21.400000 17.800000 -1.317607 
21.400000 17.900000 -1.318007 
21.400000 18.000000 -1.318476 
21.400000 18.100000 -1.318946 
21.400000 18.200000 -1.319344 
21.400000 18.300000 -1.319611 
21.400000 18.400000 -1.319707 
21.400000 18.500000 -1.319618 
21.400000 18.600000 -1.319357 
21.400000 18.700000 -1.318965 
21.400000 18.800000 -1.318502 
21.400000 18.900000 -1.318039 
21.400000 19.000000 -1.317647 
21.400000 19.100000 -1.317385 
21.400000 19.200000 -1.317294 
21.400000 19.300000 -1.317388 
21.400000 19.400000 -1.317653 
21.400000 19.500000 -1.318049 
21.400000 19.600000 -1.318515 
21.400000 19.700000 -1.318981 
21.400000 19.800000 -1.319376 
21.400000 19.900000 -1.319640 
21.400000 20.000000 -1.319733 
21.400000 20.100000 -1.319640 
21.400000 20.200000 -1.319376 
21.400000 20.300000 -1.318981 
21.400000 20.400000 -1.318515 
21.400000 20.500000 -1.318049 
21.400000 20.600000 -1.317653 
21.400000 20.700000 -1.317388 
21.400000 20.800000 -1.317294 
21.400000 20.900000 -1.317385 
21.400000 21.000000 -1.317647 
21.400000 21.100000 -1.318039 
21.400000 21.200000 -1.318502 
21.400000 21.300000 -1.318965 
21.400000 21.400000 -1.319357 
21.400000 21.500000 -1.319618 
21.400000 21.600000 -1.319707 
21.400000 21.700000 -1.319611 
21.400000 21.800000 -1.319344 
21.400000 21.900000 -1.318946 
21.400000 22.000000 -1.318476 
21.400000 22.100000 -1.318007 
21.400000 22.200000 -1.317607 
21.400000 22.300000 -1.317339 
21.500000 17.600000 -1.317517 
21.500000 17.700000 -1.317614 
21.500000 17.800000 -1.317880 
21.500000 17.900000 -1.318277 
21.500000 18.000000 -1.318743 
21.500000 18.100000 -1.319209 
21.500000 18.200000 -1.319605 
21.500000 18.300000 -1.319870 
21.500000 18.400000 -1.319965 
21.500000 18.500000 -1.319877 
21.500000 18.600000 -1.319618 
21.500000 18.700000 -1.319229 
21.500000 18.800000 -1.318769 
21.500000 18.900000 -1.318309 
21.500000 19.000000 -1.317920 
21.500000 19.100000 -1.317660 
21.500000 19.200000 -1.317569 
21.500000 19.300000 -1.317663 
21.500000 19.400000 -1.317926 
21.500000 19.500000 -1.318319 
21.500000 19.600000 -1.318782 
21.500000 19.700000 -1.319245 
21.500000 19.800000 -1.319637 
21.500000 19.900000 -1.319899 
21.500000 20.000000 -1.319991 
21.500000 20.100000 -1.319899 
21.500000 20.200000 -1.319637 
21.500000 20.300000 -1.319245 
21.500000 20.400000 -1.318782 
21.500000 20.500000 -1.318319 
21.500000 20.600000 -1.317926 
21.500000 20.700000 -1.317663 
21.500000 20.800000 -1.317569 
21.500000 20.900000 -1.317660 
21.500000 21.000000 -1.317920 
21.500000 21.100000 -1.318309 
21.500000 21.200000 -1.318769 
21.500000 21.300000 -1.319229 
21.500000 21.400000 -1.319618 
21.500000 21.500000 -1.319877 
21.500000 21.600000 -1.319965 
21.500000 21.700000 -1.319870 
21.500000 21.800000 -1.319605 
21.500000 21.900000 -1.319209 
21.500000 22.000000 -1.318743 
21.500000 22.100000 -1.318277 
21.500000 22.200000 -1.317880 
21.500000 22.300000 -1.317614 
21.600000 17.600000 -1.317611 
21.600000 17.700000 -1.317708 
21.600000 17.800000 -1.317974 
21.600000 17.900000 -1.318369 
21.600000 18.000000 -1.318835 
21.600000 18.100000 -1.319300 
21.600000 18.200000 -1.319694 
21.600000 18.300000 -1.319959 
21.600000 18.400000 -1.320054 
21.600000 18.500000 -1.319965 
21.600000 18.600000 -1.319707 
21.600000 18.700000 -1.319319 
21.600000 18.800000 -1.318861 
21.600000 18.900000 -1.318402 
21.600000 19.000000 -1.318013 
21.600000 19.100000 -1.317754 
21.600000 19.200000 -1.317664 
21.600000 19.300000 -1.317757 
21.600000 19.400000 -1.318020 
21.600000 19.500000 -1.318412 
21.600000 19.600000 -1.318873 
21.600000 19.700000 -1.319335 
21.600000 19.800000 -1.319726 
21.600000 19.900000 -1.319988 
21.600000 20.000000 -1.320080 
21.600000 20.100000 -1.319988 
21.600000 20.200000 -1.319726 
21.600000 20.300000 -1.319335 
21.600000 20.400000 -1.318873 
21.600000 20.500000 -1.318412 
21.600000 20.600000 -1.318020 
21.600000 20.700000 -1.317757 
21.600000 20.800000 -1.317664 
21.600000 20.900000 -1.317754 
21.600000 21.000000 -1.318013 
21.600000 21.100000 -1.318402 
21.600000 21.200000 -1.318861 
21.600000 21.300000 -1.319319 
21.600000 21.400000 -1.319707 
21.600000 21.500000 -1.319965 
21.600000 21.600000 -1.320054 
21.600000 21.700000 -1.319959 
21.600000 21.800000 -1.319694 
21.600000 21.900000 -1.319300 
21.600000 22.000000 -1.318835 
21.600000 22.100000 -1.318369 
21.600000 22.200000 -1.317974 
21.600000 22.300000 -1.317708 
21.700000 17.600000 -1.317510 
21.700000 17.700000 -1.317607 
21.700000 17.800000 -1.317874 
21.700000 17.900000 -1.318270 
21.700000 18.000000 -1.318737 
21.700000 18.100000 -1.319203 
21.700000 18.200000 -1.319598 
21.700000 18.300000 -1.319864 
21.700000 18.400000 -1.319959 
21.700000 18.500000 -1.319870 
21.700000 18.600000 -1.319611 
21.700000 18.700000 -1.319222 
21.700000 18.800000 -1.318763 
21.700000 18.900000 -1.318303 
21.700000 19.000000 -1.317913 
21.700000 19.100000 -1.317653 
21.700000 19.200000 -1.317563 
21.700000 19.300000 -1.317656 
21.700000 19.400000 -1.317919 
21.700000 19.500000 -1.318312 
21.700000 19.600000 -1.318775 
21.700000 19.700000 -1.319238 
21.700000 19.800000 -1.319630 
21.700000 19.900000 -1.319892 
21.700000 20.000000 -1.319984 
21.700000 20.100000 -1.319892 
21.700000 20.200000 -1.319630 
21.700000 20.300000 -1.319238 
21.700000 20.400000 -1.318775 
21.700000 20.500000 -1.318312 
21.700000 20.600000 -1.317919 
21.700000 20.700000 -1.317656 
21.700000 20.800000 -1.317563 
21.700000 20.900000 -1.317653 
21.700000 21.000000 -1.317913 
21.700000 21.100000 -1.318303 
21.700000 21.200000 -1.318763 
21.700000 21.300000 -1.319222 
21.700000 21.400000 -1.319611 
21.700000 21.500000 -1.319870 
21.700000 21.600000 -1.319959 
21.700000 21.700000 -1.319864 
21.700000 21.800000 -1.319598 
21.700000 21.900000 -1.319203 
21.700000 22.000000 -1.318737 
21.700000 22.100000 -1.318270 
21.700000 22.200000 -1.317874 
21.700000 22.300000 -1.317607 
21.800000 17.600000 -1.317228 
21.800000 17.700000 -1.317326 
21.800000 17.800000 -1.317594 
21.800000 17.900000 -1.317994 
21.800000 18.000000 -1.318463 
21.800000 18.100000 -1.318933 
21.800000 18.200000 -1.319331 
21.800000 18.300000 -1.319598 
21.800000 18.400000 -1.319694 
21.800000 18.500000 -1.319605 
21.800000 18.600000 -1.319344 
21.800000 18.700000 -1.318952 
21.800000 18.800000 -1.318489 
21.800000 18.900000 -1.318026 
21.800000 19.000000 -1.317634 
21.800000 19.100000 -1.317372 
21.800000 19.200000 -1.317281 
21.800000 19.300000 -1.317375 
21.800000 19.400000 -1.317640 
21.800000 19.500000 -1.318036 
21.800000 19.600000 -1.318502 
21.800000 19.700000 -1.318968 
21.800000 19.800000 -1.319363 
21.800000 19.900000 -1.319627 
21.800000 20.000000 -1.319720 
21.800000 20.100000 -1.319627 
21.800000 20.200000 -1.319363 
21.800000 20.300000 -1.318968 
21.800000 20.400000 -1.318502 
21.800000 20.500000 -1.318036 
21.800000 20.600000 -1.317640 
21.800000 20.700000 -1.317375 
21.800000 20.800000 -1.317281 
21.800000 20.900000 -1.317372 
21.800000 21.000000 -1.317634 
21.800000 21.100000 -1.318026 
21.800000 21.200000 -1.318489 
21.800000 21.300000 -1.318952 
21.800000 21.400000 -1.319344 
21.800000 21.500000 -1.319605 
21.800000 21.600000 -1.319694 
21.800000 21.700000 -1.319598 
21.800000 21.800000 -1.319331 
21.800000 21.900000 -1.318933 
21.800000 22.000000 -1.318463 
21.800000 22.100000 -1.317994 
21.800000 22.200000 -1.317594 
21.800000 22.300000 -1.317326 
21.900000 17.600000 -1.316808 
21.900000 17.700000 -1.316906 
21.900000 17.800000 -1.317178 
21.900000 17.900000 -1.317581 
21.900000 18.000000 -1.318056 
21.900000 18.100000 -1.318530 
21.900000 18.200000 -1.318933 
21.900000 18.300000 -1.319203 
21.900000 18.400000 -1.319300 
21.900000 18.500000 -1.319209 
21.900000 18.600000 -1.318946 
21.900000 18.700000 -1.318550 
21.900000 18.800000 -1.318082 
21.900000 18.900000 -1.317614 
21.900000 19.000000 -1.317217 
21.900000 19.100000 -1.316952 
21.900000 19.200000 -1.316860 
21.900000 19.300000 -1.316955 
21.900000 19.400000 -1.317223 
21.900000 19.500000 -1.317623 
21.900000 19.600000 -1.318094 
21.900000 19.700000 -1.318566 
21.900000 19.800000 -1.318965 
21.900000 19.900000 -1.319232 
21.900000 20.000000 -1.319325 
21.900000 20.100000 -1.319232 
21.900000 20.200000 -1.318965 
21.900000 20.300000 -1.318566 
21.900000 20.400000 -1.318094 
21.900000 20.500000 -1.317623 
21.900000 20.600000 -1.317223 
21.900000 20.700000 -1.316955 
21.900000 20.800000 -1.316860 
21.900000 20.900000 -1.316952 
21.900000 21.000000 -1.317217 
21.900000 21.100000 -1.317614 
21.900000 21.200000 -1.318082 
21.900000 21.300000 -1.318550 
21.900000 21.400000 -1.318946 
21.900000 21.500000 -1.319209 
21.900000 21.600000 -1.319300 
21.900000 21.700000 -1.319203 
21.900000 21.800000 -1.318933 
21.900000 21.900000 -1.318530 
21.900000 22.000000 -1.318056 
21.900000 22.100000 -1.317581 
21.900000 22.200000 -1.317178 
21.900000 22.300000 -1.316906 
22.000000 17.600000 -1.316312 
22.000000 17.700000 -1.316412 
22.000000 17.800000 -1.316687 
22.000000 17.900000 -1.317095 
22.000000 18.000000 -1.317575 
22.000000 18.100000 -1.318056 
22.000000 18.200000 -1.318463 
22.000000 18.300000 -1.318737 
22.000000 18.400000 -1.318835 
22.000000 18.500000 -1.318743 
22.000000 18.600000 -1.318476 
22.000000 18.700000 -1.318075 
22.000000 18.800000 -1.317602 
22.000000 18.900000 -1.317128 
22.000000 19.000000 -1.316726 
22.000000 19.100000 -1.316458 
22.000000 19.200000 -1.316365 
22.000000 19.300000 -1.316461 
22.000000 19.400000 -1.316732 
22.000000 19.500000 -1.317137 
22.000000 19.600000 -1.317614 
22.000000 19.700000 -1.318091 
22.000000 19.800000 -1.318495 
22.000000 19.900000 -1.318765 
22.000000 20.000000 -1.318860 
22.000000 20.100000 -1.318765 
22.000000 20.200000 -1.318495 
22.000000 20.300000 -1.318091 
22.000000 20.400000 -1.317614 
22.000000 20.500000 -1.317137 
22.000000 20.600000 -1.316732 
22.000000 20.700000 -1.316461 
22.000000 20.800000 -1.316365 
22.000000 20.900000 -1.316458 
22.000000 21.000000 -1.316726 
22.000000 21.100000 -1.317128 
22.000000 21.200000 -1.317602 
22.000000 21.300000 -1.318075 
22.000000 21.400000 -1.318476 
22.000000 21.500000 -1.318743 
22.000000 21.600000 -1.318835 
22.000000 21.700000 -1.318737 
22.000000 21.800000 -1.318463 
22.000000 21.900000 -1.318056 
22.000000 22.000000 -1.317575 
22.000000 22.100000 -1.317095 
22.000000 22.200000 -1.316687 
22.000000 22.300000 -1.316412 
22.100000 17.600000 -1.315817 
22.100000 17.700000 -1.315917 
22.100000 17.800000 -1.316195 
22.100000 17.900000 -1.316609 
22.100000 18.000000 -1.317095 
22.100000 18.100000 -1.317581 
22.100000 18.200000 -1.317994 
22.100000 18.300000 -1.318270 
22.100000 18.400000 -1.318369 
22.100000 18.500000 -1.318277 
22.100000 18.600000 -1.318007 
22.100000 18.700000 -1.317601 
22.100000 18.800000 -1.317121 
22.100000 18.900000 -1.316641 
22.100000 19.000000 -1.316235 
22.100000 19.100000 -1.315963 
22.100000 19.200000 -1.315869 
22.100000 19.300000 -1.315966 
22.100000 19.400000 -1.316241 
22.100000 19.500000 -1.316651 
22.100000 19.600000 -1.317134 
22.100000 19.700000 -1.317616 
22.100000 19.800000 -1.318026 
22.100000 19.900000 -1.318299 
22.100000 20.000000 -1.318395 
22.100000 20.100000 -1.318299 
22.100000 20.200000 -1.318026 
22.100000 20.300000 -1.317616 
22.100000 20.400000 -1.317134 
22.100000 20.500000 -1.316651 
22.100000 20.600000 -1.316241 
22.100000 20.700000 -1.315966 
22.100000 20.800000 -1.315869 
22.100000 20.900000 -1.315963 
22.100000 21.000000 -1.316235 
22.100000 21.100000 -1.316641 
22.100000 21.200000 -1.317121 
22.100000 21.300000 -1.317601 
22.100000 21.400000 -1.318007 
22.100000 21.500000 -1.318277 
22.100000 21.600000 -1.318369 
22.100000 21.700000 -1.318270 
22.100000 21.800000 -1.317994 
22.100000 21.900000 -1.317581 
22.100000 22.000000 -1.317095 
22.100000 22.100000 -1.316609 
22.100000 22.200000 -1.316195 
22.100000 22.300000 -1.315917 
22.200000 17.600000 -1.315395 
22.200000 17.700000 -1.315497 
22.200000 17.800000 -1.315778 
22.200000 17.900000 -1.316195 
22.200000 18.000000 -1.316687 
22.200000 18.100000 -1.317178 
22.200000 18.200000 -1.317594 
22.200000 18.300000 -1.317874 
22.200000 18.400000 -1.317974 
22.200000 18.500000 -1.317880 
22.200000 18.600000 -1.317607 
22.200000 18.700000 -1.317197 
22.200000 18.800000 -1.316713 
22.200000 18.900000 -1.316228 
22.200000 19.000000 -1.315817 
22.200000 19.100000 -1.315543 
22.200000 19.200000 -1.315448 
22.200000 19.300000 -1.315546 
22.200000 19.400000 -1.315823 
22.200000 19.500000 -1.316237 
22.200000 19.600000 -1.316725 
22.200000 19.700000 -1.317213 
22.200000 19.800000 -1.317626 
22.200000 19.900000 -1.317903 
22.200000 20.000000 -1.318000 
22.200000 20.100000 -1.317903 
22.200000 20.200000 -1.317626 
22.200000 20.300000 -1.317213 
22.200000 20.400000 -1.316725 
22.200000 20.500000 -1.316237 
22.200000 20.600000 -1.315823 
22.200000 20.700000 -1.315546 
22.200000 20.800000 -1.315448 
22.200000 20.900000 -1.315543 
22.200000 21.000000 -1.315817 
22.200000 21.100000 -1.316228 
22.200000 21.200000 -1.316713 
22.200000 21.300000 -1.317197 
22.200000 21.400000 -1.317607 
22.200000 21.500000 -1.317880 
22.200000 21.600000 -1.317974 
22.200000 21.700000 -1.317874 
22.200000 21.800000 -1.317594 
22.200000 21.900000 -1.317178 
22.200000 22.000000 -1.316687 
22.200000 22.100000 -1.316195 
22.200000 22.200000 -1.315778 
22.200000 22.300000 -1.315497 
22.300000 17.600000 -1.315112 
22.300000 17.700000 -1.315215 
22.300000 17.800000 -1.315497 
22.300000 17.900000 -1.315917 
22.300000 18.000000 -1.316412 
22.300000 18.100000 -1.316906 
22.300000 18.200000 -1.317326 
22.300000 18.300000 -1.317607 
22.300000 18.400000 -1.317708 
22.300000 18.500000 -1.317614 
22.300000 18.600000 -1.317339 
22.300000 18.700000 -1.316926 
22.300000 18.800000 -1.316438 
22.300000 18.900000 -1.315950 
22.300000 19.000000 -1.315536 
22.300000 19.100000 -1.315260 
22.300000 19.200000 -1.315165 
22.300000 19.300000 -1.315264 
22.300000 19.400000 -1.315543 
22.300000 19.500000 -1.315960 
22.300000 19.600000 -1.316451 
22.300000 19.700000 -1.316942 
22.300000 19.800000 -1.317358 
22.300000 19.900000 -1.317636 
22.300000 20.000000 -1.317734 
22.300000 20.100000 -1.317636 
22.300000 20.200000 -1.317358 
22.300000 20.300000 -1.316942 
22.300000 20.400000 -1.316451 
22.300000 20.500000 -1.315960 
22.300000 20.600000 -1.315543 
22.300000 20.700000 -1.315264 
22.300000 20.800000 -1.315165 
22.300000 20.900000 -1.315260 
22.300000 21.000000 -1.315536 
22.300000 21.100000 -1.315950 
22.300000 21.200000 -1.316438 
22.300000 21.300000 -1.316926 
22.300000 21.400000 -1.317339 
22.300000 21.500000 -1.317614 
22.300000 21.600000 -1.317708 
22.300000 21.700000 -1.317607 
22.300000 21.800000 -1.317326 
22.300000 21.900000 -1.316906 
22.300000 22.000000 -1.316412 
22.300000 22.100000 -1.315917 
22.300000 22.200000 -1.315497 
22.300000 22.300000 -1.315215 
