18.400000 18.400000 -5.270111 
18.400000 18.500000 -5.270125 
18.400000 18.600000 -5.270139 
18.400000 18.700000 -5.270151 
18.400000 18.800000 -5.270162 
18.400000 18.900000 -5.270173 
18.400000 19.000000 -5.270182 
18.400000 19.100000 -5.270190 
18.400000 19.200000 -5.270198 
18.400000 19.300000 -5.270205 
18.400000 19.400000 -5.270210 
18.400000 19.500000 -5.270215 
18.400000 19.600000 -5.270219 
18.400000 19.700000 -5.270222 
18.400000 19.800000 -5.270225 
18.400000 19.900000 -5.270226 
18.400000 20.000000 -5.270226 
18.400000 20.100000 -5.270226 
18.400000 20.200000 -5.270225 
18.400000 20.300000 -5.270222 
18.400000 20.400000 -5.270219 
18.400000 20.500000 -5.270215 
18.400000 20.600000 -5.270210 
18.400000 20.700000 -5.270205 
18.400000 20.800000 -5.270198 
18.400000 20.900000 -5.270190 
18.400000 21.000000 -5.270182 
18.400000 21.100000 -5.270173 
18.400000 21.200000 -5.270162 
18.400000 21.300000 -5.270151 
18.400000 21.400000 -5.270139 
18.400000 21.500000 -5.270125 
18.500000 18.400000 -5.270125 
18.500000 18.500000 -5.270140 
18.500000 18.600000 -5.270153 
18.500000 18.700000 -5.270165 
18.500000 18.800000 -5.270176 
18.500000 18.900000 -5.270187 
18.500000 19.000000 -5.270196 
18.500000 19.100000 -5.270205 
18.500000 19.200000 -5.270212 
18.500000 19.300000 -5.270219 
18.500000 19.400000 -5.270225 
18.500000 19.500000 -5.270230 
18.500000 19.600000 -5.270234 
18.500000 19.700000 -5.270237 
18.500000 19.800000 -5.270239 
18.500000 19.900000 -5.270240 
18.500000 20.000000 -5.270240 
18.500000 20.100000 -5.270240 
18.500000 20.200000 -5.270239 
18.500000 20.300000 -5.270237 
18.500000 20.400000 -5.270234 
18.500000 20.500000 -5.270230 
18.500000 20.600000 -5.270225 
18.500000 20.700000 -5.270219 
18.500000 20.800000 -5.270212 
18.500000 20.900000 -5.270205 
18.500000 21.000000 -5.270196 
18.500000 21.100000 -5.270187 
18.500000 21.200000 -5.270176 
18.500000 21.300000 -5.270165 
18.500000 21.400000 -5.270153 
18.500000 21.500000 -5.270140 
18.600000 18.400000 -5.270139 
18.600000 18.500000 -5.270153 
18.600000 18.600000 -5.270166 
18.600000 18.700000 -5.270178 
18.600000 18.800000 -5.270190 
18.600000 18.900000 -5.270200 
18.600000 19.000000 -5.270209 
18.600000 19.100000 -5.270218 
18.600000 19.200000 -5.270225 
18.600000 19.300000 -5.270232 
18.600000 19.400000 -5.270238 
18.600000 19.500000 -5.270243 
18.600000 19.600000 -5.270247 
18.600000 19.700000 -5.270250 
18.600000 19.800000 -5.270252 
18.600000 19.900000 -5.270253 
18.600000 20.000000 -5.270254 
18.600000 20.100000 -5.270253 
18.600000 20.200000 -5.270252 
18.600000 20.300000 -5.270250 
18.600000 20.400000 -5.270247 
18.600000 20.500000 -5.270243 
18.600000 20.600000 -5.270238 
18.600000 20.700000 -5.270232 
18.600000 20.800000 -5.270225 
18.600000 20.900000 -5.270218 
18.600000 21.000000 -5.270209 
18.600000 21.100000 -5.270200 
18.600000 21.200000 -5.270190 
18.600000 21.300000 -5.270178 
18.600000 21.400000 -5.270166 
18.600000 21.500000 -5.270153 
18.700000 18.400000 -5.270151 
18.700000 18.500000 -5.270165 
18.700000 18.600000 -5.270178 
18.700000 18.700000 -5.270191 
18.700000 18.800000 -5.270202 
18.700000 18.900000 -5.270212 
18.700000 19.000000 -5.270222 
18.700000 19.100000 -5.270230 
18.700000 19.200000 -5.270238 
18.700000 19.300000 -5.270244 
18.700000 19.400000 -5.270250 
18.700000 19.500000 -5.270255 
18.700000 19.600000 -5.270259 
18.700000 19.700000 -5.270262 
18.700000 19.800000 -5.270264 
18.700000 19.900000 -5.270266 
18.700000 20.000000 -5.270266 
18.700000 20.100000 -5.270266 
18.700000 20.200000 -5.270264 
18.700000 20.300000 -5.270262 
18.700000 20.400000 -5.270259 
18.700000 20.500000 -5.270255 
18.700000 20.600000 -5.270250 
18.700000 20.700000 -5.270244 
18.700000 20.800000 -5.270238 
18.700000 20.900000 -5.270230 
18.700000 21.000000 -5.270222 
18.700000 21.100000 -5.270212 
18.700000 21.200000 -5.270202 
18.700000 21.300000 -5.270191 
18.700000 21.400000 -5.270178 
18.700000 21.500000 -5.270165 
18.800000 18.400000 -5.270162 
18.800000 18.500000 -5.270176 
18.800000 18.600000 -5.270190 
18.800000 18.700000 -5.270202 
18.800000 18.800000 -5.270213 
18.800000 18.900000 -5.270224 
18.800000 19.000000 -5.270233 
18.800000 19.100000 -5.270242 
18.800000 19.200000 -5.270249 
18.800000 19.300000 -5.270256 
18.800000 19.400000 -5.270262 
18.800000 19.500000 -5.270267 
18.800000 19.600000 -5.270271 
18.800000 19.700000 -5.270274 
18.800000 19.800000 -5.270276 
18.800000 19.900000 -5.270277 
18.800000 20.000000 -5.270277 
18.800000 20.100000 -5.270277 
18.800000 20.200000 -5.270276 
18.800000 20.300000 -5.270274 
18.800000 20.400000 -5.270271 
18.800000 20.500000 -5.270267 
18.800000 20.600000 -5.270262 
18.800000 20.700000 -5.270256 
18.800000 20.800000 -5.270249 
18.800000 20.900000 -5.270242 
18.800000 21.000000 -5.270233 
18.800000 21.100000 -5.270224 
18.800000 21.200000 -5.270213 
18.800000 21.300000 -5.270202 
18.800000 21.400000 -5.270190 
18.800000 21.500000 -5.270176 
18.900000 18.400000 -5.270173 
18.900000 18.500000 -5.270187 
18.900000 18.600000 -5.270200 
18.900000 18.700000 -5.270212 
18.900000 18.800000 -5.270224 
18.900000 18.900000 -5.270234 
18.900000 19.000000 -5.270243 
18.900000 19.100000 -5.270252 
18.900000 19.200000 -5.270259 
18.900000 19.300000 -5.270266 
18.900000 19.400000 -5.270272 
18.900000 19.500000 -5.270277 
18.900000 19.600000 -5.270281 
18.900000 19.700000 -5.270284 
18.900000 19.800000 -5.270286 
18.900000 19.900000 -5.270287 
18.900000 20.000000 -5.270288 
18.900000 20.100000 -5.270287 
18.900000 20.200000 -5.270286 
18.900000 20.300000 -5.270284 
18.900000 20.400000 -5.270281 
18.900000 20.500000 -5.270277 
18.900000 20.600000 -5.270272 
18.900000 20.700000 -5.270266 
18.900000 20.800000 -5.270259 
18.900000 20.900000 -5.270252 
18.900000 21.000000 -5.270243 
18.900000 21.100000 -5.270234 
18.900000 21.200000 -5.270224 
18.900000 21.300000 -5.270212 
18.900000 21.400000 -5.270200 
18.900000 21.500000 -5.270187 
19.000000 18.400000 -5.270182 
19.000000 18.500000 -5.270196 
19.000000 18.600000 -5.270209 
19.000000 18.700000 -5.270222 
19.000000 18.800000 -5.270233 
19.000000 18.900000 -5.270243 
19.000000 19.000000 -5.270253 
19.000000 19.100000 -5.270261 
19.000000 19.200000 -5.270269 
19.000000 19.300000 -5.270275 
19.000000 19.400000 -5.270281 
19.000000 19.500000 -5.270286 
19.000000 19.600000 -5.270290 
19.000000 19.700000 -5.270293 
19.000000 19.800000 -5.270295 
19.000000 19.900000 -5.270297 
19.000000 20.000000 -5.270297 
19.000000 20.100000 -5.270297 
19.000000 20.200000 -5.270295 
19.000000 20.300000 -5.270293 
19.000000 20.400000 -5.270290 
19.000000 20.500000 -5.270286 
19.000000 20.600000 -5.270281 
19.000000 20.700000 -5.270275 
19.000000 20.800000 -5.270269 
19.000000 20.900000 -5.270261 
19.000000 21.000000 -5.270253 
19.000000 21.100000 -5.270243 
19.000000 21.200000 -5.270233 
19.000000 21.300000 -5.270222 
19.000000 21.400000 -5.270209 
19.000000 21.500000 -5.270196 
19.100000 18.400000 -5.270190 
19.100000 18.500000 -5.270205 
19.100000 18.600000 -5.270218 
19.100000 18.700000 -5.270230 
19.100000 18.800000 -5.270242 
19.100000 18.900000 -5.270252 
19.100000 19.000000 -5.270261 
19.100000 19.100000 -5.270270 
19.100000 19.200000 -5.270277 
19.100000 19.300000 -5.270284 
19.100000 19.400000 -5.270290 
19.100000 19.500000 -5.270295 
19.100000 19.600000 -5.270299 
19.100000 19.700000 -5.270302 
19.100000 19.800000 -5.270304 
19.100000 19.900000 -5.270305 
19.100000 20.000000 -5.270305 
19.100000 20.100000 -5.270305 
19.100000 20.200000 -5.270304 
19.100000 20.300000 -5.270302 
19.100000 20.400000 -5.270299 
19.100000 20.500000 -5.270295 
19.100000 20.600000 -5.270290 
19.100000 20.700000 -5.270284 
19.100000 20.800000 -5.270277 
19.100000 20.900000 -5.270270 
19.100000 21.000000 -5.270261 
19.100000 21.100000 -5.270252 
19.100000 21.200000 -5.270242 
19.100000 21.300000 -5.270230 
19.100000 21.400000 -5.270218 
19.100000 21.500000 -5.270205 
19.200000 18.400000 -5.270198 
19.200000 18.500000 -5.270212 
19.200000 18.600000 -5.270225 
19.200000 18.700000 -5.270238 
19.200000 18.800000 -5.270249 
19.200000 18.900000 -5.270259 
19.200000 19.000000 -5.270269 
19.200000 19.100000 -5.270277 
19.200000 19.200000 -5.270285 
19.200000 19.300000 -5.270291 
19.200000 19.400000 -5.270297 
19.200000 19.500000 -5.270302 
19.200000 19.600000 -5.270306 
19.200000 19.700000 -5.270309 
19.200000 19.800000 -5.270311 
19.200000 19.900000 -5.270313 
19.200000 20.000000 -5.270313 
19.200000 20.100000 -5.270313 
19.200000 20.200000 -5.270311 
19.200000 20.300000 -5.270309 
19.200000 20.400000 -5.270306 
19.200000 20.500000 -5.270302 
19.200000 20.600000 -5.270297 
19.200000 20.700000 -5.270291 
19.200000 20.800000 -5.270285 
19.200000 20.900000 -5.270277 
19.200000 21.000000 -5.270269 
19.200000 21.100000 -5.270259 
19.200000 21.200000 -5.270249 
19.200000 21.300000 -5.270238 
19.200000 21.400000 -5.270225 
19.200000 21.500000 -5.270212 
19.300000 18.400000 -5.270205 
19.300000 18.500000 -5.270219 
19.300000 18.600000 -5.270232 
19.300000 18.700000 -5.270244 
19.300000 18.800000 -5.270256 
19.300000 18.900000 -5.270266 
19.300000 19.000000 -5.270275 
19.300000 19.100000 -5.270284 
19.300000 19.200000 -5.270291 
19.300000 19.300000 -5.270298 
19.300000 19.400000 -5.270304 
19.300000 19.500000 -5.270309 
19.300000 19.600000 -5.270313 
19.300000 19.700000 -5.270316 
19.300000 19.800000 -5.270318 
19.300000 19.900000 -5.270319 
19.300000 20.000000 -5.270320 
19.300000 20.100000 -5.270319 
19.300000 20.200000 -5.270318 
19.300000 20.300000 -5.270316 
19.300000 20.400000 -5.270313 
19.300000 20.500000 -5.270309 
19.300000 20.600000 -5.270304 
19.300000 20.700000 -5.270298 
19.300000 20.800000 -5.270291 
19.300000 20.900000 -5.270284 
19.300000 21.000000 -5.270275 
19.300000 21.100000 -5.270266 
19.300000 21.200000 -5.270256 
19.300000 21.300000 -5.270244 
19.300000 21.400000 -5.270232 
19.300000 21.500000 -5.270219 
19.400000 18.400000 -5.270210 
19.400000 18.500000 -5.270225 
19.400000 18.600000 -5.270238 
19.400000 18.700000 -5.270250 
19.400000 18.800000 -5.270262 
19.400000 18.900000 -5.270272 
19.400000 19.000000 -5.270281 
19.400000 19.100000 -5.270290 
19.400000 19.200000 -5.270297 
19.400000 19.300000 -5.270304 
19.400000 19.400000 -5.270310 
19.400000 19.500000 -5.270315 
19.400000 19.600000 -5.270319 
19.400000 19.700000 -5.270322 
19.400000 19.800000 -5.270324 
19.400000 19.900000 -5.270325 
19.400000 20.000000 -5.270326 
19.400000 20.100000 -5.270325 
19.400000 20.200000 -5.270324 
19.400000 20.300000 -5.270322 
19.400000 20.400000 -5.270319 
19.400000 20.500000 -5.270315 
19.400000 20.600000 -5.270310 
19.400000 20.700000 -5.270304 
19.400000 20.800000 -5.270297 
19.400000 20.900000 -5.270290 
19.400000 21.000000 -5.270281 
19.400000 21.100000 -5.270272 
19.400000 21.200000 -5.270262 
19.400000 21.300000 -5.270250 
19.400000 21.400000 -5.270238 
19.400000 21.500000 -5.270225 
19.500000 18.400000 -5.270215 
19.500000 18.500000 -5.270230 
19.500000 18.600000 -5.270243 
19.500000 18.700000 -5.270255 
19.500000 18.800000 -5.270267 
19.500000 18.900000 -5.270277 
19.500000 19.000000 -5.270286 
19.500000 19.100000 -5.270295 
19.500000 19.200000 -5.270302 
19.500000 19.300000 -5.270309 
19.500000 19.400000 -5.270315 
19.500000 19.500000 -5.270320 
19.500000 19.600000 -5.270324 
19.500000 19.700000 -5.270327 
19.500000 19.800000 -5.270329 
19.500000 19.900000 -5.270330 
19.500000 20.000000 -5.270331 
19.500000 20.100000 -5.270330 
19.500000 20.200000 -5.270329 
19.500000 20.300000 -5.270327 
19.500000 20.400000 -5.270324 
19.500000 20.500000 -5.270320 
19.500000 20.600000 -5.270315 
19.500000 20.700000 -5.270309 
19.500000 20.800000 -5.270302 
19.500000 20.900000 -5.270295 
19.500000 21.000000 -5.270286 
19.500000 21.100000 -5.270277 
19.500000 21.200000 -5.270267 
19.500000 21.300000 -5.270255 
19.500000 21.400000 -5.270243 
19.500000 21.500000 -5.270230 
19.600000 18.400000 -5.270219 
19.600000 18.500000 -5.270234 
19.600000 18.600000 -5.270247 
19.600000 18.700000 -5.270259 
19.600000 18.800000 -5.270271 
19.600000 18.900000 -5.270281 
19.600000 19.000000 -5.270290 
19.600000 19.100000 -5.270299 
19.600000 19.200000 -5.270306 
19.600000 19.300000 -5.270313 
19.600000 19.400000 -5.270319 
19.600000 19.500000 -5.270324 
19.600000 19.600000 -5.270328 
19.600000 19.700000 -5.270331 
19.600000 19.800000 -5.270333 
19.600000 19.900000 -5.270334 
19.600000 20.000000 -5.270335 
19.600000 20.100000 -5.270334 
19.600000 20.200000 -5.270333 
19.600000 20.300000 -5.270331 
19.600000 20.400000 -5.270328 
19.600000 20.500000 -5.270324 
19.600000 20.600000 -5.270319 
19.600000 20.700000 -5.270313 
19.600000 20.800000 -5.270306 
19.600000 20.900000 -5.270299 
19.600000 21.000000 -5.270290 
19.600000 21.100000 -5.270281 
19.600000 21.200000 -5.270271 
19.600000 21.300000 -5.270259 
19.600000 21.400000 -5.270247 
19.600000 21.500000 -5.270234 
19.700000 18.400000 -5.270222 
19.700000 18.500000 -5.270237 
19.700000 18.600000 -5.270250 
19.700000 18.700000 -5.270262 
19.700000 18.800000 -5.270274 
19.700000 18.900000 -5.270284 
19.700000 19.000000 -5.270293 
19.700000 19.100000 -5.270302 
19.700000 19.200000 -5.270309 
19.700000 19.300000 -5.270316 
19.700000 19.400000 -5.270322 
19.700000 19.500000 -5.270327 
19.700000 19.600000 -5.270331 
19.700000 19.700000 -5.270334 
19.700000 19.800000 -5.270336 
19.700000 19.900000 -5.270337 
19.700000 20.000000 -5.270338 
19.700000 20.100000 -5.270337 
19.700000 20.200000 -5.270336 
19.700000 20.300000 -5.270334 
19.700000 20.400000 -5.270331 
19.700000 20.500000 -5.270327 
19.700000 20.600000 -5.270322 
19.700000 20.700000 -5.270316 
19.700000 20.800000 -5.270309 
19.700000 20.900000 -5.270302 
19.700000 21.000000 -5.270293 
19.700000 21.100000 -5.270284 
19.700000 21.200000 -5.270274 
19.700000 21.300000 -5.270262 
19.700000 21.400000 -5.270250 
19.700000 21.500000 -5.270237 
19.800000 18.400000 -5.270225 
19.800000 18.500000 -5.270239 
19.800000 18.600000 -5.270252 
19.800000 18.700000 -5.270264 
19.800000 18.800000 -5.270276 
19.800000 18.900000 -5.270286 
19.800000 19.000000 -5.270295 
19.800000 19.100000 -5.270304 
19.800000 19.200000 -5.270311 
19.800000 19.300000 -5.270318 
19.800000 19.400000 -5.270324 
19.800000 19.500000 -5.270329 
19.800000 19.600000 -5.270333 
19.800000 19.700000 -5.270336 
19.800000 19.800000 -5.270338 
19.800000 19.900000 -5.270339 
19.800000 20.000000 -5.270340 
19.800000 20.100000 -5.270339 
19.800000 20.200000 -5.270338 
19.800000 20.300000 -5.270336 
19.800000 20.400000 -5.270333 
19.800000 20.500000 -5.270329 
19.800000 20.600000 -5.270324 
19.800000 20.700000 -5.270318 
19.800000 20.800000 -5.270311 
19.800000 20.900000 -5.270304 
19.800000 21.000000 -5.270295 
19.800000 21.100000 -5.270286 
19.800000 21.200000 -5.270276 
19.800000 21.300000 -5.270264 
19.800000 21.400000 -5.270252 
19.800000 21.500000 -5.270239 
19.900000 18.400000 -5.270226 
19.900000 18.500000 -5.270240 
19.900000 18.600000 -5.270253 
19.900000 18.700000 -5.270266 
19.900000 18.800000 -5.270277 
19.900000 18.900000 -5.270287 
19.900000 19.000000 -5.270297 
19.900000 19.100000 -5.270305 
19.900000 19.200000 -5.270313 
19.900000 19.300000 -5.270319 
19.900000 19.400000 -5.270325 
19.900000 19.500000 -5.270330 
19.900000 19.600000 -5.270334 
19.900000 19.700000 -5.270337 
19.900000 19.800000 -5.270339 
19.900000 19.900000 -5.270341 
19.900000 20.000000 -5.270341 
19.900000 20.100000 -5.270341 
19.900000 20.200000 -5.270339 
19.900000 20.300000 -5.270337 
19.900000 20.400000 -5.270334 
19.900000 20.500000 -5.270330 
19.900000 20.600000 -5.270325 
19.900000 20.700000 -5.270319 
19.900000 20.800000 -5.270313 
19.900000 20.900000 -5.270305 
19.900000 21.000000 -5.270297 
19.900000 21.100000 -5.270287 
19.900000 21.200000 -5.270277 
19.900000 21.300000 -5.270266 
19.900000 21.400000 -5.270253 
19.900000 21.500000 -5.270240 
20.000000 18.400000 -5.270226 
20.000000 18.500000 -5.270240 
20.000000 18.600000 -5.270254 
20.000000 18.700000 -5.270266 
20.000000 18.800000 -5.270277 
20.000000 18.900000 -5.270288 
20.000000 19.000000 -5.270297 
20.000000 19.100000 -5.270305 
20.000000 19.200000 -5.270313 
20.000000 19.300000 -5.270320 
20.000000 19.400000 -5.270326 
20.000000 19.500000 -5.270331 
20.000000 19.600000 -5.270335 
20.000000 19.700000 -5.270338 
20.000000 19.800000 -5.270340 
20.000000 19.900000 -5.270341 
20.000000 20.000000 -5.270341 
20.000000 20.100000 -5.270341 
20.000000 20.200000 -5.270340 
20.000000 20.300000 -5.270338 
20.000000 20.400000 -5.270335 
20.000000 20.500000 -5.270331 
20.000000 20.600000 -5.270326 
20.000000 20.700000 -5.270320 
20.000000 20.800000 -5.270313 
20.000000 20.900000 -5.270305 
20.000000 21.000000 -5.270297 
20.000000 21.100000 -5.270288 
20.000000 21.200000 -5.270277 
20.000000 21.300000 -5.270266 
20.000000 21.400000 -5.270254 
20.000000 21.500000 -5.270240 
20.100000 18.400000 -5.270226 
20.100000 18.500000 -5.270240 
20.100000 18.600000 -5.270253 
20.100000 18.700000 -5.270266 
20.100000 18.800000 -5.270277 
20.100000 18.900000 -5.270287 
20.100000 19.000000 -5.270297 
20.100000 19.100000 -5.270305 
20.100000 19.200000 -5.270313 
20.100000 19.300000 -5.270319 
20.100000 19.400000 -5.270325 
20.100000 19.500000 -5.270330 
20.100000 19.600000 -5.270334 
20.100000 19.700000 -5.270337 
20.100000 19.800000 -5.270339 
20.100000 19.900000 -5.270341 
20.100000 20.000000 -5.270341 
20.100000 20.100000 -5.270341 
20.100000 20.200000 -5.270339 
20.100000 20.300000 -5.270337 
20.100000 20.400000 -5.270334 
20.100000 20.500000 -5.270330 
20.100000 20.600000 -5.270325 
20.100000 20.700000 -5.270319 
20.100000 20.800000 -5.270313 
20.100000 20.900000 -5.270305 
20.100000 21.000000 -5.270297 
20.100000 21.100000 -5.270287 
20.100000 21.200000 -5.270277 
20.100000 21.300000 -5.270266 
20.100000 21.400000 -5.270253 
20.100000 21.500000 -5.270240 
20.200000 18.400000 -5.270225 
20.200000 18.500000 -5.270239 
20.200000 18.600000 -5.270252 
20.200000 18.700000 -5.270264 
20.200000 18.800000 -5.270276 
20.200000 18.900000 -5.270286 
20.200000 19.000000 -5.270295 
20.200000 19.100000 -5.270304 
20.200000 19.200000 -5.270311 
20.200000 19.300000 -5.270318 
20.200000 19.400000 -5.270324 
20.200000 19.500000 -5.270329 
20.200000 19.600000 -5.270333 
20.200000 19.700000 -5.270336 
20.200000 19.800000 -5.270338 
20.200000 19.900000 -5.270339 
20.200000 20.000000 -5.270340 
20.200000 20.100000 -5.270339 
20.200000 20.200000 -5.270338 
20.200000 20.300000 -5.270336 
20.200000 20.400000 -5.270333 
20.200000 20.500000 -5.270329 
20.200000 20.600000 -5.270324 
20.200000 20.700000 -5.270318 
20.200000 20.800000 -5.270311 
20.200000 20.900000 -5.270304 
20.200000 21.000000 -5.270295 
20.200000 21.100000 -5.270286 
20.200000 21.200000 -5.270276 
20.200000 21.300000 -5.270264 
20.200000 21.400000 -5.270252 
20.200000 21.500000 -5.270239 
20.300000 18.400000 -5.270222 
20.300000 18.500000 -5.270237 
20.300000 18.600000 -5.270250 
20.300000 18.700000 -5.270262 
20.300000 18.800000 -5.270274 
20.300000 18.900000 -5.270284 
20.300000 19.000000 -5.270293 
20.300000 19.100000 -5.270302 
20.300000 19.200000 -5.270309 
20.300000 19.300000 -5.270316 
20.300000 19.400000 -5.270322 
20.300000 19.500000 -5.270327 
20.300000 19.600000 -5.270331 
20.300000 19.700000 -5.270334 
20.300000 19.800000 -5.270336 
20.300000 19.900000 -5.270337 
20.300000 20.000000 -5.270338 
20.300000 20.100000 -5.270337 
20.300000 20.200000 -5.270336 
20.300000 20.300000 -5.270334 
20.300000 20.400000 -5.270331 
20.300000 20.500000 -5.270327 
20.300000 20.600000 -5.270322 
20.300000 20.700000 -5.270316 
20.300000 20.800000 -5.270309 
20.300000 20.900000 -5.270302 
20.300000 21.000000 -5.270293 
20.300000 21.100000 -5.270284 
20.300000 21.200000 -5.270274 
20.300000 21.300000 -5.270262 
20.300000 21.400000 -5.270250 
20.300000 21.500000 -5.270237 
20.400000 18.400000 -5.270219 
20.400000 18.500000 -5.270234 
20.400000 18.600000 -5.270247 
20.400000 18.700000 -5.270259 
20.400000 18.800000 -5.270271 
20.400000 18.900000 -5.270281 
20.400000 19.000000 -5.270290 
20.400000 19.100000 -5.270299 
20.400000 19.200000 -5.270306 
20.400000 19.300000 -5.270313 
20.400000 19.400000 -5.270319 
20.400000 19.500000 -5.270324 
20.400000 19.600000 -5.270328 
20.400000 19.700000 -5.270331 
20.400000 19.800000 -5.270333 
20.400000 19.900000 -5.270334 
20.400000 20.000000 -5.270335 
20.400000 20.100000 -5.270334 
20.400000 20.200000 -5.270333 
20.400000 20.300000 -5.270331 
20.400000 20.400000 -5.270328 
20.400000 20.500000 -5.270324 
20.400000 20.600000 -5.270319 
20.400000 20.700000 -5.270313 
20.400000 20.800000 -5.270306 
20.400000 20.900000 -5.270299 
20.400000 21.000000 -5.270290 
20.400000 21.100000 -5.270281 
20.400000 21.200000 -5.270271 
20.400000 21.300000 -5.270259 
20.400000 21.400000 -5.270247 
20.400000 21.500000 -5.270234 
20.500000 18.400000 -5.270215 
20.500000 18.500000 -5.270230 
20.500000 18.600000 -5.270243 
20.500000 18.700000 -5.270255 
20.500000 18.800000 -5.270267 
20.500000 18.900000 -5.270277 
20.500000 19.000000 -5.270286 
20.500000 19.100000 -5.270295 
20.500000 19.200000 -5.270302 
20.500000 19.300000 -5.270309 
20.500000 19.400000 -5.270315 
20.500000 19.500000 -5.270320 
20.500000 19.600000 -5.270324 
20.500000 19.700000 -5.270327 
20.500000 19.800000 -5.270329 
20.500000 19.900000 -5.270330 
20.500000 20.000000 -5.270331 
20.500000 20.100000 -5.270330 
20.500000 20.200000 -5.270329 
20.500000 20.300000 -5.270327 
20.500000 20.400000 -5.270324 
20.500000 20.500000 -5.270320 
20.500000 20.600000 -5.270315 
20.500000 20.700000 -5.270309 
20.500000 20.800000 -5.270302 
20.500000 20.900000 -5.270295 
20.500000 21.000000 -5.270286 
20.500000 21.100000 -5.270277 
20.500000 21.200000 -5.270267 
20.500000 21.300000 -5.270255 
20.500000 21.400000 -5.270243 
20.500000 21.500000 -5.270230 
20.600000 18.400000 -5.270210 
20.600000 18.500000 -5.270225 
20.600000 18.600000 -5.270238 
20.600000 18.700000 -5.270250 
20.600000 18.800000 -5.270262 
20.600000 18.900000 -5.270272 
20.600000 19.000000 -5.270281 
20.600000 19.100000 -5.270290 
20.600000 19.200000 -5.270297 
20.600000 19.300000 -5.270304 
20.600000 19.400000 -5.270310 
20.600000 19.500000 -5.270315 
20.600000 19.600000 -5.270319 
20.600000 19.700000 -5.270322 
20.600000 19.800000 -5.270324 
20.600000 19.900000 -5.270325 
20.600000 20.000000 -5.270326 
20.600000 20.100000 -5.270325 
20.600000 20.200000 -5.270324 
20.600000 20.300000 -5.270322 
20.600000 20.400000 -5.270319 
20.600000 20.500000 -5.270315 
20.600000 20.600000 -5.270310 
20.600000 20.700000 -5.270304 
20.600000 20.800000 -5.270297 
20.600000 20.900000 -5.270290 
20.600000 21.000000 -5.270281 
20.600000 21.100000 -5.270272 
20.600000 21.200000 -5.270262 
20.600000 21.300000 -5.270250 
20.600000 21.400000 -5.270238 
20.600000 21.500000 -5.270225 
20.700000 18.400000 -5.270205 
20.700000 18.500000 -5.270219 
20.700000 18.600000 -5.270232 
20.700000 18.700000 -5.270244 
20.700000 18.800000 -5.270256 
20.700000 18.900000 -5.270266 
20.700000 19.000000 -5.270275 
20.700000 19.100000 -5.270284 
20.700000 19.200000 -5.270291 
20.700000 19.300000 -5.270298 
20.700000 19.400000 -5.270304 
20.700000 19.500000 -5.270309 
20.700000 19.600000 -5.270313 
20.700000 19.700000 -5.270316 
20.700000 19.800000 -5.270318 
20.700000 19.900000 -5.270319 
20.700000 20.000000 -5.270320 
20.700000 20.100000 -5.270319 
20.700000 20.200000 -5.270318 
20.700000 20.300000 -5.270316 
20.700000 20.400000 -5.270313 
20.700000 20.500000 -5.270309 
20.700000 20.600000 -5.270304 
20.700000 20.700000 -5.270298 
20.700000 20.800000 -5.270291 
20.700000 20.900000 -5.270284 
20.700000 21.000000 -5.270275 
20.700000 21.100000 -5.270266 
20.700000 21.200000 -5.270256 
20.700000 21.300000 -5.270244 
20.700000 21.400000 -5.270232 
20.700000 21.500000 -5.270219 
20.800000 18.400000 -5.270198 
20.800000 18.500000 -5.270212 
20.800000 18.600000 -5.270225 
20.800000 18.700000 -5.270238 
20.800000 18.800000 -5.270249 
20.800000 18.900000 -5.270259 
20.800000 19.000000 -5.270269 
20.800000 19.100000 -5.270277 
20.800000 19.200000 -5.270285 
20.800000 19.300000 -5.270291 
20.800000 19.400000 -5.270297 
20.800000 19.500000 -5.270302 
20.800000 19.600000 -5.270306 
20.800000 19.700000 -5.270309 
20.800000 19.800000 -5.270311 
20.800000 19.900000 -5.270313 
20.800000 20.000000 -5.270313 
20.800000 20.100000 -5.270313 
20.800000 20.200000 -5.270311 
20.800000 20.300000 -5.270309 
20.800000 20.400000 -5.270306 
20.800000 20.500000 -5.270302 
20.800000 20.600000 -5.270297 
20.800000 20.700000 -5.270291 
20.800000 20.800000 -5.270285 
20.800000 20.900000 -5.270277 
20.800000 21.000000 -5.270269 
20.800000 21.100000 -5.270259 
20.800000 21.200000 -5.270249 
20.800000 21.300000 -5.270238 
20.800000 21.400000 -5.270225 
20.800000 21.500000 -5.270212 
20.900000 18.400000 -5.270190 
20.900000 18.500000 -5.270205 
20.900000 18.600000 -5.270218 
20.900000 18.700000 -5.270230 
20.900000 18.800000 -5.270242 
20.900000 18.900000 -5.270252 
20.900000 19.000000 -5.270261 
20.900000 19.100000 -5.270270 
20.900000 19.200000 -5.270277 
20.900000 19.300000 -5.270284 
20.900000 19.400000 -5.270290 
20.900000 19.500000 -5.270295 
20.900000 19.600000 -5.270299 
20.900000 19.700000 -5.270302 
20.900000 19.800000 -5.270304 
20.900000 19.900000 -5.270305 
20.900000 20.000000 -5.270305 
20.900000 20.100000 -5.270305 
20.900000 20.200000 -5.270304 
20.900000 20.300000 -5.270302 
20.900000 20.400000 -5.270299 
20.900000 20.500000 -5.270295 
20.900000 20.600000 -5.270290 
20.900000 20.700000 -5.270284 
20.900000 20.800000 -5.270277 
20.900000 20.900000 -5.270270 
20.900000 21.000000 -5.270261 
20.900000 21.100000 -5.270252 
20.900000 21.200000 -5.270242 
20.900000 21.300000 -5.270230 
20.900000 21.400000 -5.270218 
20.900000 21.500000 -5.270205 
21.000000 18.400000 -5.270182 
21.000000 18.500000 -5.270196 
21.000000 18.600000 -5.270209 
21.000000 18.700000 -5.270222 
21.000000 18.800000 -5.270233 
21.000000 18.900000 -5.270243 
21.000000 19.000000 -5.270253 
21.000000 19.100000 -5.270261 
21.000000 19.200000 -5.270269 
21.000000 19.300000 -5.270275 
21.000000 19.400000 -5.270281 
21.000000 19.500000 -5.270286 
21.000000 19.600000 -5.270290 
21.000000 19.700000 -5.270293 
21.000000 19.800000 -5.270295 
21.000000 19.900000 -5.270297 
21.000000 20.000000 -5.270297 
21.000000 20.100000 -5.270297 
21.000000 20.200000 -5.270295 
21.000000 20.300000 -5.270293 
21.000000 20.400000 -5.270290 
21.000000 20.500000 -5.270286 
21.000000 20.600000 -5.270281 
21.000000 20.700000 -5.270275 
21.000000 20.800000 -5.270269 
21.000000 20.900000 -5.270261 
21.000000 21.000000 -5.270253 
21.000000 21.100000 -5.270243 
21.000000 21.200000 -5.270233 
21.000000 21.300000 -5.270222 
21.000000 21.400000 -5.270209 
21.000000 21.500000 -5.270196 
21.100000 18.400000 -5.270173 
21.100000 18.500000 -5.270187 
21.100000 18.600000 -5.270200 
21.100000 18.700000 -5.270212 
21.100000 18.800000 -5.270224 
21.100000 18.900000 -5.270234 
21.100000 19.000000 -5.270243 
21.100000 19.100000 -5.270252 
21.100000 19.200000 -5.270259 
21.100000 19.300000 -5.270266 
21.100000 19.400000 -5.270272 
21.100000 19.500000 -5.270277 
21.100000 19.600000 -5.270281 
21.100000 19.700000 -5.270284 
21.100000 19.800000 -5.270286 
21.100000 19.900000 -5.270287 
21.100000 20.000000 -5.270288 
21.100000 20.100000 -5.270287 
21.100000 20.200000 -5.270286 
21.100000 20.300000 -5.270284 
21.100000 20.400000 -5.270281 
21.100000 20.500000 -5.270277 
21.100000 20.600000 -5.270272 
21.100000 20.700000 -5.270266 
21.100000 20.800000 -5.270259 
21.100000 20.900000 -5.270252 
21.100000 21.000000 -5.270243 
21.100000 21.100000 -5.270234 
21.100000 21.200000 -5.270224 
21.100000 21.300000 -5.270212 
21.100000 21.400000 -5.270200 
21.100000 21.500000 -5.270187 
21.200000 18.400000 -5.270162 
21.200000 18.500000 -5.270176 
21.200000 18.600000 -5.270190 
21.200000 18.700000 -5.270202 
21.200000 18.800000 -5.270213 
21.200000 18.900000 -5.270224 
21.200000 19.000000 -5.270233 
21.200000 19.100000 -5.270242 
21.200000 19.200000 -5.270249 
21.200000 19.300000 -5.270256 
21.200000 19.400000 -5.270262 
21.200000 19.500000 -5.270267 
21.200000 19.600000 -5.270271 
21.200000 19.700000 -5.270274 
21.200000 19.800000 -5.270276 
21.200000 19.900000 -5.270277 
21.200000 20.000000 -5.270277 
21.200000 20.100000 -5.270277 
21.200000 20.200000 -5.270276 
21.200000 20.300000 -5.270274 
21.200000 20.400000 -5.270271 
21.200000 20.500000 -5.270267 
21.200000 20.600000 -5.270262 
21.200000 20.700000 -5.270256 
21.200000 20.800000 -5.270249 
21.200000 20.900000 -5.270242 
21.200000 21.000000 -5.270233 
21.200000 21.100000 -5.270224 
21.200000 21.200000 -5.270213 
21.200000 21.300000 -5.270202 
21.200000 21.400000 -5.270190 
21.200000 21.500000 -5.270176 
21.300000 18.400000 -5.270151 
21.300000 18.500000 -5.270165 
21.300000 18.600000 -5.270178 
21.300000 18.700000 -5.270191 
21.300000 18.800000 -5.270202 
21.300000 18.900000 -5.270212 
21.300000 19.000000 -5.270222 
21.300000 19.100000 -5.270230 
21.300000 19.200000 -5.270238 
21.300000 19.300000 -5.270244 
21.300000 19.400000 -5.270250 
21.300000 19.500000 -5.270255 
21.300000 19.600000 -5.270259 
21.300000 19.700000 -5.270262 
21.300000 19.800000 -5.270264 
21.300000 19.900000 -5.270266 
21.300000 20.000000 -5.270266 
21.300000 20.100000 -5.270266 
21.300000 20.200000 -5.270264 
21.300000 20.300000 -5.270262 
21.300000 20.400000 -5.270259 
21.300000 20.500000 -5.270255 
21.300000 20.600000 -5.270250 
21.300000 20.700000 -5.270244 
21.300000 20.800000 -5.270238 
21.300000 20.900000 -5.270230 
21.300000 21.000000 -5.270222 
21.300000 21.100000 -5.270212 
21.300000 21.200000 -5.270202 
21.300000 21.300000 -5.270191 
21.300000 21.400000 -5.270178 
21.300000 21.500000 -5.270165 
21.400000 18.400000 -5.270139 
21.400000 18.500000 -5.270153 
21.400000 18.600000 -5.270166 
21.400000 18.700000 -5.270178 
21.400000 18.800000 -5.270190 
21.400000 18.900000 -5.270200 
21.400000 19.000000 -5.270209 
21.400000 19.100000 -5.270218 
21.400000 19.200000 -5.270225 
21.400000 19.300000 -5.270232 
21.400000 19.400000 -5.270238 
21.400000 19.500000 -5.270243 
21.400000 19.600000 -5.270247 
21.400000 19.700000 -5.270250 
21.400000 19.800000 -5.270252 
21.400000 19.900000 -5.270253 
21.400000 20.000000 -5.270254 
21.400000 20.100000 -5.270253 
21.400000 20.200000 -5.270252 
21.400000 20.300000 -5.270250 
21.400000 20.400000 -5.270247 
21.400000 20.500000 -5.270243 
21.400000 20.600000 -5.270238 
21.400000 20.700000 -5.270232 
21.400000 20.800000 -5.270225 
21.400000 20.900000 -5.270218 
21.400000 21.000000 -5.270209 
21.400000 21.100000 -5.270200 
21.400000 21.200000 -5.270190 
21.400000 21.300000 -5.270178 
21.400000 21.400000 -5.270166 
21.400000 21.500000 -5.270153 
21.500000 18.400000 -5.270125 
21.500000 18.500000 -5.270140 
21.500000 18.600000 -5.270153 
21.500000 18.700000 -5.270165 
21.500000 18.800000 -5.270176 
21.500000 18.900000 -5.270187 
21.500000 19.000000 -5.270196 
21.500000 19.100000 -5.270205 
21.500000 19.200000 -5.270212 
21.500000 19.300000 -5.270219 
21.500000 19.400000 -5.270225 
21.500000 19.500000 -5.270230 
21.500000 19.600000 -5.270234 
21.500000 19.700000 -5.270237 
21.500000 19.800000 -5.270239 
21.500000 19.900000 -5.270240 
21.500000 20.000000 -5.270240 
21.500000 20.100000 -5.270240 
21.500000 20.200000 -5.270239 
21.500000 20.300000 -5.270237 
21.500000 20.400000 -5.270234 
21.500000 20.500000 -5.270230 
21.500000 20.600000 -5.270225 
21.500000 20.700000 -5.270219 
21.500000 20.800000 -5.270212 
21.500000 20.900000 -5.270205 
21.500000 21.000000 -5.270196 
21.500000 21.100000 -5.270187 
21.500000 21.200000 -5.270176 
21.500000 21.300000 -5.270165 
21.500000 21.400000 -5.270153 
21.500000 21.500000 -5.270140 
