17.600000 16.627688 -1.520241 
17.600000 16.727688 -1.520299 
17.600000 16.827688 -1.520449 
17.600000 16.927688 -1.520668 
17.600000 17.027688 -1.520926 
17.600000 17.127688 -1.521189 
17.600000 17.227688 -1.521423 
17.600000 17.327688 -1.521604 
17.600000 17.427688 -1.521718 
17.600000 17.527688 -1.521766 
17.600000 17.627688 -1.521760 
17.600000 17.727688 -1.521720 
17.600000 17.827688 -1.521672 
17.600000 17.927688 -1.521636 
17.600000 18.027688 -1.521629 
17.600000 18.127688 -1.521653 
17.600000 18.227688 -1.521702 
17.600000 18.327688 -1.521758 
17.600000 18.427688 -1.521799 
17.600000 18.527688 -1.521799 
17.600000 18.627688 -1.521741 
17.600000 18.727688 -1.521615 
17.600000 18.827688 -1.521425 
17.600000 18.927688 -1.521188 
17.600000 19.027688 -1.520932 
17.600000 19.127688 -1.520689 
17.600000 19.227688 -1.520496 
17.600000 19.327688 -1.520380 
17.600000 19.427688 -1.520359 
17.600000 19.527688 -1.520436 
17.600000 19.627688 -1.520599 
17.600000 19.727688 -1.520825 
17.600000 19.827688 -1.521079 
17.600000 19.927688 -1.521329 
17.600000 20.027688 -1.521542 
17.600000 20.127688 -1.521696 
17.600000 20.227688 -1.521782 
17.600000 20.327688 -1.521805 
17.600000 20.427688 -1.521779 
17.600000 20.527688 -1.521726 
17.600000 20.627688 -1.521672 
17.600000 20.727688 -1.521635 
17.600000 20.827688 -1.521629 
17.600000 20.927688 -1.521654 
17.600000 21.027688 -1.521699 
17.600000 21.127688 -1.521745 
17.600000 21.227688 -1.521769 
17.600000 21.327688 -1.521746 
17.600000 21.427688 -1.521661 
17.600000 21.527688 -1.521507 
17.600000 21.627688 -1.521293 
17.600000 21.727688 -1.521039 
17.600000 21.827688 -1.520775 
17.600000 21.927688 -1.520535 
17.600000 22.027688 -1.520353 
17.600000 22.127688 -1.520254 
17.700000 16.627688 -1.520298 
17.700000 16.727688 -1.520355 
17.700000 16.827688 -1.520500 
17.700000 16.927688 -1.520713 
17.700000 17.027688 -1.520964 
17.700000 17.127688 -1.521217 
17.700000 17.227688 -1.521440 
17.700000 17.327688 -1.521610 
17.700000 17.427688 -1.521713 
17.700000 17.527688 -1.521750 
17.700000 17.627688 -1.521735 
17.700000 17.727688 -1.521688 
17.700000 17.827688 -1.521634 
17.700000 17.927688 -1.521595 
17.700000 18.027688 -1.521586 
17.700000 18.127688 -1.521612 
17.700000 18.227688 -1.521665 
17.700000 18.327688 -1.521728 
17.700000 18.427688 -1.521777 
17.700000 18.527688 -1.521787 
17.700000 18.627688 -1.521739 
17.700000 18.727688 -1.521625 
17.700000 18.827688 -1.521446 
17.700000 18.927688 -1.521219 
17.700000 19.027688 -1.520972 
17.700000 19.127688 -1.520737 
17.700000 19.227688 -1.520549 
17.700000 19.327688 -1.520436 
17.700000 19.427688 -1.520415 
17.700000 19.527688 -1.520490 
17.700000 19.627688 -1.520649 
17.700000 19.727688 -1.520868 
17.700000 19.827688 -1.521114 
17.700000 19.927688 -1.521354 
17.700000 20.027688 -1.521556 
17.700000 20.127688 -1.521699 
17.700000 20.227688 -1.521774 
17.700000 20.327688 -1.521787 
17.700000 20.427688 -1.521752 
17.700000 20.527688 -1.521692 
17.700000 20.627688 -1.521632 
17.700000 20.727688 -1.521593 
17.700000 20.827688 -1.521587 
17.700000 20.927688 -1.521614 
17.700000 21.027688 -1.521664 
17.700000 21.127688 -1.521717 
17.700000 21.227688 -1.521749 
17.700000 21.327688 -1.521737 
17.700000 21.427688 -1.521662 
17.700000 21.527688 -1.521520 
17.700000 21.627688 -1.521317 
17.700000 21.727688 -1.521073 
17.700000 21.827688 -1.520817 
17.700000 21.927688 -1.520584 
17.700000 22.027688 -1.520407 
17.700000 22.127688 -1.520310 
17.800000 16.627688 -1.520446 
17.800000 16.727688 -1.520499 
17.800000 16.827688 -1.520633 
17.800000 16.927688 -1.520829 
17.800000 17.027688 -1.521057 
17.800000 17.127688 -1.521283 
17.800000 17.227688 -1.521476 
17.800000 17.327688 -1.521614 
17.800000 17.427688 -1.521686 
17.800000 17.527688 -1.521693 
17.800000 17.627688 -1.521651 
17.800000 17.727688 -1.521582 
17.800000 17.827688 -1.521512 
17.800000 17.927688 -1.521463 
17.800000 18.027688 -1.521452 
17.800000 18.127688 -1.521483 
17.800000 18.227688 -1.521548 
17.800000 18.327688 -1.521628 
17.800000 18.427688 -1.521700 
17.800000 18.527688 -1.521738 
17.800000 18.627688 -1.521721 
17.800000 18.727688 -1.521638 
17.800000 18.827688 -1.521491 
17.800000 18.927688 -1.521294 
17.800000 19.027688 -1.521072 
17.800000 19.127688 -1.520859 
17.800000 19.227688 -1.520686 
17.800000 19.327688 -1.520582 
17.800000 19.427688 -1.520563 
17.800000 19.527688 -1.520632 
17.800000 19.627688 -1.520778 
17.800000 19.727688 -1.520978 
17.800000 19.827688 -1.521200 
17.800000 19.927688 -1.521412 
17.800000 20.027688 -1.521583 
17.800000 20.127688 -1.521694 
17.800000 20.227688 -1.521738 
17.800000 20.327688 -1.521722 
17.800000 20.427688 -1.521661 
17.800000 20.527688 -1.521581 
17.800000 20.627688 -1.521507 
17.800000 20.727688 -1.521460 
17.800000 20.827688 -1.521453 
17.800000 20.927688 -1.521487 
17.800000 21.027688 -1.521551 
17.800000 21.127688 -1.521624 
17.800000 21.227688 -1.521680 
17.800000 21.327688 -1.521696 
17.800000 21.427688 -1.521653 
17.800000 21.527688 -1.521543 
17.800000 21.627688 -1.521371 
17.800000 21.727688 -1.521155 
17.800000 21.827688 -1.520924 
17.800000 21.927688 -1.520711 
17.800000 22.027688 -1.520547 
17.800000 22.127688 -1.520457 
17.900000 16.627688 -1.520663 
17.900000 16.727688 -1.520711 
17.900000 16.827688 -1.520829 
17.900000 16.927688 -1.521000 
17.900000 17.027688 -1.521193 
17.900000 17.127688 -1.521379 
17.900000 17.227688 -1.521527 
17.900000 17.327688 -1.521617 
17.900000 17.427688 -1.521642 
17.900000 17.527688 -1.521604 
17.900000 17.627688 -1.521522 
17.900000 17.727688 -1.521420 
17.900000 17.827688 -1.521326 
17.900000 17.927688 -1.521263 
17.900000 18.027688 -1.521248 
17.900000 18.127688 -1.521285 
17.900000 18.227688 -1.521367 
17.900000 18.327688 -1.521475 
17.900000 18.427688 -1.521582 
17.900000 18.527688 -1.521661 
17.900000 18.627688 -1.521690 
17.900000 18.727688 -1.521655 
17.900000 18.827688 -1.521555 
17.900000 18.927688 -1.521401 
17.900000 19.027688 -1.521219 
17.900000 19.127688 -1.521037 
17.900000 19.227688 -1.520887 
17.900000 19.327688 -1.520796 
17.900000 19.427688 -1.520779 
17.900000 19.527688 -1.520840 
17.900000 19.627688 -1.520968 
17.900000 19.727688 -1.521140 
17.900000 19.827688 -1.521326 
17.900000 19.927688 -1.521495 
17.900000 20.027688 -1.521620 
17.900000 20.127688 -1.521683 
17.900000 20.227688 -1.521681 
17.900000 20.327688 -1.521621 
17.900000 20.427688 -1.521522 
17.900000 20.527688 -1.521412 
17.900000 20.627688 -1.521316 
17.900000 20.727688 -1.521258 
17.900000 20.827688 -1.521250 
17.900000 20.927688 -1.521294 
17.900000 21.027688 -1.521378 
17.900000 21.127688 -1.521480 
17.900000 21.227688 -1.521574 
17.900000 21.327688 -1.521633 
17.900000 21.427688 -1.521636 
17.900000 21.527688 -1.521573 
17.900000 21.627688 -1.521448 
17.900000 21.727688 -1.521275 
17.900000 21.827688 -1.521081 
17.900000 21.927688 -1.520897 
17.900000 22.027688 -1.520753 
17.900000 22.127688 -1.520674 
18.000000 16.627688 -1.520918 
18.000000 16.727688 -1.520959 
18.000000 16.827688 -1.521059 
18.000000 16.927688 -1.521199 
18.000000 17.027688 -1.521353 
18.000000 17.127688 -1.521490 
18.000000 17.227688 -1.521585 
18.000000 17.327688 -1.521619 
18.000000 17.427688 -1.521588 
18.000000 17.527688 -1.521498 
18.000000 17.627688 -1.521369 
18.000000 17.727688 -1.521228 
18.000000 17.827688 -1.521105 
18.000000 17.927688 -1.521025 
18.000000 18.027688 -1.521005 
18.000000 18.127688 -1.521051 
18.000000 18.227688 -1.521154 
18.000000 18.327688 -1.521293 
18.000000 18.427688 -1.521441 
18.000000 18.527688 -1.521570 
18.000000 18.627688 -1.521652 
18.000000 18.727688 -1.521673 
18.000000 18.827688 -1.521628 
18.000000 18.927688 -1.521527 
18.000000 19.027688 -1.521391 
18.000000 19.127688 -1.521246 
18.000000 19.227688 -1.521124 
18.000000 19.327688 -1.521048 
18.000000 19.427688 -1.521034 
18.000000 19.527688 -1.521085 
18.000000 19.627688 -1.521190 
18.000000 19.727688 -1.521328 
18.000000 19.827688 -1.521472 
18.000000 19.927688 -1.521591 
18.000000 20.027688 -1.521662 
18.000000 20.127688 -1.521669 
18.000000 20.227688 -1.521612 
18.000000 20.327688 -1.521500 
18.000000 20.427688 -1.521357 
18.000000 20.527688 -1.521210 
18.000000 20.627688 -1.521089 
18.000000 20.727688 -1.521017 
18.000000 20.827688 -1.521008 
18.000000 20.927688 -1.521064 
18.000000 21.027688 -1.521172 
18.000000 21.127688 -1.521309 
18.000000 21.227688 -1.521446 
18.000000 21.327688 -1.521556 
18.000000 21.427688 -1.521614 
18.000000 21.527688 -1.521607 
18.000000 21.627688 -1.521537 
18.000000 21.727688 -1.521415 
18.000000 21.827688 -1.521265 
18.000000 21.927688 -1.521115 
18.000000 22.027688 -1.520995 
18.000000 22.127688 -1.520927 
18.100000 16.627688 -1.521172 
18.100000 16.727688 -1.521207 
18.100000 16.827688 -1.521288 
18.100000 16.927688 -1.521398 
18.100000 17.027688 -1.521512 
18.100000 17.127688 -1.521601 
18.100000 17.227688 -1.521642 
18.100000 17.327688 -1.521621 
18.100000 17.427688 -1.521534 
18.100000 17.527688 -1.521391 
18.100000 17.627688 -1.521215 
18.100000 17.727688 -1.521035 
18.100000 17.827688 -1.520883 
18.100000 17.927688 -1.520786 
18.100000 18.027688 -1.520762 
18.100000 18.127688 -1.520816 
18.100000 18.227688 -1.520939 
18.100000 18.327688 -1.521111 
18.100000 18.427688 -1.521300 
18.100000 18.527688 -1.521478 
18.100000 18.627688 -1.521614 
18.100000 18.727688 -1.521691 
18.100000 18.827688 -1.521702 
18.100000 18.927688 -1.521653 
18.100000 19.027688 -1.521562 
18.100000 19.127688 -1.521455 
18.100000 19.227688 -1.521360 
18.100000 19.327688 -1.521299 
18.100000 19.427688 -1.521288 
18.100000 19.527688 -1.521329 
18.100000 19.627688 -1.521412 
18.100000 19.727688 -1.521517 
18.100000 19.827688 -1.521618 
18.100000 19.927688 -1.521687 
18.100000 20.027688 -1.521704 
18.100000 20.127688 -1.521655 
18.100000 20.227688 -1.521542 
18.100000 20.327688 -1.521379 
18.100000 20.427688 -1.521191 
18.100000 20.527688 -1.521008 
18.100000 20.627688 -1.520861 
18.100000 20.727688 -1.520776 
18.100000 20.827688 -1.520767 
18.100000 20.927688 -1.520834 
18.100000 21.027688 -1.520966 
18.100000 21.127688 -1.521137 
18.100000 21.227688 -1.521319 
18.100000 21.327688 -1.521479 
18.100000 21.427688 -1.521592 
18.100000 21.527688 -1.521641 
18.100000 21.627688 -1.521626 
18.100000 21.727688 -1.521554 
18.100000 21.827688 -1.521448 
18.100000 21.927688 -1.521333 
18.100000 22.027688 -1.521237 
18.100000 22.127688 -1.521181 
18.200000 16.627688 -1.521388 
18.200000 16.727688 -1.521418 
18.200000 16.827688 -1.521483 
18.200000 16.927688 -1.521568 
18.200000 17.027688 -1.521647 
18.200000 17.127688 -1.521696 
18.200000 17.227688 -1.521692 
18.200000 17.327688 -1.521623 
18.200000 17.427688 -1.521488 
18.200000 17.527688 -1.521301 
18.200000 17.627688 -1.521085 
18.200000 17.727688 -1.520873 
18.200000 17.827688 -1.520696 
18.200000 17.927688 -1.520585 
18.200000 18.027688 -1.520557 
18.200000 18.127688 -1.520618 
18.200000 18.227688 -1.520759 
18.200000 18.327688 -1.520956 
18.200000 18.427688 -1.521181 
18.200000 18.527688 -1.521400 
18.200000 18.627688 -1.521582 
18.200000 18.727688 -1.521707 
18.200000 18.827688 -1.521765 
18.200000 18.927688 -1.521760 
18.200000 19.027688 -1.521708 
18.200000 19.127688 -1.521633 
18.200000 19.227688 -1.521560 
18.200000 19.327688 -1.521513 
18.200000 19.427688 -1.521504 
18.200000 19.527688 -1.521536 
18.200000 19.627688 -1.521600 
18.200000 19.727688 -1.521677 
18.200000 19.827688 -1.521742 
18.200000 19.927688 -1.521770 
18.200000 20.027688 -1.521740 
18.200000 20.127688 -1.521643 
18.200000 20.227688 -1.521484 
18.200000 20.327688 -1.521277 
18.200000 20.427688 -1.521051 
18.200000 20.527688 -1.520837 
18.200000 20.627688 -1.520669 
18.200000 20.727688 -1.520572 
18.200000 20.827688 -1.520562 
18.200000 20.927688 -1.520640 
18.200000 21.027688 -1.520791 
18.200000 21.127688 -1.520993 
18.200000 21.227688 -1.521211 
18.200000 21.327688 -1.521414 
18.200000 21.427688 -1.521573 
18.200000 21.527688 -1.521671 
18.200000 21.627688 -1.521701 
18.200000 21.727688 -1.521673 
18.200000 21.827688 -1.521604 
18.200000 21.927688 -1.521518 
18.200000 22.027688 -1.521442 
18.200000 22.127688 -1.521396 
18.300000 16.627688 -1.521535 
18.300000 16.727688 -1.521561 
18.300000 16.827688 -1.521615 
18.300000 16.927688 -1.521682 
18.300000 17.027688 -1.521739 
18.300000 17.127688 -1.521760 
18.300000 17.227688 -1.521727 
18.300000 17.327688 -1.521626 
18.300000 17.427688 -1.521460 
18.300000 17.527688 -1.521243 
18.300000 17.627688 -1.521000 
18.300000 17.727688 -1.520766 
18.300000 17.827688 -1.520573 
18.300000 17.927688 -1.520452 
18.300000 18.027688 -1.520421 
18.300000 18.127688 -1.520487 
18.300000 18.227688 -1.520639 
18.300000 18.327688 -1.520855 
18.300000 18.427688 -1.521104 
18.300000 18.527688 -1.521350 
18.300000 18.627688 -1.521563 
18.300000 18.727688 -1.521719 
18.300000 18.827688 -1.521808 
18.300000 18.927688 -1.521833 
18.300000 19.027688 -1.521807 
18.300000 19.127688 -1.521753 
18.300000 19.227688 -1.521696 
18.300000 19.327688 -1.521657 
18.300000 19.427688 -1.521650 
18.300000 19.527688 -1.521676 
18.300000 19.627688 -1.521728 
18.300000 19.727688 -1.521786 
18.300000 19.827688 -1.521827 
18.300000 19.927688 -1.521826 
18.300000 20.027688 -1.521765 
18.300000 20.127688 -1.521637 
18.300000 20.227688 -1.521446 
18.300000 20.327688 -1.521211 
18.300000 20.427688 -1.520959 
18.300000 20.527688 -1.520725 
18.300000 20.627688 -1.520542 
18.300000 20.727688 -1.520438 
18.300000 20.827688 -1.520427 
18.300000 20.927688 -1.520511 
18.300000 21.027688 -1.520677 
18.300000 21.127688 -1.520897 
18.300000 21.227688 -1.521141 
18.300000 21.327688 -1.521372 
18.300000 21.427688 -1.521563 
18.300000 21.527688 -1.521692 
18.300000 21.627688 -1.521754 
18.300000 21.727688 -1.521754 
18.300000 21.827688 -1.521709 
18.300000 21.927688 -1.521644 
18.300000 22.027688 -1.521581 
18.300000 22.127688 -1.521541 
18.400000 16.627688 -1.521589 
18.400000 16.727688 -1.521614 
18.400000 16.827688 -1.521665 
18.400000 16.927688 -1.521726 
18.400000 17.027688 -1.521774 
18.400000 17.127688 -1.521786 
18.400000 17.227688 -1.521742 
18.400000 17.327688 -1.521630 
18.400000 17.427688 -1.521453 
18.400000 17.527688 -1.521225 
18.400000 17.627688 -1.520973 
18.400000 17.727688 -1.520731 
18.400000 17.827688 -1.520533 
18.400000 17.927688 -1.520408 
18.400000 18.027688 -1.520377 
18.400000 18.127688 -1.520444 
18.400000 18.227688 -1.520600 
18.400000 18.327688 -1.520823 
18.400000 18.427688 -1.521079 
18.400000 18.527688 -1.521335 
18.400000 18.627688 -1.521559 
18.400000 18.727688 -1.521726 
18.400000 18.827688 -1.521827 
18.400000 18.927688 -1.521862 
18.400000 19.027688 -1.521845 
18.400000 19.127688 -1.521799 
18.400000 19.227688 -1.521747 
18.400000 19.327688 -1.521711 
18.400000 19.427688 -1.521704 
18.400000 19.527688 -1.521729 
18.400000 19.627688 -1.521776 
18.400000 19.727688 -1.521827 
18.400000 19.827688 -1.521860 
18.400000 19.927688 -1.521849 
18.400000 20.027688 -1.521777 
18.400000 20.127688 -1.521638 
18.400000 20.227688 -1.521436 
18.400000 20.327688 -1.521190 
18.400000 20.427688 -1.520930 
18.400000 20.527688 -1.520689 
18.400000 20.627688 -1.520501 
18.400000 20.727688 -1.520394 
18.400000 20.827688 -1.520383 
18.400000 20.927688 -1.520469 
18.400000 21.027688 -1.520639 
18.400000 21.127688 -1.520867 
18.400000 21.227688 -1.521119 
18.400000 21.327688 -1.521361 
18.400000 21.427688 -1.521562 
18.400000 21.527688 -1.521703 
18.400000 21.627688 -1.521775 
18.400000 21.727688 -1.521785 
18.400000 21.827688 -1.521749 
18.400000 21.927688 -1.521691 
18.400000 22.027688 -1.521633 
18.400000 22.127688 -1.521596 
18.500000 16.627688 -1.521544 
18.500000 16.727688 -1.521570 
18.500000 16.827688 -1.521625 
18.500000 16.927688 -1.521692 
18.500000 17.027688 -1.521749 
18.500000 17.127688 -1.521770 
18.500000 17.227688 -1.521736 
18.500000 17.327688 -1.521636 
18.500000 17.427688 -1.521469 
18.500000 17.527688 -1.521252 
18.500000 17.627688 -1.521010 
18.500000 17.727688 -1.520775 
18.500000 17.827688 -1.520583 
18.500000 17.927688 -1.520462 
18.500000 18.027688 -1.520431 
18.500000 18.127688 -1.520497 
18.500000 18.227688 -1.520649 
18.500000 18.327688 -1.520865 
18.500000 18.427688 -1.521113 
18.500000 18.527688 -1.521359 
18.500000 18.627688 -1.521572 
18.500000 18.727688 -1.521729 
18.500000 18.827688 -1.521818 
18.500000 18.927688 -1.521842 
18.500000 19.027688 -1.521817 
18.500000 19.127688 -1.521763 
18.500000 19.227688 -1.521706 
18.500000 19.327688 -1.521667 
18.500000 19.427688 -1.521659 
18.500000 19.527688 -1.521686 
18.500000 19.627688 -1.521738 
18.500000 19.727688 -1.521796 
18.500000 19.827688 -1.521836 
18.500000 19.927688 -1.521836 
18.500000 20.027688 -1.521775 
18.500000 20.127688 -1.521647 
18.500000 20.227688 -1.521456 
18.500000 20.327688 -1.521220 
18.500000 20.427688 -1.520968 
18.500000 20.527688 -1.520735 
18.500000 20.627688 -1.520552 
18.500000 20.727688 -1.520447 
18.500000 20.827688 -1.520437 
18.500000 20.927688 -1.520521 
18.500000 21.027688 -1.520686 
18.500000 21.127688 -1.520907 
18.500000 21.227688 -1.521150 
18.500000 21.327688 -1.521382 
18.500000 21.427688 -1.521572 
18.500000 21.527688 -1.521702 
18.500000 21.627688 -1.521763 
18.500000 21.727688 -1.521763 
18.500000 21.827688 -1.521719 
18.500000 21.927688 -1.521653 
18.500000 22.027688 -1.521591 
18.500000 22.127688 -1.521551 
18.600000 16.627688 -1.521408 
18.600000 16.727688 -1.521437 
18.600000 16.827688 -1.521503 
18.600000 16.927688 -1.521587 
18.600000 17.027688 -1.521666 
18.600000 17.127688 -1.521715 
18.600000 17.227688 -1.521711 
18.600000 17.327688 -1.521642 
18.600000 17.427688 -1.521508 
18.600000 17.527688 -1.521320 
18.600000 17.627688 -1.521105 
18.600000 17.727688 -1.520892 
18.600000 17.827688 -1.520716 
18.600000 17.927688 -1.520604 
18.600000 18.027688 -1.520576 
18.600000 18.127688 -1.520637 
18.600000 18.227688 -1.520778 
18.600000 18.327688 -1.520976 
18.600000 18.427688 -1.521201 
18.600000 18.527688 -1.521419 
18.600000 18.627688 -1.521602 
18.600000 18.727688 -1.521726 
18.600000 18.827688 -1.521784 
18.600000 18.927688 -1.521779 
18.600000 19.027688 -1.521727 
18.600000 19.127688 -1.521652 
18.600000 19.227688 -1.521580 
18.600000 19.327688 -1.521532 
18.600000 19.427688 -1.521523 
18.600000 19.527688 -1.521555 
18.600000 19.627688 -1.521620 
18.600000 19.727688 -1.521697 
18.600000 19.827688 -1.521761 
18.600000 19.927688 -1.521789 
18.600000 20.027688 -1.521759 
18.600000 20.127688 -1.521662 
18.600000 20.227688 -1.521503 
18.600000 20.327688 -1.521296 
18.600000 20.427688 -1.521070 
18.600000 20.527688 -1.520857 
18.600000 20.627688 -1.520688 
18.600000 20.727688 -1.520592 
18.600000 20.827688 -1.520582 
18.600000 20.927688 -1.520659 
18.600000 21.027688 -1.520811 
18.600000 21.127688 -1.521012 
18.600000 21.227688 -1.521230 
18.600000 21.327688 -1.521433 
18.600000 21.427688 -1.521593 
18.600000 21.527688 -1.521690 
18.600000 21.627688 -1.521721 
18.600000 21.727688 -1.521692 
18.600000 21.827688 -1.521623 
18.600000 21.927688 -1.521537 
18.600000 22.027688 -1.521461 
18.600000 22.127688 -1.521415 
18.700000 16.627688 -1.521201 
18.700000 16.727688 -1.521236 
18.700000 16.827688 -1.521317 
18.700000 16.927688 -1.521427 
18.700000 17.027688 -1.521540 
18.700000 17.127688 -1.521630 
18.700000 17.227688 -1.521671 
18.700000 17.327688 -1.521650 
18.700000 17.427688 -1.521563 
18.700000 17.527688 -1.521420 
18.700000 17.627688 -1.521244 
18.700000 17.727688 -1.521064 
18.700000 17.827688 -1.520912 
18.700000 17.927688 -1.520815 
18.700000 18.027688 -1.520791 
18.700000 18.127688 -1.520845 
18.700000 18.227688 -1.520968 
18.700000 18.327688 -1.521139 
18.700000 18.427688 -1.521329 
18.700000 18.527688 -1.521507 
18.700000 18.627688 -1.521643 
18.700000 18.727688 -1.521720 
18.700000 18.827688 -1.521731 
18.700000 18.927688 -1.521682 
18.700000 19.027688 -1.521591 
18.700000 19.127688 -1.521484 
18.700000 19.227688 -1.521389 
18.700000 19.327688 -1.521328 
18.700000 19.427688 -1.521317 
18.700000 19.527688 -1.521358 
18.700000 19.627688 -1.521441 
18.700000 19.727688 -1.521546 
18.700000 19.827688 -1.521647 
18.700000 19.927688 -1.521716 
18.700000 20.027688 -1.521733 
18.700000 20.127688 -1.521684 
18.700000 20.227688 -1.521571 
18.700000 20.327688 -1.521408 
18.700000 20.427688 -1.521220 
18.700000 20.527688 -1.521037 
18.700000 20.627688 -1.520890 
18.700000 20.727688 -1.520805 
18.700000 20.827688 -1.520796 
18.700000 20.927688 -1.520863 
18.700000 21.027688 -1.520994 
18.700000 21.127688 -1.521166 
18.700000 21.227688 -1.521348 
18.700000 21.327688 -1.521508 
18.700000 21.427688 -1.521620 
18.700000 21.527688 -1.521670 
18.700000 21.627688 -1.521654 
18.700000 21.727688 -1.521583 
18.700000 21.827688 -1.521477 
18.700000 21.927688 -1.521362 
18.700000 22.027688 -1.521266 
18.700000 22.127688 -1.521209 
18.800000 16.627688 -1.520956 
18.800000 16.727688 -1.520997 
18.800000 16.827688 -1.521097 
18.800000 16.927688 -1.521238 
18.800000 17.027688 -1.521391 
18.800000 17.127688 -1.521528 
18.800000 17.227688 -1.521623 
18.800000 17.327688 -1.521658 
18.800000 17.427688 -1.521626 
18.800000 17.527688 -1.521536 
18.800000 17.627688 -1.521407 
18.800000 17.727688 -1.521267 
18.800000 17.827688 -1.521143 
18.800000 17.927688 -1.521063 
18.800000 18.027688 -1.521044 
18.800000 18.127688 -1.521090 
18.800000 18.227688 -1.521192 
18.800000 18.327688 -1.521331 
18.800000 18.427688 -1.521480 
18.800000 18.527688 -1.521608 
18.800000 18.627688 -1.521691 
18.800000 18.727688 -1.521712 
18.800000 18.827688 -1.521667 
18.800000 18.927688 -1.521566 
18.800000 19.027688 -1.521429 
18.800000 19.127688 -1.521285 
18.800000 19.227688 -1.521162 
18.800000 19.327688 -1.521086 
18.800000 19.427688 -1.521072 
18.800000 19.527688 -1.521123 
18.800000 19.627688 -1.521229 
18.800000 19.727688 -1.521367 
18.800000 19.827688 -1.521511 
18.800000 19.927688 -1.521630 
18.800000 20.027688 -1.521700 
18.800000 20.127688 -1.521708 
18.800000 20.227688 -1.521650 
18.800000 20.327688 -1.521539 
18.800000 20.427688 -1.521395 
18.800000 20.527688 -1.521248 
18.800000 20.627688 -1.521127 
18.800000 20.727688 -1.521056 
18.800000 20.827688 -1.521047 
18.800000 20.927688 -1.521103 
18.800000 21.027688 -1.521210 
18.800000 21.127688 -1.521347 
18.800000 21.227688 -1.521485 
18.800000 21.327688 -1.521594 
18.800000 21.427688 -1.521652 
18.800000 21.527688 -1.521646 
18.800000 21.627688 -1.521575 
18.800000 21.727688 -1.521453 
18.800000 21.827688 -1.521303 
18.800000 21.927688 -1.521154 
18.800000 22.027688 -1.521034 
18.800000 22.127688 -1.520966 
18.900000 16.627688 -1.520711 
18.900000 16.727688 -1.520759 
18.900000 16.827688 -1.520877 
18.900000 16.927688 -1.521048 
18.900000 17.027688 -1.521241 
18.900000 17.127688 -1.521427 
18.900000 17.227688 -1.521575 
18.900000 17.327688 -1.521665 
18.900000 17.427688 -1.521690 
18.900000 17.527688 -1.521653 
18.900000 17.627688 -1.521571 
18.900000 17.727688 -1.521469 
18.900000 17.827688 -1.521374 
18.900000 17.927688 -1.521311 
18.900000 18.027688 -1.521296 
18.900000 18.127688 -1.521334 
18.900000 18.227688 -1.521416 
18.900000 18.327688 -1.521523 
18.900000 18.427688 -1.521630 
18.900000 18.527688 -1.521710 
18.900000 18.627688 -1.521739 
18.900000 18.727688 -1.521703 
18.900000 18.827688 -1.521603 
18.900000 18.927688 -1.521450 
18.900000 19.027688 -1.521267 
18.900000 19.127688 -1.521086 
18.900000 19.227688 -1.520936 
18.900000 19.327688 -1.520845 
18.900000 19.427688 -1.520828 
18.900000 19.527688 -1.520889 
18.900000 19.627688 -1.521016 
18.900000 19.727688 -1.521188 
18.900000 19.827688 -1.521374 
18.900000 19.927688 -1.521543 
18.900000 20.027688 -1.521668 
18.900000 20.127688 -1.521732 
18.900000 20.227688 -1.521729 
18.900000 20.327688 -1.521669 
18.900000 20.427688 -1.521571 
18.900000 20.527688 -1.521460 
18.900000 20.627688 -1.521364 
18.900000 20.727688 -1.521306 
18.900000 20.827688 -1.521298 
18.900000 20.927688 -1.521342 
18.900000 21.027688 -1.521426 
18.900000 21.127688 -1.521528 
18.900000 21.227688 -1.521622 
18.900000 21.327688 -1.521681 
18.900000 21.427688 -1.521684 
18.900000 21.527688 -1.521621 
18.900000 21.627688 -1.521496 
18.900000 21.727688 -1.521323 
18.900000 21.827688 -1.521129 
18.900000 21.927688 -1.520945 
18.900000 22.027688 -1.520801 
18.900000 22.127688 -1.520722 
19.000000 16.627688 -1.520503 
19.000000 16.727688 -1.520556 
19.000000 16.827688 -1.520691 
19.000000 16.927688 -1.520887 
19.000000 17.027688 -1.521115 
19.000000 17.127688 -1.521341 
19.000000 17.227688 -1.521534 
19.000000 17.327688 -1.521672 
19.000000 17.427688 -1.521744 
19.000000 17.527688 -1.521751 
19.000000 17.627688 -1.521709 
19.000000 17.727688 -1.521640 
19.000000 17.827688 -1.521570 
19.000000 17.927688 -1.521521 
19.000000 18.027688 -1.521510 
19.000000 18.127688 -1.521541 
19.000000 18.227688 -1.521606 
19.000000 18.327688 -1.521686 
19.000000 18.427688 -1.521758 
19.000000 18.527688 -1.521796 
19.000000 18.627688 -1.521779 
19.000000 18.727688 -1.521696 
19.000000 18.827688 -1.521549 
19.000000 18.927688 -1.521352 
19.000000 19.027688 -1.521130 
19.000000 19.127688 -1.520917 
19.000000 19.227688 -1.520744 
19.000000 19.327688 -1.520640 
19.000000 19.427688 -1.520621 
19.000000 19.527688 -1.520690 
19.000000 19.627688 -1.520836 
19.000000 19.727688 -1.521036 
19.000000 19.827688 -1.521259 
19.000000 19.927688 -1.521470 
19.000000 20.027688 -1.521641 
19.000000 20.127688 -1.521752 
19.000000 20.227688 -1.521797 
19.000000 20.327688 -1.521780 
19.000000 20.427688 -1.521719 
19.000000 20.527688 -1.521639 
19.000000 20.627688 -1.521565 
19.000000 20.727688 -1.521518 
19.000000 20.827688 -1.521511 
19.000000 20.927688 -1.521545 
19.000000 21.027688 -1.521609 
19.000000 21.127688 -1.521682 
19.000000 21.227688 -1.521738 
19.000000 21.327688 -1.521754 
19.000000 21.427688 -1.521711 
19.000000 21.527688 -1.521601 
19.000000 21.627688 -1.521429 
19.000000 21.727688 -1.521213 
19.000000 21.827688 -1.520982 
19.000000 21.927688 -1.520769 
19.000000 22.027688 -1.520605 
19.000000 22.127688 -1.520515 
19.100000 16.627688 -1.520366 
19.100000 16.727688 -1.520422 
19.100000 16.827688 -1.520568 
19.100000 16.927688 -1.520781 
19.100000 17.027688 -1.521031 
19.100000 17.127688 -1.521284 
19.100000 17.227688 -1.521508 
19.100000 17.327688 -1.521678 
19.100000 17.427688 -1.521781 
19.100000 17.527688 -1.521818 
19.100000 17.627688 -1.521803 
19.100000 17.727688 -1.521756 
19.100000 17.827688 -1.521701 
19.100000 17.927688 -1.521663 
19.100000 18.027688 -1.521654 
19.100000 18.127688 -1.521680 
19.100000 18.227688 -1.521733 
19.100000 18.327688 -1.521796 
19.100000 18.427688 -1.521844 
19.100000 18.527688 -1.521855 
19.100000 18.627688 -1.521807 
19.100000 18.727688 -1.521693 
19.100000 18.827688 -1.521514 
19.100000 18.927688 -1.521287 
19.100000 19.027688 -1.521039 
19.100000 19.127688 -1.520805 
19.100000 19.227688 -1.520617 
19.100000 19.327688 -1.520504 
19.100000 19.427688 -1.520483 
19.100000 19.527688 -1.520558 
19.100000 19.627688 -1.520717 
19.100000 19.727688 -1.520936 
19.100000 19.827688 -1.521182 
19.100000 19.927688 -1.521422 
19.100000 20.027688 -1.521624 
19.100000 20.127688 -1.521767 
19.100000 20.227688 -1.521842 
19.100000 20.327688 -1.521855 
19.100000 20.427688 -1.521820 
19.100000 20.527688 -1.521760 
19.100000 20.627688 -1.521700 
19.100000 20.727688 -1.521661 
19.100000 20.827688 -1.521655 
19.100000 20.927688 -1.521682 
19.100000 21.027688 -1.521732 
19.100000 21.127688 -1.521785 
19.100000 21.227688 -1.521817 
19.100000 21.327688 -1.521804 
19.100000 21.427688 -1.521730 
19.100000 21.527688 -1.521588 
19.100000 21.627688 -1.521385 
19.100000 21.727688 -1.521141 
19.100000 21.827688 -1.520885 
19.100000 21.927688 -1.520652 
19.100000 22.027688 -1.520474 
19.100000 22.127688 -1.520378 
19.200000 16.627688 -1.520319 
19.200000 16.727688 -1.520377 
19.200000 16.827688 -1.520526 
19.200000 16.927688 -1.520745 
19.200000 17.027688 -1.521004 
19.200000 17.127688 -1.521266 
19.200000 17.227688 -1.521500 
19.200000 17.327688 -1.521681 
19.200000 17.427688 -1.521796 
19.200000 17.527688 -1.521844 
19.200000 17.627688 -1.521837 
19.200000 17.727688 -1.521798 
19.200000 17.827688 -1.521749 
19.200000 17.927688 -1.521714 
19.200000 18.027688 -1.521707 
19.200000 18.127688 -1.521731 
19.200000 18.227688 -1.521780 
19.200000 18.327688 -1.521836 
19.200000 18.427688 -1.521877 
19.200000 18.527688 -1.521877 
19.200000 18.627688 -1.521819 
19.200000 18.727688 -1.521693 
19.200000 18.827688 -1.521503 
19.200000 18.927688 -1.521266 
19.200000 19.027688 -1.521009 
19.200000 19.127688 -1.520767 
19.200000 19.227688 -1.520574 
19.200000 19.327688 -1.520458 
19.200000 19.427688 -1.520437 
19.200000 19.527688 -1.520514 
19.200000 19.627688 -1.520677 
19.200000 19.727688 -1.520902 
19.200000 19.827688 -1.521157 
19.200000 19.927688 -1.521407 
19.200000 20.027688 -1.521619 
19.200000 20.127688 -1.521774 
19.200000 20.227688 -1.521860 
19.200000 20.327688 -1.521883 
19.200000 20.427688 -1.521857 
19.200000 20.527688 -1.521804 
19.200000 20.627688 -1.521750 
19.200000 20.727688 -1.521713 
19.200000 20.827688 -1.521707 
19.200000 20.927688 -1.521732 
19.200000 21.027688 -1.521777 
19.200000 21.127688 -1.521823 
19.200000 21.227688 -1.521846 
19.200000 21.327688 -1.521824 
19.200000 21.427688 -1.521738 
19.200000 21.527688 -1.521585 
19.200000 21.627688 -1.521371 
19.200000 21.727688 -1.521117 
19.200000 21.827688 -1.520852 
19.200000 21.927688 -1.520612 
19.200000 22.027688 -1.520430 
19.200000 22.127688 -1.520332 
19.300000 16.627688 -1.520371 
19.300000 16.727688 -1.520428 
19.300000 16.827688 -1.520573 
19.300000 16.927688 -1.520786 
19.300000 17.027688 -1.521037 
19.300000 17.127688 -1.521290 
19.300000 17.227688 -1.521513 
19.300000 17.327688 -1.521683 
19.300000 17.427688 -1.521786 
19.300000 17.527688 -1.521824 
19.300000 17.627688 -1.521808 
19.300000 17.727688 -1.521761 
19.300000 17.827688 -1.521707 
19.300000 17.927688 -1.521668 
19.300000 18.027688 -1.521660 
19.300000 18.127688 -1.521686 
19.300000 18.227688 -1.521739 
19.300000 18.327688 -1.521801 
19.300000 18.427688 -1.521850 
19.300000 18.527688 -1.521860 
19.300000 18.627688 -1.521813 
19.300000 18.727688 -1.521698 
19.300000 18.827688 -1.521519 
19.300000 18.927688 -1.521293 
19.300000 19.027688 -1.521045 
19.300000 19.127688 -1.520810 
19.300000 19.227688 -1.520622 
19.300000 19.327688 -1.520509 
19.300000 19.427688 -1.520489 
19.300000 19.527688 -1.520564 
19.300000 19.627688 -1.520723 
19.300000 19.727688 -1.520941 
19.300000 19.827688 -1.521188 
19.300000 19.927688 -1.521427 
19.300000 20.027688 -1.521629 
19.300000 20.127688 -1.521772 
19.300000 20.227688 -1.521848 
19.300000 20.327688 -1.521860 
19.300000 20.427688 -1.521825 
19.300000 20.527688 -1.521766 
19.300000 20.627688 -1.521706 
19.300000 20.727688 -1.521667 
19.300000 20.827688 -1.521660 
19.300000 20.927688 -1.521687 
19.300000 21.027688 -1.521737 
19.300000 21.127688 -1.521791 
19.300000 21.227688 -1.521823 
19.300000 21.327688 -1.521810 
19.300000 21.427688 -1.521735 
19.300000 21.527688 -1.521593 
19.300000 21.627688 -1.521390 
19.300000 21.727688 -1.521146 
19.300000 21.827688 -1.520890 
19.300000 21.927688 -1.520657 
19.300000 22.027688 -1.520480 
19.300000 22.127688 -1.520384 
19.400000 16.627688 -1.520514 
19.400000 16.727688 -1.520568 
19.400000 16.827688 -1.520702 
19.400000 16.927688 -1.520898 
19.400000 17.027688 -1.521126 
19.400000 17.127688 -1.521352 
19.400000 17.227688 -1.521545 
19.400000 17.327688 -1.521683 
19.400000 17.427688 -1.521755 
19.400000 17.527688 -1.521762 
19.400000 17.627688 -1.521720 
19.400000 17.727688 -1.521651 
19.400000 17.827688 -1.521581 
19.400000 17.927688 -1.521532 
19.400000 18.027688 -1.521521 
19.400000 18.127688 -1.521552 
19.400000 18.227688 -1.521617 
19.400000 18.327688 -1.521697 
19.400000 18.427688 -1.521769 
19.400000 18.527688 -1.521807 
19.400000 18.627688 -1.521790 
19.400000 18.727688 -1.521707 
19.400000 18.827688 -1.521560 
19.400000 18.927688 -1.521363 
19.400000 19.027688 -1.521141 
19.400000 19.127688 -1.520928 
19.400000 19.227688 -1.520755 
19.400000 19.327688 -1.520651 
19.400000 19.427688 -1.520632 
19.400000 19.527688 -1.520701 
19.400000 19.627688 -1.520848 
19.400000 19.727688 -1.521047 
19.400000 19.827688 -1.521270 
19.400000 19.927688 -1.521481 
19.400000 20.027688 -1.521652 
19.400000 20.127688 -1.521763 
19.400000 20.227688 -1.521808 
19.400000 20.327688 -1.521791 
19.400000 20.427688 -1.521730 
19.400000 20.527688 -1.521650 
19.400000 20.627688 -1.521576 
19.400000 20.727688 -1.521529 
19.400000 20.827688 -1.521523 
19.400000 20.927688 -1.521556 
19.400000 21.027688 -1.521620 
19.400000 21.127688 -1.521693 
19.400000 21.227688 -1.521749 
19.400000 21.327688 -1.521765 
19.400000 21.427688 -1.521722 
19.400000 21.527688 -1.521612 
19.400000 21.627688 -1.521440 
19.400000 21.727688 -1.521224 
19.400000 21.827688 -1.520993 
19.400000 21.927688 -1.520780 
19.400000 22.027688 -1.520616 
19.400000 22.127688 -1.520526 
19.500000 16.627688 -1.520727 
19.500000 16.727688 -1.520775 
19.500000 16.827688 -1.520894 
19.500000 16.927688 -1.521064 
19.500000 17.027688 -1.521258 
19.500000 17.127688 -1.521443 
19.500000 17.227688 -1.521592 
19.500000 17.327688 -1.521682 
19.500000 17.427688 -1.521706 
19.500000 17.527688 -1.521669 
19.500000 17.627688 -1.521587 
19.500000 17.727688 -1.521485 
19.500000 17.827688 -1.521390 
19.500000 17.927688 -1.521328 
19.500000 18.027688 -1.521313 
19.500000 18.127688 -1.521350 
19.500000 18.227688 -1.521432 
19.500000 18.327688 -1.521540 
19.500000 18.427688 -1.521647 
19.500000 18.527688 -1.521726 
19.500000 18.627688 -1.521755 
19.500000 18.727688 -1.521720 
19.500000 18.827688 -1.521620 
19.500000 18.927688 -1.521466 
19.500000 19.027688 -1.521284 
19.500000 19.127688 -1.521102 
19.500000 19.227688 -1.520953 
19.500000 19.327688 -1.520861 
19.500000 19.427688 -1.520844 
19.500000 19.527688 -1.520905 
19.500000 19.627688 -1.521033 
19.500000 19.727688 -1.521205 
19.500000 19.827688 -1.521391 
19.500000 19.927688 -1.521560 
19.500000 20.027688 -1.521685 
19.500000 20.127688 -1.521748 
19.500000 20.227688 -1.521746 
19.500000 20.327688 -1.521686 
19.500000 20.427688 -1.521587 
19.500000 20.527688 -1.521476 
19.500000 20.627688 -1.521381 
19.500000 20.727688 -1.521323 
19.500000 20.827688 -1.521315 
19.500000 20.927688 -1.521359 
19.500000 21.027688 -1.521442 
19.500000 21.127688 -1.521545 
19.500000 21.227688 -1.521639 
19.500000 21.327688 -1.521697 
19.500000 21.427688 -1.521701 
19.500000 21.527688 -1.521638 
19.500000 21.627688 -1.521512 
19.500000 21.727688 -1.521340 
19.500000 21.827688 -1.521146 
19.500000 21.927688 -1.520962 
19.500000 22.027688 -1.520818 
19.500000 22.127688 -1.520738 
19.600000 16.627688 -1.520978 
19.600000 16.727688 -1.521020 
19.600000 16.827688 -1.521120 
19.600000 16.927688 -1.521260 
19.600000 17.027688 -1.521413 
19.600000 17.127688 -1.521551 
19.600000 17.227688 -1.521645 
19.600000 17.327688 -1.521680 
19.600000 17.427688 -1.521648 
19.600000 17.527688 -1.521559 
19.600000 17.627688 -1.521430 
19.600000 17.727688 -1.521289 
19.600000 17.827688 -1.521165 
19.600000 17.927688 -1.521085 
19.600000 18.027688 -1.521066 
19.600000 18.127688 -1.521112 
19.600000 18.227688 -1.521214 
19.600000 18.327688 -1.521354 
19.600000 18.427688 -1.521502 
19.600000 18.527688 -1.521631 
19.600000 18.627688 -1.521713 
19.600000 18.727688 -1.521734 
19.600000 18.827688 -1.521689 
19.600000 18.927688 -1.521588 
19.600000 19.027688 -1.521452 
19.600000 19.127688 -1.521307 
19.600000 19.227688 -1.521185 
19.600000 19.327688 -1.521109 
19.600000 19.427688 -1.521095 
19.600000 19.527688 -1.521145 
19.600000 19.627688 -1.521251 
19.600000 19.727688 -1.521389 
19.600000 19.827688 -1.521533 
19.600000 19.927688 -1.521652 
19.600000 20.027688 -1.521723 
19.600000 20.127688 -1.521730 
19.600000 20.227688 -1.521672 
19.600000 20.327688 -1.521561 
19.600000 20.427688 -1.521418 
19.600000 20.527688 -1.521271 
19.600000 20.627688 -1.521150 
19.600000 20.727688 -1.521078 
19.600000 20.827688 -1.521069 
19.600000 20.927688 -1.521125 
19.600000 21.027688 -1.521232 
19.600000 21.127688 -1.521369 
19.600000 21.227688 -1.521507 
19.600000 21.327688 -1.521616 
19.600000 21.427688 -1.521674 
19.600000 21.527688 -1.521668 
19.600000 21.627688 -1.521597 
19.600000 21.727688 -1.521475 
19.600000 21.827688 -1.521325 
19.600000 21.927688 -1.521176 
19.600000 22.027688 -1.521056 
19.600000 22.127688 -1.520988 
19.700000 16.627688 -1.521229 
19.700000 16.727688 -1.521264 
19.700000 16.827688 -1.521345 
19.700000 16.927688 -1.521455 
19.700000 17.027688 -1.521568 
19.700000 17.127688 -1.521658 
19.700000 17.227688 -1.521699 
19.700000 17.327688 -1.521678 
19.700000 17.427688 -1.521590 
19.700000 17.527688 -1.521448 
19.700000 17.627688 -1.521272 
19.700000 17.727688 -1.521092 
19.700000 17.827688 -1.520940 
19.700000 17.927688 -1.520843 
19.700000 18.027688 -1.520819 
19.700000 18.127688 -1.520873 
19.700000 18.227688 -1.520996 
19.700000 18.327688 -1.521167 
19.700000 18.427688 -1.521357 
19.700000 18.527688 -1.521534 
19.700000 18.627688 -1.521671 
19.700000 18.727688 -1.521748 
19.700000 18.827688 -1.521759 
19.700000 18.927688 -1.521710 
19.700000 19.027688 -1.521619 
19.700000 19.127688 -1.521512 
19.700000 19.227688 -1.521417 
19.700000 19.327688 -1.521356 
19.700000 19.427688 -1.521345 
19.700000 19.527688 -1.521385 
19.700000 19.627688 -1.521469 
19.700000 19.727688 -1.521574 
19.700000 19.827688 -1.521675 
19.700000 19.927688 -1.521744 
19.700000 20.027688 -1.521760 
19.700000 20.127688 -1.521712 
19.700000 20.227688 -1.521599 
19.700000 20.327688 -1.521436 
19.700000 20.427688 -1.521248 
19.700000 20.527688 -1.521065 
19.700000 20.627688 -1.520918 
19.700000 20.727688 -1.520833 
19.700000 20.827688 -1.520823 
19.700000 20.927688 -1.520891 
19.700000 21.027688 -1.521022 
19.700000 21.127688 -1.521194 
19.700000 21.227688 -1.521375 
19.700000 21.327688 -1.521535 
19.700000 21.427688 -1.521648 
19.700000 21.527688 -1.521698 
19.700000 21.627688 -1.521682 
19.700000 21.727688 -1.521611 
19.700000 21.827688 -1.521504 
19.700000 21.927688 -1.521389 
19.700000 22.027688 -1.521293 
19.700000 22.127688 -1.521237 
19.800000 16.627688 -1.521441 
19.800000 16.727688 -1.521471 
19.800000 16.827688 -1.521536 
19.800000 16.927688 -1.521620 
19.800000 17.027688 -1.521700 
19.800000 17.127688 -1.521748 
19.800000 17.227688 -1.521745 
19.800000 17.327688 -1.521676 
19.800000 17.427688 -1.521541 
19.800000 17.527688 -1.521354 
19.800000 17.627688 -1.521138 
19.800000 17.727688 -1.520925 
19.800000 17.827688 -1.520749 
19.800000 17.927688 -1.520638 
19.800000 18.027688 -1.520610 
19.800000 18.127688 -1.520671 
19.800000 18.227688 -1.520811 
19.800000 18.327688 -1.521009 
19.800000 18.427688 -1.521234 
19.800000 18.527688 -1.521453 
19.800000 18.627688 -1.521635 
19.800000 18.727688 -1.521760 
19.800000 18.827688 -1.521817 
19.800000 18.927688 -1.521812 
19.800000 19.027688 -1.521761 
19.800000 19.127688 -1.521686 
19.800000 19.227688 -1.521613 
19.800000 19.327688 -1.521565 
19.800000 19.427688 -1.521556 
19.800000 19.527688 -1.521589 
19.800000 19.627688 -1.521653 
19.800000 19.727688 -1.521730 
19.800000 19.827688 -1.521795 
19.800000 19.927688 -1.521822 
19.800000 20.027688 -1.521792 
19.800000 20.127688 -1.521696 
19.800000 20.227688 -1.521536 
19.800000 20.327688 -1.521330 
19.800000 20.427688 -1.521104 
19.800000 20.527688 -1.520890 
19.800000 20.627688 -1.520722 
19.800000 20.727688 -1.520625 
19.800000 20.827688 -1.520615 
19.800000 20.927688 -1.520692 
19.800000 21.027688 -1.520844 
19.800000 21.127688 -1.521045 
19.800000 21.227688 -1.521264 
19.800000 21.327688 -1.521467 
19.800000 21.427688 -1.521626 
19.800000 21.527688 -1.521723 
19.800000 21.627688 -1.521754 
19.800000 21.727688 -1.521725 
19.800000 21.827688 -1.521656 
19.800000 21.927688 -1.521571 
19.800000 22.027688 -1.521495 
19.800000 22.127688 -1.521449 
19.900000 16.627688 -1.521583 
19.900000 16.727688 -1.521609 
19.900000 16.827688 -1.521664 
19.900000 16.927688 -1.521731 
19.900000 17.027688 -1.521788 
19.900000 17.127688 -1.521809 
19.900000 17.227688 -1.521775 
19.900000 17.327688 -1.521675 
19.900000 17.427688 -1.521508 
19.900000 17.527688 -1.521291 
19.900000 17.627688 -1.521049 
19.900000 17.727688 -1.520814 
19.900000 17.827688 -1.520622 
19.900000 17.927688 -1.520501 
19.900000 18.027688 -1.520470 
19.900000 18.127688 -1.520536 
19.900000 18.227688 -1.520688 
19.900000 18.327688 -1.520904 
19.900000 18.427688 -1.521152 
19.900000 18.527688 -1.521399 
19.900000 18.627688 -1.521611 
19.900000 18.727688 -1.521768 
19.900000 18.827688 -1.521857 
19.900000 18.927688 -1.521882 
19.900000 19.027688 -1.521856 
19.900000 19.127688 -1.521802 
19.900000 19.227688 -1.521745 
19.900000 19.327688 -1.521706 
19.900000 19.427688 -1.521698 
19.900000 19.527688 -1.521725 
19.900000 19.627688 -1.521777 
19.900000 19.727688 -1.521835 
19.900000 19.827688 -1.521876 
19.900000 19.927688 -1.521875 
19.900000 20.027688 -1.521814 
19.900000 20.127688 -1.521686 
19.900000 20.227688 -1.521495 
19.900000 20.327688 -1.521259 
19.900000 20.427688 -1.521008 
19.900000 20.527688 -1.520774 
19.900000 20.627688 -1.520591 
19.900000 20.727688 -1.520487 
19.900000 20.827688 -1.520476 
19.900000 20.927688 -1.520560 
19.900000 21.027688 -1.520725 
19.900000 21.127688 -1.520946 
19.900000 21.227688 -1.521189 
19.900000 21.327688 -1.521421 
19.900000 21.427688 -1.521611 
19.900000 21.527688 -1.521741 
19.900000 21.627688 -1.521802 
19.900000 21.727688 -1.521802 
19.900000 21.827688 -1.521758 
19.900000 21.927688 -1.521692 
19.900000 22.027688 -1.521630 
19.900000 22.127688 -1.521590 
20.000000 16.627688 -1.521634 
20.000000 16.727688 -1.521658 
20.000000 16.827688 -1.521709 
20.000000 16.927688 -1.521770 
20.000000 17.027688 -1.521819 
20.000000 17.127688 -1.521831 
20.000000 17.227688 -1.521786 
20.000000 17.327688 -1.521675 
20.000000 17.427688 -1.521497 
20.000000 17.527688 -1.521270 
20.000000 17.627688 -1.521018 
20.000000 17.727688 -1.520776 
20.000000 17.827688 -1.520577 
20.000000 17.927688 -1.520453 
20.000000 18.027688 -1.520422 
20.000000 18.127688 -1.520489 
20.000000 18.227688 -1.520645 
20.000000 18.327688 -1.520867 
20.000000 18.427688 -1.521124 
20.000000 18.527688 -1.521380 
20.000000 18.627688 -1.521604 
20.000000 18.727688 -1.521771 
20.000000 18.827688 -1.521871 
20.000000 18.927688 -1.521906 
20.000000 19.027688 -1.521890 
20.000000 19.127688 -1.521843 
20.000000 19.227688 -1.521792 
20.000000 19.327688 -1.521756 
20.000000 19.427688 -1.521749 
20.000000 19.527688 -1.521773 
20.000000 19.627688 -1.521821 
20.000000 19.727688 -1.521872 
20.000000 19.827688 -1.521904 
20.000000 19.927688 -1.521894 
20.000000 20.027688 -1.521822 
20.000000 20.127688 -1.521683 
20.000000 20.227688 -1.521481 
20.000000 20.327688 -1.521235 
20.000000 20.427688 -1.520974 
20.000000 20.527688 -1.520733 
20.000000 20.627688 -1.520546 
20.000000 20.727688 -1.520439 
20.000000 20.827688 -1.520428 
20.000000 20.927688 -1.520514 
20.000000 21.027688 -1.520684 
20.000000 21.127688 -1.520912 
20.000000 21.227688 -1.521164 
20.000000 21.327688 -1.521405 
20.000000 21.427688 -1.521607 
20.000000 21.527688 -1.521747 
20.000000 21.627688 -1.521820 
20.000000 21.727688 -1.521830 
20.000000 21.827688 -1.521794 
20.000000 21.927688 -1.521735 
20.000000 22.027688 -1.521677 
20.000000 22.127688 -1.521640 
20.100000 16.627688 -1.521585 
20.100000 16.727688 -1.521611 
20.100000 16.827688 -1.521666 
20.100000 16.927688 -1.521733 
20.100000 17.027688 -1.521789 
20.100000 17.127688 -1.521811 
20.100000 17.227688 -1.521777 
20.100000 17.327688 -1.521676 
20.100000 17.427688 -1.521510 
20.100000 17.527688 -1.521293 
20.100000 17.627688 -1.521051 
20.100000 17.727688 -1.520816 
20.100000 17.827688 -1.520623 
20.100000 17.927688 -1.520502 
20.100000 18.027688 -1.520472 
20.100000 18.127688 -1.520538 
20.100000 18.227688 -1.520690 
20.100000 18.327688 -1.520906 
20.100000 18.427688 -1.521154 
20.100000 18.527688 -1.521400 
20.100000 18.627688 -1.521613 
20.100000 18.727688 -1.521770 
20.100000 18.827688 -1.521859 
20.100000 18.927688 -1.521883 
20.100000 19.027688 -1.521858 
20.100000 19.127688 -1.521804 
20.100000 19.227688 -1.521747 
20.100000 19.327688 -1.521708 
20.100000 19.427688 -1.521700 
20.100000 19.527688 -1.521727 
20.100000 19.627688 -1.521779 
20.100000 19.727688 -1.521837 
20.100000 19.827688 -1.521877 
20.100000 19.927688 -1.521876 
20.100000 20.027688 -1.521816 
20.100000 20.127688 -1.521688 
20.100000 20.227688 -1.521497 
20.100000 20.327688 -1.521261 
20.100000 20.427688 -1.521009 
20.100000 20.527688 -1.520775 
20.100000 20.627688 -1.520593 
20.100000 20.727688 -1.520488 
20.100000 20.827688 -1.520478 
20.100000 20.927688 -1.520562 
20.100000 21.027688 -1.520727 
20.100000 21.127688 -1.520948 
20.100000 21.227688 -1.521191 
20.100000 21.327688 -1.521423 
20.100000 21.427688 -1.521613 
20.100000 21.527688 -1.521743 
20.100000 21.627688 -1.521804 
20.100000 21.727688 -1.521804 
20.100000 21.827688 -1.521760 
20.100000 21.927688 -1.521694 
20.100000 22.027688 -1.521631 
20.100000 22.127688 -1.521592 
20.200000 16.627688 -1.521445 
20.200000 16.727688 -1.521474 
20.200000 16.827688 -1.521539 
20.200000 16.927688 -1.521624 
20.200000 17.027688 -1.521703 
20.200000 17.127688 -1.521752 
20.200000 17.227688 -1.521748 
20.200000 17.327688 -1.521679 
20.200000 17.427688 -1.521545 
20.200000 17.527688 -1.521357 
20.200000 17.627688 -1.521142 
20.200000 17.727688 -1.520929 
20.200000 17.827688 -1.520753 
20.200000 17.927688 -1.520641 
20.200000 18.027688 -1.520613 
20.200000 18.127688 -1.520674 
20.200000 18.227688 -1.520815 
20.200000 18.327688 -1.521013 
20.200000 18.427688 -1.521238 
20.200000 18.527688 -1.521456 
20.200000 18.627688 -1.521639 
20.200000 18.727688 -1.521763 
20.200000 18.827688 -1.521821 
20.200000 18.927688 -1.521816 
20.200000 19.027688 -1.521764 
20.200000 19.127688 -1.521689 
20.200000 19.227688 -1.521617 
20.200000 19.327688 -1.521569 
20.200000 19.427688 -1.521560 
20.200000 19.527688 -1.521592 
20.200000 19.627688 -1.521657 
20.200000 19.727688 -1.521734 
20.200000 19.827688 -1.521799 
20.200000 19.927688 -1.521826 
20.200000 20.027688 -1.521796 
20.200000 20.127688 -1.521700 
20.200000 20.227688 -1.521540 
20.200000 20.327688 -1.521333 
20.200000 20.427688 -1.521107 
20.200000 20.527688 -1.520894 
20.200000 20.627688 -1.520725 
20.200000 20.727688 -1.520629 
20.200000 20.827688 -1.520619 
20.200000 20.927688 -1.520696 
20.200000 21.027688 -1.520848 
20.200000 21.127688 -1.521049 
20.200000 21.227688 -1.521267 
20.200000 21.327688 -1.521470 
20.200000 21.427688 -1.521630 
20.200000 21.527688 -1.521727 
20.200000 21.627688 -1.521758 
20.200000 21.727688 -1.521729 
20.200000 21.827688 -1.521660 
20.200000 21.927688 -1.521574 
20.200000 22.027688 -1.521498 
20.200000 22.127688 -1.521452 
20.300000 16.627688 -1.521234 
20.300000 16.727688 -1.521269 
20.300000 16.827688 -1.521350 
20.300000 16.927688 -1.521460 
20.300000 17.027688 -1.521574 
20.300000 17.127688 -1.521663 
20.300000 17.227688 -1.521704 
20.300000 17.327688 -1.521683 
20.300000 17.427688 -1.521596 
20.300000 17.527688 -1.521453 
20.300000 17.627688 -1.521277 
20.300000 17.727688 -1.521098 
20.300000 17.827688 -1.520945 
20.300000 17.927688 -1.520849 
20.300000 18.027688 -1.520825 
20.300000 18.127688 -1.520879 
20.300000 18.227688 -1.521002 
20.300000 18.327688 -1.521173 
20.300000 18.427688 -1.521363 
20.300000 18.527688 -1.521540 
20.300000 18.627688 -1.521676 
20.300000 18.727688 -1.521753 
20.300000 18.827688 -1.521764 
20.300000 18.927688 -1.521715 
20.300000 19.027688 -1.521624 
20.300000 19.127688 -1.521518 
20.300000 19.227688 -1.521422 
20.300000 19.327688 -1.521361 
20.300000 19.427688 -1.521350 
20.300000 19.527688 -1.521391 
20.300000 19.627688 -1.521474 
20.300000 19.727688 -1.521579 
20.300000 19.827688 -1.521680 
20.300000 19.927688 -1.521750 
20.300000 20.027688 -1.521766 
20.300000 20.127688 -1.521717 
20.300000 20.227688 -1.521604 
20.300000 20.327688 -1.521441 
20.300000 20.427688 -1.521253 
20.300000 20.527688 -1.521070 
20.300000 20.627688 -1.520923 
20.300000 20.727688 -1.520838 
20.300000 20.827688 -1.520829 
20.300000 20.927688 -1.520896 
20.300000 21.027688 -1.521028 
20.300000 21.127688 -1.521199 
20.300000 21.227688 -1.521381 
20.300000 21.327688 -1.521541 
20.300000 21.427688 -1.521654 
20.300000 21.527688 -1.521703 
20.300000 21.627688 -1.521688 
20.300000 21.727688 -1.521616 
20.300000 21.827688 -1.521510 
20.300000 21.927688 -1.521395 
20.300000 22.027688 -1.521299 
20.300000 22.127688 -1.521243 
20.400000 16.627688 -1.520985 
20.400000 16.727688 -1.521027 
20.400000 16.827688 -1.521127 
20.400000 16.927688 -1.521267 
20.400000 17.027688 -1.521420 
20.400000 17.127688 -1.521558 
20.400000 17.227688 -1.521653 
20.400000 17.327688 -1.521687 
20.400000 17.427688 -1.521656 
20.400000 17.527688 -1.521566 
20.400000 17.627688 -1.521437 
20.400000 17.727688 -1.521296 
20.400000 17.827688 -1.521173 
20.400000 17.927688 -1.521093 
20.400000 18.027688 -1.521073 
20.400000 18.127688 -1.521119 
20.400000 18.227688 -1.521222 
20.400000 18.327688 -1.521361 
20.400000 18.427688 -1.521509 
20.400000 18.527688 -1.521638 
20.400000 18.627688 -1.521720 
20.400000 18.727688 -1.521741 
20.400000 18.827688 -1.521696 
20.400000 18.927688 -1.521595 
20.400000 19.027688 -1.521459 
20.400000 19.127688 -1.521315 
20.400000 19.227688 -1.521192 
20.400000 19.327688 -1.521116 
20.400000 19.427688 -1.521102 
20.400000 19.527688 -1.521153 
20.400000 19.627688 -1.521258 
20.400000 19.727688 -1.521397 
20.400000 19.827688 -1.521540 
20.400000 19.927688 -1.521659 
20.400000 20.027688 -1.521730 
20.400000 20.127688 -1.521737 
20.400000 20.227688 -1.521680 
20.400000 20.327688 -1.521568 
20.400000 20.427688 -1.521425 
20.400000 20.527688 -1.521278 
20.400000 20.627688 -1.521157 
20.400000 20.727688 -1.521085 
20.400000 20.827688 -1.521076 
20.400000 20.927688 -1.521132 
20.400000 21.027688 -1.521240 
20.400000 21.127688 -1.521377 
20.400000 21.227688 -1.521514 
20.400000 21.327688 -1.521624 
20.400000 21.427688 -1.521682 
20.400000 21.527688 -1.521675 
20.400000 21.627688 -1.521605 
20.400000 21.727688 -1.521483 
20.400000 21.827688 -1.521332 
20.400000 21.927688 -1.521183 
20.400000 22.027688 -1.521063 
20.400000 22.127688 -1.520995 
20.500000 16.627688 -1.520736 
20.500000 16.727688 -1.520784 
20.500000 16.827688 -1.520903 
20.500000 16.927688 -1.521073 
20.500000 17.027688 -1.521267 
20.500000 17.127688 -1.521452 
20.500000 17.227688 -1.521601 
20.500000 17.327688 -1.521691 
20.500000 17.427688 -1.521715 
20.500000 17.527688 -1.521678 
20.500000 17.627688 -1.521596 
20.500000 17.727688 -1.521494 
20.500000 17.827688 -1.521400 
20.500000 17.927688 -1.521337 
20.500000 18.027688 -1.521322 
20.500000 18.127688 -1.521359 
20.500000 18.227688 -1.521441 
20.500000 18.327688 -1.521549 
20.500000 18.427688 -1.521656 
20.500000 18.527688 -1.521736 
20.500000 18.627688 -1.521764 
20.500000 18.727688 -1.521729 
20.500000 18.827688 -1.521629 
20.500000 18.927688 -1.521476 
20.500000 19.027688 -1.521293 
20.500000 19.127688 -1.521111 
20.500000 19.227688 -1.520962 
20.500000 19.327688 -1.520870 
20.500000 19.427688 -1.520854 
20.500000 19.527688 -1.520914 
20.500000 19.627688 -1.521042 
20.500000 19.727688 -1.521214 
20.500000 19.827688 -1.521400 
20.500000 19.927688 -1.521569 
20.500000 20.027688 -1.521694 
20.500000 20.127688 -1.521757 
20.500000 20.227688 -1.521755 
20.500000 20.327688 -1.521695 
20.500000 20.427688 -1.521596 
20.500000 20.527688 -1.521486 
20.500000 20.627688 -1.521390 
20.500000 20.727688 -1.521332 
20.500000 20.827688 -1.521324 
20.500000 20.927688 -1.521368 
20.500000 21.027688 -1.521451 
20.500000 21.127688 -1.521554 
20.500000 21.227688 -1.521648 
20.500000 21.327688 -1.521706 
20.500000 21.427688 -1.521710 
20.500000 21.527688 -1.521647 
20.500000 21.627688 -1.521521 
20.500000 21.727688 -1.521349 
20.500000 21.827688 -1.521155 
20.500000 21.927688 -1.520971 
20.500000 22.027688 -1.520827 
20.500000 22.127688 -1.520747 
20.600000 16.627688 -1.520525 
20.600000 16.727688 -1.520578 
20.600000 16.827688 -1.520713 
20.600000 16.927688 -1.520909 
20.600000 17.027688 -1.521137 
20.600000 17.127688 -1.521363 
20.600000 17.227688 -1.521556 
20.600000 17.327688 -1.521694 
20.600000 17.427688 -1.521766 
20.600000 17.527688 -1.521773 
20.600000 17.627688 -1.521731 
20.600000 17.727688 -1.521662 
20.600000 17.827688 -1.521592 
20.600000 17.927688 -1.521543 
20.600000 18.027688 -1.521532 
20.600000 18.127688 -1.521563 
20.600000 18.227688 -1.521628 
20.600000 18.327688 -1.521708 
20.600000 18.427688 -1.521780 
20.600000 18.527688 -1.521818 
20.600000 18.627688 -1.521801 
20.600000 18.727688 -1.521718 
20.600000 18.827688 -1.521571 
20.600000 18.927688 -1.521374 
20.600000 19.027688 -1.521152 
20.600000 19.127688 -1.520939 
20.600000 19.227688 -1.520766 
20.600000 19.327688 -1.520662 
20.600000 19.427688 -1.520643 
20.600000 19.527688 -1.520712 
20.600000 19.627688 -1.520858 
20.600000 19.727688 -1.521058 
20.600000 19.827688 -1.521281 
20.600000 19.927688 -1.521492 
20.600000 20.027688 -1.521663 
20.600000 20.127688 -1.521774 
20.600000 20.227688 -1.521819 
20.600000 20.327688 -1.521802 
20.600000 20.427688 -1.521741 
20.600000 20.527688 -1.521661 
20.600000 20.627688 -1.521587 
20.600000 20.727688 -1.521540 
20.600000 20.827688 -1.521533 
20.600000 20.927688 -1.521567 
20.600000 21.027688 -1.521631 
20.600000 21.127688 -1.521704 
20.600000 21.227688 -1.521760 
20.600000 21.327688 -1.521776 
20.600000 21.427688 -1.521733 
20.600000 21.527688 -1.521623 
20.600000 21.627688 -1.521451 
20.600000 21.727688 -1.521235 
20.600000 21.827688 -1.521004 
20.600000 21.927688 -1.520791 
20.600000 22.027688 -1.520627 
20.600000 22.127688 -1.520537 
20.700000 16.627688 -1.520384 
20.700000 16.727688 -1.520440 
20.700000 16.827688 -1.520586 
20.700000 16.927688 -1.520799 
20.700000 17.027688 -1.521049 
20.700000 17.127688 -1.521303 
20.700000 17.227688 -1.521526 
20.700000 17.327688 -1.521696 
20.700000 17.427688 -1.521799 
20.700000 17.527688 -1.521836 
20.700000 17.627688 -1.521821 
20.700000 17.727688 -1.521774 
20.700000 17.827688 -1.521720 
20.700000 17.927688 -1.521681 
20.700000 18.027688 -1.521672 
20.700000 18.127688 -1.521698 
20.700000 18.227688 -1.521752 
20.700000 18.327688 -1.521814 
20.700000 18.427688 -1.521863 
20.700000 18.527688 -1.521873 
20.700000 18.627688 -1.521826 
20.700000 18.727688 -1.521711 
20.700000 18.827688 -1.521532 
20.700000 18.927688 -1.521305 
20.700000 19.027688 -1.521058 
20.700000 19.127688 -1.520823 
20.700000 19.227688 -1.520635 
20.700000 19.327688 -1.520522 
20.700000 19.427688 -1.520501 
20.700000 19.527688 -1.520576 
20.700000 19.627688 -1.520735 
20.700000 19.727688 -1.520954 
20.700000 19.827688 -1.521201 
20.700000 19.927688 -1.521440 
20.700000 20.027688 -1.521642 
20.700000 20.127688 -1.521785 
20.700000 20.227688 -1.521861 
20.700000 20.327688 -1.521873 
20.700000 20.427688 -1.521838 
20.700000 20.527688 -1.521778 
20.700000 20.627688 -1.521719 
20.700000 20.727688 -1.521679 
20.700000 20.827688 -1.521673 
20.700000 20.927688 -1.521700 
20.700000 21.027688 -1.521750 
20.700000 21.127688 -1.521803 
20.700000 21.227688 -1.521835 
20.700000 21.327688 -1.521823 
20.700000 21.427688 -1.521748 
20.700000 21.527688 -1.521606 
20.700000 21.627688 -1.521403 
20.700000 21.727688 -1.521159 
20.700000 21.827688 -1.520903 
20.700000 21.927688 -1.520670 
20.700000 22.027688 -1.520492 
20.700000 22.127688 -1.520396 
20.800000 16.627688 -1.520333 
20.800000 16.727688 -1.520391 
20.800000 16.827688 -1.520541 
20.800000 16.927688 -1.520760 
20.800000 17.027688 -1.521018 
20.800000 17.127688 -1.521281 
20.800000 17.227688 -1.521515 
20.800000 17.327688 -1.521696 
20.800000 17.427688 -1.521810 
20.800000 17.527688 -1.521858 
20.800000 17.627688 -1.521852 
20.800000 17.727688 -1.521812 
20.800000 17.827688 -1.521764 
20.800000 17.927688 -1.521729 
20.800000 18.027688 -1.521721 
20.800000 18.127688 -1.521745 
20.800000 18.227688 -1.521794 
20.800000 18.327688 -1.521851 
20.800000 18.427688 -1.521891 
20.800000 18.527688 -1.521892 
20.800000 18.627688 -1.521834 
20.800000 18.727688 -1.521708 
20.800000 18.827688 -1.521518 
20.800000 18.927688 -1.521281 
20.800000 19.027688 -1.521024 
20.800000 19.127688 -1.520782 
20.800000 19.227688 -1.520588 
20.800000 19.327688 -1.520472 
20.800000 19.427688 -1.520451 
20.800000 19.527688 -1.520528 
20.800000 19.627688 -1.520692 
20.800000 19.727688 -1.520917 
20.800000 19.827688 -1.521172 
20.800000 19.927688 -1.521421 
20.800000 20.027688 -1.521634 
20.800000 20.127688 -1.521788 
20.800000 20.227688 -1.521875 
20.800000 20.327688 -1.521897 
20.800000 20.427688 -1.521871 
20.800000 20.527688 -1.521819 
20.800000 20.627688 -1.521764 
20.800000 20.727688 -1.521728 
20.800000 20.827688 -1.521722 
20.800000 20.927688 -1.521746 
20.800000 21.027688 -1.521791 
20.800000 21.127688 -1.521838 
20.800000 21.227688 -1.521861 
20.800000 21.327688 -1.521838 
20.800000 21.427688 -1.521753 
20.800000 21.527688 -1.521600 
20.800000 21.627688 -1.521386 
20.800000 21.727688 -1.521131 
20.800000 21.827688 -1.520867 
20.800000 21.927688 -1.520627 
20.800000 22.027688 -1.520445 
20.800000 22.127688 -1.520346 
20.900000 16.627688 -1.520382 
20.900000 16.727688 -1.520439 
20.900000 16.827688 -1.520584 
20.900000 16.927688 -1.520797 
20.900000 17.027688 -1.521048 
20.900000 17.127688 -1.521301 
20.900000 17.227688 -1.521524 
20.900000 17.327688 -1.521694 
20.900000 17.427688 -1.521797 
20.900000 17.527688 -1.521835 
20.900000 17.627688 -1.521819 
20.900000 17.727688 -1.521772 
20.900000 17.827688 -1.521718 
20.900000 17.927688 -1.521679 
20.900000 18.027688 -1.521671 
20.900000 18.127688 -1.521697 
20.900000 18.227688 -1.521750 
20.900000 18.327688 -1.521812 
20.900000 18.427688 -1.521861 
20.900000 18.527688 -1.521871 
20.900000 18.627688 -1.521824 
20.900000 18.727688 -1.521709 
20.900000 18.827688 -1.521530 
20.900000 18.927688 -1.521303 
20.900000 19.027688 -1.521056 
20.900000 19.127688 -1.520821 
20.900000 19.227688 -1.520633 
20.900000 19.327688 -1.520520 
20.900000 19.427688 -1.520500 
20.900000 19.527688 -1.520575 
20.900000 19.627688 -1.520734 
20.900000 19.727688 -1.520952 
20.900000 19.827688 -1.521199 
20.900000 19.927688 -1.521438 
20.900000 20.027688 -1.521640 
20.900000 20.127688 -1.521783 
20.900000 20.227688 -1.521859 
20.900000 20.327688 -1.521871 
20.900000 20.427688 -1.521836 
20.900000 20.527688 -1.521776 
20.900000 20.627688 -1.521717 
20.900000 20.727688 -1.521678 
20.900000 20.827688 -1.521671 
20.900000 20.927688 -1.521698 
20.900000 21.027688 -1.521748 
20.900000 21.127688 -1.521801 
20.900000 21.227688 -1.521833 
20.900000 21.327688 -1.521821 
20.900000 21.427688 -1.521746 
20.900000 21.527688 -1.521604 
20.900000 21.627688 -1.521401 
20.900000 21.727688 -1.521157 
20.900000 21.827688 -1.520901 
20.900000 21.927688 -1.520668 
20.900000 22.027688 -1.520491 
20.900000 22.127688 -1.520394 
21.000000 16.627688 -1.520522 
21.000000 16.727688 -1.520575 
21.000000 16.827688 -1.520709 
21.000000 16.927688 -1.520906 
21.000000 17.027688 -1.521133 
21.000000 17.127688 -1.521359 
21.000000 17.227688 -1.521552 
21.000000 17.327688 -1.521690 
21.000000 17.427688 -1.521762 
21.000000 17.527688 -1.521770 
21.000000 17.627688 -1.521728 
21.000000 17.727688 -1.521658 
21.000000 17.827688 -1.521588 
21.000000 17.927688 -1.521540 
21.000000 18.027688 -1.521529 
21.000000 18.127688 -1.521559 
21.000000 18.227688 -1.521624 
21.000000 18.327688 -1.521705 
21.000000 18.427688 -1.521777 
21.000000 18.527688 -1.521814 
21.000000 18.627688 -1.521798 
21.000000 18.727688 -1.521715 
21.000000 18.827688 -1.521567 
21.000000 18.927688 -1.521370 
21.000000 19.027688 -1.521149 
21.000000 19.127688 -1.520935 
21.000000 19.227688 -1.520762 
21.000000 19.327688 -1.520658 
21.000000 19.427688 -1.520639 
21.000000 19.527688 -1.520708 
21.000000 19.627688 -1.520855 
21.000000 19.727688 -1.521055 
21.000000 19.827688 -1.521277 
21.000000 19.927688 -1.521488 
21.000000 20.027688 -1.521659 
21.000000 20.127688 -1.521771 
21.000000 20.227688 -1.521815 
21.000000 20.327688 -1.521798 
21.000000 20.427688 -1.521738 
21.000000 20.527688 -1.521658 
21.000000 20.627688 -1.521583 
21.000000 20.727688 -1.521537 
21.000000 20.827688 -1.521530 
21.000000 20.927688 -1.521564 
21.000000 21.027688 -1.521627 
21.000000 21.127688 -1.521700 
21.000000 21.227688 -1.521757 
21.000000 21.327688 -1.521773 
21.000000 21.427688 -1.521729 
21.000000 21.527688 -1.521619 
21.000000 21.627688 -1.521447 
21.000000 21.727688 -1.521231 
21.000000 21.827688 -1.521000 
21.000000 21.927688 -1.520787 
21.000000 22.027688 -1.520623 
21.000000 22.127688 -1.520533 
21.100000 16.627688 -1.520731 
21.100000 16.727688 -1.520779 
21.100000 16.827688 -1.520898 
21.100000 16.927688 -1.521068 
21.100000 17.027688 -1.521262 
21.100000 17.127688 -1.521447 
21.100000 17.227688 -1.521595 
21.100000 17.327688 -1.521686 
21.100000 17.427688 -1.521710 
21.100000 17.527688 -1.521673 
21.100000 17.627688 -1.521591 
21.100000 17.727688 -1.521489 
21.100000 17.827688 -1.521394 
21.100000 17.927688 -1.521331 
21.100000 18.027688 -1.521316 
21.100000 18.127688 -1.521354 
21.100000 18.227688 -1.521436 
21.100000 18.327688 -1.521544 
21.100000 18.427688 -1.521651 
21.100000 18.527688 -1.521730 
21.100000 18.627688 -1.521759 
21.100000 18.727688 -1.521724 
21.100000 18.827688 -1.521623 
21.100000 18.927688 -1.521470 
21.100000 19.027688 -1.521288 
21.100000 19.127688 -1.521106 
21.100000 19.227688 -1.520956 
21.100000 19.327688 -1.520865 
21.100000 19.427688 -1.520848 
21.100000 19.527688 -1.520909 
21.100000 19.627688 -1.521036 
21.100000 19.727688 -1.521208 
21.100000 19.827688 -1.521394 
21.100000 19.927688 -1.521563 
21.100000 20.027688 -1.521688 
21.100000 20.127688 -1.521752 
21.100000 20.227688 -1.521750 
21.100000 20.327688 -1.521689 
21.100000 20.427688 -1.521591 
21.100000 20.527688 -1.521480 
21.100000 20.627688 -1.521384 
21.100000 20.727688 -1.521326 
21.100000 20.827688 -1.521318 
21.100000 20.927688 -1.521362 
21.100000 21.027688 -1.521446 
21.100000 21.127688 -1.521548 
21.100000 21.227688 -1.521642 
21.100000 21.327688 -1.521701 
21.100000 21.427688 -1.521704 
21.100000 21.527688 -1.521641 
21.100000 21.627688 -1.521516 
21.100000 21.727688 -1.521343 
21.100000 21.827688 -1.521149 
21.100000 21.927688 -1.520965 
21.100000 22.027688 -1.520822 
21.100000 22.127688 -1.520742 
21.200000 16.627688 -1.520978 
21.200000 16.727688 -1.521019 
21.200000 16.827688 -1.521120 
21.200000 16.927688 -1.521260 
21.200000 17.027688 -1.521413 
21.200000 17.127688 -1.521550 
21.200000 17.227688 -1.521645 
21.200000 17.327688 -1.521680 
21.200000 17.427688 -1.521648 
21.200000 17.527688 -1.521559 
21.200000 17.627688 -1.521430 
21.200000 17.727688 -1.521289 
21.200000 17.827688 -1.521165 
21.200000 17.927688 -1.521085 
21.200000 18.027688 -1.521066 
21.200000 18.127688 -1.521112 
21.200000 18.227688 -1.521214 
21.200000 18.327688 -1.521354 
21.200000 18.427688 -1.521502 
21.200000 18.527688 -1.521630 
21.200000 18.627688 -1.521713 
21.200000 18.727688 -1.521734 
21.200000 18.827688 -1.521689 
21.200000 18.927688 -1.521588 
21.200000 19.027688 -1.521451 
21.200000 19.127688 -1.521307 
21.200000 19.227688 -1.521185 
21.200000 19.327688 -1.521109 
21.200000 19.427688 -1.521095 
21.200000 19.527688 -1.521145 
21.200000 19.627688 -1.521251 
21.200000 19.727688 -1.521389 
21.200000 19.827688 -1.521533 
21.200000 19.927688 -1.521652 
21.200000 20.027688 -1.521723 
21.200000 20.127688 -1.521730 
21.200000 20.227688 -1.521672 
21.200000 20.327688 -1.521561 
21.200000 20.427688 -1.521417 
21.200000 20.527688 -1.521271 
21.200000 20.627688 -1.521149 
21.200000 20.727688 -1.521078 
21.200000 20.827688 -1.521069 
21.200000 20.927688 -1.521125 
21.200000 21.027688 -1.521232 
21.200000 21.127688 -1.521369 
21.200000 21.227688 -1.521507 
21.200000 21.327688 -1.521616 
21.200000 21.427688 -1.521674 
21.200000 21.527688 -1.521668 
21.200000 21.627688 -1.521597 
21.200000 21.727688 -1.521475 
21.200000 21.827688 -1.521325 
21.200000 21.927688 -1.521176 
21.200000 22.027688 -1.521056 
21.200000 22.127688 -1.520988 
21.300000 16.627688 -1.521225 
21.300000 16.727688 -1.521260 
21.300000 16.827688 -1.521341 
21.300000 16.927688 -1.521451 
21.300000 17.027688 -1.521564 
21.300000 17.127688 -1.521654 
21.300000 17.227688 -1.521695 
21.300000 17.327688 -1.521674 
21.300000 17.427688 -1.521587 
21.300000 17.527688 -1.521444 
21.300000 17.627688 -1.521268 
21.300000 17.727688 -1.521088 
21.300000 17.827688 -1.520936 
21.300000 17.927688 -1.520839 
21.300000 18.027688 -1.520815 
21.300000 18.127688 -1.520869 
21.300000 18.227688 -1.520992 
21.300000 18.327688 -1.521164 
21.300000 18.427688 -1.521353 
21.300000 18.527688 -1.521531 
21.300000 18.627688 -1.521667 
21.300000 18.727688 -1.521744 
21.300000 18.827688 -1.521755 
21.300000 18.927688 -1.521706 
21.300000 19.027688 -1.521615 
21.300000 19.127688 -1.521508 
21.300000 19.227688 -1.521413 
21.300000 19.327688 -1.521352 
21.300000 19.427688 -1.521341 
21.300000 19.527688 -1.521382 
21.300000 19.627688 -1.521465 
21.300000 19.727688 -1.521570 
21.300000 19.827688 -1.521671 
21.300000 19.927688 -1.521740 
21.300000 20.027688 -1.521757 
21.300000 20.127688 -1.521708 
21.300000 20.227688 -1.521595 
21.300000 20.327688 -1.521432 
21.300000 20.427688 -1.521244 
21.300000 20.527688 -1.521061 
21.300000 20.627688 -1.520914 
21.300000 20.727688 -1.520829 
21.300000 20.827688 -1.520820 
21.300000 20.927688 -1.520887 
21.300000 21.027688 -1.521019 
21.300000 21.127688 -1.521190 
21.300000 21.227688 -1.521372 
21.300000 21.327688 -1.521532 
21.300000 21.427688 -1.521644 
21.300000 21.527688 -1.521694 
21.300000 21.627688 -1.521678 
21.300000 21.727688 -1.521607 
21.300000 21.827688 -1.521500 
21.300000 21.927688 -1.521386 
21.300000 22.027688 -1.521290 
21.300000 22.127688 -1.521233 
21.400000 16.627688 -1.521434 
21.400000 16.727688 -1.521463 
21.400000 16.827688 -1.521529 
21.400000 16.927688 -1.521613 
21.400000 17.027688 -1.521692 
21.400000 17.127688 -1.521741 
21.400000 17.227688 -1.521737 
21.400000 17.327688 -1.521668 
21.400000 17.427688 -1.521534 
21.400000 17.527688 -1.521346 
21.400000 17.627688 -1.521131 
21.400000 17.727688 -1.520918 
21.400000 17.827688 -1.520742 
21.400000 17.927688 -1.520630 
21.400000 18.027688 -1.520602 
21.400000 18.127688 -1.520663 
21.400000 18.227688 -1.520804 
21.400000 18.327688 -1.521002 
21.400000 18.427688 -1.521227 
21.400000 18.527688 -1.521445 
21.400000 18.627688 -1.521628 
21.400000 18.727688 -1.521752 
21.400000 18.827688 -1.521810 
21.400000 18.927688 -1.521805 
21.400000 19.027688 -1.521753 
21.400000 19.127688 -1.521678 
21.400000 19.227688 -1.521606 
21.400000 19.327688 -1.521558 
21.400000 19.427688 -1.521549 
21.400000 19.527688 -1.521581 
21.400000 19.627688 -1.521646 
21.400000 19.727688 -1.521723 
21.400000 19.827688 -1.521788 
21.400000 19.927688 -1.521815 
21.400000 20.027688 -1.521785 
21.400000 20.127688 -1.521689 
21.400000 20.227688 -1.521529 
21.400000 20.327688 -1.521322 
21.400000 20.427688 -1.521096 
21.400000 20.527688 -1.520883 
21.400000 20.627688 -1.520714 
21.400000 20.727688 -1.520618 
21.400000 20.827688 -1.520608 
21.400000 20.927688 -1.520685 
21.400000 21.027688 -1.520837 
21.400000 21.127688 -1.521038 
21.400000 21.227688 -1.521256 
21.400000 21.327688 -1.521459 
21.400000 21.427688 -1.521619 
21.400000 21.527688 -1.521716 
21.400000 21.627688 -1.521747 
21.400000 21.727688 -1.521718 
21.400000 21.827688 -1.521649 
21.400000 21.927688 -1.521563 
21.400000 22.027688 -1.521487 
21.400000 22.127688 -1.521441 
21.500000 16.627688 -1.521572 
21.500000 16.727688 -1.521598 
21.500000 16.827688 -1.521653 
21.500000 16.927688 -1.521720 
21.500000 17.027688 -1.521776 
21.500000 17.127688 -1.521798 
21.500000 17.227688 -1.521764 
21.500000 17.327688 -1.521663 
21.500000 17.427688 -1.521497 
21.500000 17.527688 -1.521280 
21.500000 17.627688 -1.521038 
21.500000 17.727688 -1.520803 
21.500000 17.827688 -1.520611 
21.500000 17.927688 -1.520490 
21.500000 18.027688 -1.520459 
21.500000 18.127688 -1.520525 
21.500000 18.227688 -1.520677 
21.500000 18.327688 -1.520893 
21.500000 18.427688 -1.521141 
21.500000 18.527688 -1.521388 
21.500000 18.627688 -1.521600 
21.500000 18.727688 -1.521757 
21.500000 18.827688 -1.521846 
21.500000 18.927688 -1.521870 
21.500000 19.027688 -1.521845 
21.500000 19.127688 -1.521791 
21.500000 19.227688 -1.521734 
21.500000 19.327688 -1.521695 
21.500000 19.427688 -1.521687 
21.500000 19.527688 -1.521714 
21.500000 19.627688 -1.521766 
21.500000 19.727688 -1.521824 
21.500000 19.827688 -1.521865 
21.500000 19.927688 -1.521864 
21.500000 20.027688 -1.521803 
21.500000 20.127688 -1.521675 
21.500000 20.227688 -1.521484 
21.500000 20.327688 -1.521248 
21.500000 20.427688 -1.520997 
21.500000 20.527688 -1.520763 
21.500000 20.627688 -1.520580 
21.500000 20.727688 -1.520476 
21.500000 20.827688 -1.520465 
21.500000 20.927688 -1.520549 
21.500000 21.027688 -1.520714 
21.500000 21.127688 -1.520935 
21.500000 21.227688 -1.521178 
21.500000 21.327688 -1.521410 
21.500000 21.427688 -1.521600 
21.500000 21.527688 -1.521730 
21.500000 21.627688 -1.521791 
21.500000 21.727688 -1.521791 
21.500000 21.827688 -1.521747 
21.500000 21.927688 -1.521681 
21.500000 22.027688 -1.521619 
21.500000 22.127688 -1.521579 
21.600000 16.627688 -1.521619 
21.600000 16.727688 -1.521644 
21.600000 16.827688 -1.521695 
21.600000 16.927688 -1.521756 
21.600000 17.027688 -1.521804 
21.600000 17.127688 -1.521816 
21.600000 17.227688 -1.521772 
21.600000 17.327688 -1.521660 
21.600000 17.427688 -1.521483 
21.600000 17.527688 -1.521255 
21.600000 17.627688 -1.521003 
21.600000 17.727688 -1.520761 
21.600000 17.827688 -1.520563 
21.600000 17.927688 -1.520438 
21.600000 18.027688 -1.520407 
21.600000 18.127688 -1.520474 
21.600000 18.227688 -1.520630 
21.600000 18.327688 -1.520853 
21.600000 18.427688 -1.521109 
21.600000 18.527688 -1.521365 
21.600000 18.627688 -1.521589 
21.600000 18.727688 -1.521756 
21.600000 18.827688 -1.521857 
21.600000 18.927688 -1.521892 
21.600000 19.027688 -1.521875 
21.600000 19.127688 -1.521829 
21.600000 19.227688 -1.521777 
21.600000 19.327688 -1.521741 
21.600000 19.427688 -1.521734 
21.600000 19.527688 -1.521759 
21.600000 19.627688 -1.521806 
21.600000 19.727688 -1.521858 
21.600000 19.827688 -1.521890 
21.600000 19.927688 -1.521879 
21.600000 20.027688 -1.521807 
21.600000 20.127688 -1.521668 
21.600000 20.227688 -1.521466 
21.600000 20.327688 -1.521220 
21.600000 20.427688 -1.520960 
21.600000 20.527688 -1.520719 
21.600000 20.627688 -1.520531 
21.600000 20.727688 -1.520424 
21.600000 20.827688 -1.520413 
21.600000 20.927688 -1.520499 
21.600000 21.027688 -1.520669 
21.600000 21.127688 -1.520897 
21.600000 21.227688 -1.521149 
21.600000 21.327688 -1.521391 
21.600000 21.427688 -1.521592 
21.600000 21.527688 -1.521733 
21.600000 21.627688 -1.521805 
21.600000 21.727688 -1.521815 
21.600000 21.827688 -1.521779 
21.600000 21.927688 -1.521721 
21.600000 22.027688 -1.521663 
21.600000 22.127688 -1.521626 
21.700000 16.627688 -1.521566 
21.700000 16.727688 -1.521592 
21.700000 16.827688 -1.521647 
21.700000 16.927688 -1.521714 
21.700000 17.027688 -1.521771 
21.700000 17.127688 -1.521792 
21.700000 17.227688 -1.521759 
21.700000 17.327688 -1.521658 
21.700000 17.427688 -1.521492 
21.700000 17.527688 -1.521275 
21.700000 17.627688 -1.521032 
21.700000 17.727688 -1.520798 
21.700000 17.827688 -1.520605 
21.700000 17.927688 -1.520484 
21.700000 18.027688 -1.520454 
21.700000 18.127688 -1.520519 
21.700000 18.227688 -1.520671 
21.700000 18.327688 -1.520887 
21.700000 18.427688 -1.521136 
21.700000 18.527688 -1.521382 
21.700000 18.627688 -1.521595 
21.700000 18.727688 -1.521751 
21.700000 18.827688 -1.521840 
21.700000 18.927688 -1.521865 
21.700000 19.027688 -1.521839 
21.700000 19.127688 -1.521785 
21.700000 19.227688 -1.521728 
21.700000 19.327688 -1.521689 
21.700000 19.427688 -1.521682 
21.700000 19.527688 -1.521708 
21.700000 19.627688 -1.521760 
21.700000 19.727688 -1.521818 
21.700000 19.827688 -1.521859 
21.700000 19.927688 -1.521858 
21.700000 20.027688 -1.521797 
21.700000 20.127688 -1.521669 
21.700000 20.227688 -1.521478 
21.700000 20.327688 -1.521243 
21.700000 20.427688 -1.520991 
21.700000 20.527688 -1.520757 
21.700000 20.627688 -1.520574 
21.700000 20.727688 -1.520470 
21.700000 20.827688 -1.520459 
21.700000 20.927688 -1.520543 
21.700000 21.027688 -1.520709 
21.700000 21.127688 -1.520929 
21.700000 21.227688 -1.521173 
21.700000 21.327688 -1.521404 
21.700000 21.427688 -1.521595 
21.700000 21.527688 -1.521724 
21.700000 21.627688 -1.521786 
21.700000 21.727688 -1.521786 
21.700000 21.827688 -1.521741 
21.700000 21.927688 -1.521675 
21.700000 22.027688 -1.521613 
21.700000 22.127688 -1.521573 
21.800000 16.627688 -1.521422 
21.800000 16.727688 -1.521452 
21.800000 16.827688 -1.521517 
21.800000 16.927688 -1.521602 
21.800000 17.027688 -1.521681 
21.800000 17.127688 -1.521730 
21.800000 17.227688 -1.521726 
21.800000 17.327688 -1.521657 
21.800000 17.427688 -1.521523 
21.800000 17.527688 -1.521335 
21.800000 17.627688 -1.521120 
21.800000 17.727688 -1.520907 
21.800000 17.827688 -1.520731 
21.800000 17.927688 -1.520619 
21.800000 18.027688 -1.520591 
21.800000 18.127688 -1.520652 
21.800000 18.227688 -1.520793 
21.800000 18.327688 -1.520991 
21.800000 18.427688 -1.521216 
21.800000 18.527688 -1.521434 
21.800000 18.627688 -1.521617 
21.800000 18.727688 -1.521741 
21.800000 18.827688 -1.521799 
21.800000 18.927688 -1.521794 
21.800000 19.027688 -1.521742 
21.800000 19.127688 -1.521667 
21.800000 19.227688 -1.521595 
21.800000 19.327688 -1.521547 
21.800000 19.427688 -1.521538 
21.800000 19.527688 -1.521570 
21.800000 19.627688 -1.521635 
21.800000 19.727688 -1.521712 
21.800000 19.827688 -1.521776 
21.800000 19.927688 -1.521804 
21.800000 20.027688 -1.521774 
21.800000 20.127688 -1.521677 
21.800000 20.227688 -1.521518 
21.800000 20.327688 -1.521311 
21.800000 20.427688 -1.521085 
21.800000 20.527688 -1.520872 
21.800000 20.627688 -1.520703 
21.800000 20.727688 -1.520607 
21.800000 20.827688 -1.520596 
21.800000 20.927688 -1.520674 
21.800000 21.027688 -1.520826 
21.800000 21.127688 -1.521027 
21.800000 21.227688 -1.521245 
21.800000 21.327688 -1.521448 
21.800000 21.427688 -1.521607 
21.800000 21.527688 -1.521705 
21.800000 21.627688 -1.521736 
21.800000 21.727688 -1.521707 
21.800000 21.827688 -1.521638 
21.800000 21.927688 -1.521552 
21.800000 22.027688 -1.521476 
21.800000 22.127688 -1.521430 
21.900000 16.627688 -1.521208 
21.900000 16.727688 -1.521243 
21.900000 16.827688 -1.521325 
21.900000 16.927688 -1.521434 
21.900000 17.027688 -1.521548 
21.900000 17.127688 -1.521637 
21.900000 17.227688 -1.521679 
21.900000 17.327688 -1.521657 
21.900000 17.427688 -1.521570 
21.900000 17.527688 -1.521427 
21.900000 17.627688 -1.521251 
21.900000 17.727688 -1.521072 
21.900000 17.827688 -1.520920 
21.900000 17.927688 -1.520823 
21.900000 18.027688 -1.520799 
21.900000 18.127688 -1.520853 
21.900000 18.227688 -1.520976 
21.900000 18.327688 -1.521147 
21.900000 18.427688 -1.521337 
21.900000 18.527688 -1.521514 
21.900000 18.627688 -1.521650 
21.900000 18.727688 -1.521727 
21.900000 18.827688 -1.521738 
21.900000 18.927688 -1.521689 
21.900000 19.027688 -1.521598 
21.900000 19.127688 -1.521492 
21.900000 19.227688 -1.521396 
21.900000 19.327688 -1.521335 
21.900000 19.427688 -1.521324 
21.900000 19.527688 -1.521365 
21.900000 19.627688 -1.521448 
21.900000 19.727688 -1.521553 
21.900000 19.827688 -1.521654 
21.900000 19.927688 -1.521724 
21.900000 20.027688 -1.521740 
21.900000 20.127688 -1.521691 
21.900000 20.227688 -1.521578 
21.900000 20.327688 -1.521415 
21.900000 20.427688 -1.521227 
21.900000 20.527688 -1.521044 
21.900000 20.627688 -1.520898 
21.900000 20.727688 -1.520812 
21.900000 20.827688 -1.520803 
21.900000 20.927688 -1.520870 
21.900000 21.027688 -1.521002 
21.900000 21.127688 -1.521174 
21.900000 21.227688 -1.521355 
21.900000 21.327688 -1.521515 
21.900000 21.427688 -1.521628 
21.900000 21.527688 -1.521678 
21.900000 21.627688 -1.521662 
21.900000 21.727688 -1.521590 
21.900000 21.827688 -1.521484 
21.900000 21.927688 -1.521369 
21.900000 22.027688 -1.521273 
21.900000 22.127688 -1.521217 
22.000000 16.627688 -1.520956 
22.000000 16.727688 -1.520997 
22.000000 16.827688 -1.521097 
22.000000 16.927688 -1.521237 
22.000000 17.027688 -1.521391 
22.000000 17.127688 -1.521528 
22.000000 17.227688 -1.521623 
22.000000 17.327688 -1.521658 
22.000000 17.427688 -1.521626 
22.000000 17.527688 -1.521536 
22.000000 17.627688 -1.521407 
22.000000 17.727688 -1.521266 
22.000000 17.827688 -1.521143 
22.000000 17.927688 -1.521063 
22.000000 18.027688 -1.521044 
22.000000 18.127688 -1.521089 
22.000000 18.227688 -1.521192 
22.000000 18.327688 -1.521331 
22.000000 18.427688 -1.521480 
22.000000 18.527688 -1.521608 
22.000000 18.627688 -1.521691 
22.000000 18.727688 -1.521712 
22.000000 18.827688 -1.521667 
22.000000 18.927688 -1.521566 
22.000000 19.027688 -1.521429 
22.000000 19.127688 -1.521285 
22.000000 19.227688 -1.521162 
22.000000 19.327688 -1.521086 
22.000000 19.427688 -1.521072 
22.000000 19.527688 -1.521123 
22.000000 19.627688 -1.521228 
22.000000 19.727688 -1.521367 
22.000000 19.827688 -1.521510 
22.000000 19.927688 -1.521630 
22.000000 20.027688 -1.521700 
22.000000 20.127688 -1.521708 
22.000000 20.227688 -1.521650 
22.000000 20.327688 -1.521539 
22.000000 20.427688 -1.521395 
22.000000 20.527688 -1.521248 
22.000000 20.627688 -1.521127 
22.000000 20.727688 -1.521055 
22.000000 20.827688 -1.521047 
22.000000 20.927688 -1.521102 
22.000000 21.027688 -1.521210 
22.000000 21.127688 -1.521347 
22.000000 21.227688 -1.521485 
22.000000 21.327688 -1.521594 
22.000000 21.427688 -1.521652 
22.000000 21.527688 -1.521646 
22.000000 21.627688 -1.521575 
22.000000 21.727688 -1.521453 
22.000000 21.827688 -1.521303 
22.000000 21.927688 -1.521153 
22.000000 22.027688 -1.521033 
22.000000 22.127688 -1.520966 
22.100000 16.627688 -1.520703 
22.100000 16.727688 -1.520751 
22.100000 16.827688 -1.520870 
22.100000 16.927688 -1.521040 
22.100000 17.027688 -1.521234 
22.100000 17.127688 -1.521419 
22.100000 17.227688 -1.521567 
22.100000 17.327688 -1.521658 
22.100000 17.427688 -1.521682 
22.100000 17.527688 -1.521645 
22.100000 17.627688 -1.521563 
22.100000 17.727688 -1.521461 
22.100000 17.827688 -1.521366 
22.100000 17.927688 -1.521303 
22.100000 18.027688 -1.521288 
22.100000 18.127688 -1.521326 
22.100000 18.227688 -1.521408 
22.100000 18.327688 -1.521516 
22.100000 18.427688 -1.521623 
22.100000 18.527688 -1.521702 
22.100000 18.627688 -1.521731 
22.100000 18.727688 -1.521696 
22.100000 18.827688 -1.521595 
22.100000 18.927688 -1.521442 
22.100000 19.027688 -1.521260 
22.100000 19.127688 -1.521078 
22.100000 19.227688 -1.520928 
22.100000 19.327688 -1.520837 
22.100000 19.427688 -1.520820 
22.100000 19.527688 -1.520881 
22.100000 19.627688 -1.521008 
22.100000 19.727688 -1.521180 
22.100000 19.827688 -1.521366 
22.100000 19.927688 -1.521535 
22.100000 20.027688 -1.521660 
22.100000 20.127688 -1.521724 
22.100000 20.227688 -1.521722 
22.100000 20.327688 -1.521661 
22.100000 20.427688 -1.521563 
22.100000 20.527688 -1.521452 
22.100000 20.627688 -1.521356 
22.100000 20.727688 -1.521298 
22.100000 20.827688 -1.521291 
22.100000 20.927688 -1.521334 
22.100000 21.027688 -1.521418 
22.100000 21.127688 -1.521520 
22.100000 21.227688 -1.521614 
22.100000 21.327688 -1.521673 
22.100000 21.427688 -1.521676 
22.100000 21.527688 -1.521614 
22.100000 21.627688 -1.521488 
22.100000 21.727688 -1.521315 
22.100000 21.827688 -1.521122 
22.100000 21.927688 -1.520937 
22.100000 22.027688 -1.520794 
22.100000 22.127688 -1.520714 
22.200000 16.627688 -1.520488 
22.200000 16.727688 -1.520541 
22.200000 16.827688 -1.520676 
22.200000 16.927688 -1.520872 
22.200000 17.027688 -1.521100 
22.200000 17.127688 -1.521326 
22.200000 17.227688 -1.521519 
22.200000 17.327688 -1.521657 
22.200000 17.427688 -1.521729 
22.200000 17.527688 -1.521736 
22.200000 17.627688 -1.521694 
22.200000 17.727688 -1.521625 
22.200000 17.827688 -1.521554 
22.200000 17.927688 -1.521506 
22.200000 18.027688 -1.521495 
22.200000 18.127688 -1.521526 
22.200000 18.227688 -1.521590 
22.200000 18.327688 -1.521671 
22.200000 18.427688 -1.521743 
22.200000 18.527688 -1.521781 
22.200000 18.627688 -1.521764 
22.200000 18.727688 -1.521681 
22.200000 18.827688 -1.521534 
22.200000 18.927688 -1.521336 
22.200000 19.027688 -1.521115 
22.200000 19.127688 -1.520901 
22.200000 19.227688 -1.520729 
22.200000 19.327688 -1.520625 
22.200000 19.427688 -1.520605 
22.200000 19.527688 -1.520675 
22.200000 19.627688 -1.520821 
22.200000 19.727688 -1.521021 
22.200000 19.827688 -1.521243 
22.200000 19.927688 -1.521455 
22.200000 20.027688 -1.521626 
22.200000 20.127688 -1.521737 
22.200000 20.227688 -1.521781 
22.200000 20.327688 -1.521765 
22.200000 20.427688 -1.521704 
22.200000 20.527688 -1.521624 
22.200000 20.627688 -1.521550 
22.200000 20.727688 -1.521503 
22.200000 20.827688 -1.521496 
22.200000 20.927688 -1.521530 
22.200000 21.027688 -1.521594 
22.200000 21.127688 -1.521666 
22.200000 21.227688 -1.521723 
22.200000 21.327688 -1.521739 
22.200000 21.427688 -1.521696 
22.200000 21.527688 -1.521585 
22.200000 21.627688 -1.521413 
22.200000 21.727688 -1.521198 
22.200000 21.827688 -1.520967 
22.200000 21.927688 -1.520754 
22.200000 22.027688 -1.520590 
22.200000 22.127688 -1.520500 
22.300000 16.627688 -1.520343 
22.300000 16.727688 -1.520400 
22.300000 16.827688 -1.520545 
22.300000 16.927688 -1.520758 
22.300000 17.027688 -1.521008 
22.300000 17.127688 -1.521262 
22.300000 17.227688 -1.521485 
22.300000 17.327688 -1.521655 
22.300000 17.427688 -1.521758 
22.300000 17.527688 -1.521795 
22.300000 17.627688 -1.521780 
22.300000 17.727688 -1.521733 
22.300000 17.827688 -1.521679 
22.300000 17.927688 -1.521640 
22.300000 18.027688 -1.521631 
22.300000 18.127688 -1.521657 
22.300000 18.227688 -1.521710 
22.300000 18.327688 -1.521773 
22.300000 18.427688 -1.521822 
22.300000 18.527688 -1.521832 
22.300000 18.627688 -1.521784 
22.300000 18.727688 -1.521670 
22.300000 18.827688 -1.521491 
22.300000 18.927688 -1.521264 
22.300000 19.027688 -1.521017 
22.300000 19.127688 -1.520782 
22.300000 19.227688 -1.520594 
22.300000 19.327688 -1.520481 
22.300000 19.427688 -1.520460 
22.300000 19.527688 -1.520535 
22.300000 19.627688 -1.520694 
22.300000 19.727688 -1.520913 
22.300000 19.827688 -1.521159 
22.300000 19.927688 -1.521399 
22.300000 20.027688 -1.521601 
22.300000 20.127688 -1.521744 
22.300000 20.227688 -1.521820 
22.300000 20.327688 -1.521832 
22.300000 20.427688 -1.521797 
22.300000 20.527688 -1.521737 
22.300000 20.627688 -1.521678 
22.300000 20.727688 -1.521638 
22.300000 20.827688 -1.521632 
22.300000 20.927688 -1.521659 
22.300000 21.027688 -1.521709 
22.300000 21.127688 -1.521762 
22.300000 21.227688 -1.521794 
22.300000 21.327688 -1.521782 
22.300000 21.427688 -1.521707 
22.300000 21.527688 -1.521565 
22.300000 21.627688 -1.521362 
22.300000 21.727688 -1.521118 
22.300000 21.827688 -1.520862 
22.300000 21.927688 -1.520629 
22.300000 22.027688 -1.520452 
22.300000 22.127688 -1.520355 
