18.000000 16.887495 -1.731040 
18.000000 16.987495 -1.731058 
18.000000 17.087495 -1.731092 
18.000000 17.187495 -1.731130 
18.000000 17.287495 -1.731157 
18.000000 17.387495 -1.731158 
18.000000 17.487495 -1.731123 
18.000000 17.587495 -1.731046 
18.000000 17.687495 -1.730934 
18.000000 17.787495 -1.730799 
18.000000 17.887495 -1.730661 
18.000000 17.987495 -1.730542 
18.000000 18.087495 -1.730463 
18.000000 18.187495 -1.730438 
18.000000 18.287495 -1.730473 
18.000000 18.387495 -1.730561 
18.000000 18.487495 -1.730688 
18.000000 18.587495 -1.730835 
18.000000 18.687495 -1.730978 
18.000000 18.787495 -1.731099 
18.000000 18.887495 -1.731183 
18.000000 18.987495 -1.731226 
18.000000 19.087495 -1.731233 
18.000000 19.187495 -1.731214 
18.000000 19.287495 -1.731185 
18.000000 19.387495 -1.731160 
18.000000 19.487495 -1.731151 
18.000000 19.587495 -1.731161 
18.000000 19.687495 -1.731186 
18.000000 19.787495 -1.731215 
18.000000 19.887495 -1.731233 
18.000000 19.987495 -1.731225 
18.000000 20.087495 -1.731180 
18.000000 20.187495 -1.731095 
18.000000 20.287495 -1.730973 
18.000000 20.387495 -1.730829 
18.000000 20.487495 -1.730683 
18.000000 20.587495 -1.730556 
18.000000 20.687495 -1.730470 
18.000000 20.787495 -1.730438 
18.000000 20.887495 -1.730465 
18.000000 20.987495 -1.730546 
18.000000 21.087495 -1.730666 
18.000000 21.187495 -1.730804 
18.000000 21.287495 -1.730939 
18.000000 21.387495 -1.731050 
18.000000 21.487495 -1.731125 
18.000000 21.587495 -1.731159 
18.000000 21.687495 -1.731156 
18.000000 21.787495 -1.731128 
18.000000 21.887495 -1.731091 
18.000000 21.987495 -1.731057 
18.100000 16.887495 -1.731017 
18.100000 16.987495 -1.731037 
18.100000 17.087495 -1.731073 
18.100000 17.187495 -1.731115 
18.100000 17.287495 -1.731147 
18.100000 17.387495 -1.731155 
18.100000 17.487495 -1.731126 
18.100000 17.587495 -1.731057 
18.100000 17.687495 -1.730951 
18.100000 17.787495 -1.730822 
18.100000 17.887495 -1.730690 
18.100000 17.987495 -1.730575 
18.100000 18.087495 -1.730499 
18.100000 18.187495 -1.730475 
18.100000 18.287495 -1.730508 
18.100000 18.387495 -1.730594 
18.100000 18.487495 -1.730717 
18.100000 18.587495 -1.730858 
18.100000 18.687495 -1.730996 
18.100000 18.787495 -1.731109 
18.100000 18.887495 -1.731186 
18.100000 18.987495 -1.731222 
18.100000 19.087495 -1.731223 
18.100000 19.187495 -1.731199 
18.100000 19.287495 -1.731165 
18.100000 19.387495 -1.731138 
18.100000 19.487495 -1.731128 
18.100000 19.587495 -1.731139 
18.100000 19.687495 -1.731167 
18.100000 19.787495 -1.731200 
18.100000 19.887495 -1.731223 
18.100000 19.987495 -1.731222 
18.100000 20.087495 -1.731184 
18.100000 20.187495 -1.731105 
18.100000 20.287495 -1.730991 
18.100000 20.387495 -1.730853 
18.100000 20.487495 -1.730712 
18.100000 20.587495 -1.730590 
18.100000 20.687495 -1.730506 
18.100000 20.787495 -1.730475 
18.100000 20.887495 -1.730501 
18.100000 20.987495 -1.730579 
18.100000 21.087495 -1.730695 
18.100000 21.187495 -1.730828 
18.100000 21.287495 -1.730956 
18.100000 21.387495 -1.731060 
18.100000 21.487495 -1.731128 
18.100000 21.587495 -1.731155 
18.100000 21.687495 -1.731146 
18.100000 21.787495 -1.731113 
18.100000 21.887495 -1.731071 
18.100000 21.987495 -1.731035 
18.200000 16.887495 -1.730940 
18.200000 16.987495 -1.730962 
18.200000 17.087495 -1.731005 
18.200000 17.187495 -1.731058 
18.200000 17.287495 -1.731106 
18.200000 17.387495 -1.731132 
18.200000 17.487495 -1.731123 
18.200000 17.587495 -1.731074 
18.200000 17.687495 -1.730988 
18.200000 17.787495 -1.730877 
18.200000 17.887495 -1.730759 
18.200000 17.987495 -1.730656 
18.200000 18.087495 -1.730587 
18.200000 18.187495 -1.730565 
18.200000 18.287495 -1.730596 
18.200000 18.387495 -1.730675 
18.200000 18.487495 -1.730786 
18.200000 18.587495 -1.730913 
18.200000 18.687495 -1.731032 
18.200000 18.787495 -1.731126 
18.200000 18.887495 -1.731182 
18.200000 18.987495 -1.731199 
18.200000 19.087495 -1.731181 
18.200000 19.187495 -1.731142 
18.200000 19.287495 -1.731098 
18.200000 19.387495 -1.731064 
18.200000 19.487495 -1.731051 
18.200000 19.587495 -1.731065 
18.200000 19.687495 -1.731099 
18.200000 19.787495 -1.731144 
18.200000 19.887495 -1.731183 
18.200000 19.987495 -1.731199 
18.200000 20.087495 -1.731181 
18.200000 20.187495 -1.731123 
18.200000 20.287495 -1.731027 
18.200000 20.387495 -1.730908 
18.200000 20.487495 -1.730782 
18.200000 20.587495 -1.730671 
18.200000 20.687495 -1.730594 
18.200000 20.787495 -1.730565 
18.200000 20.887495 -1.730589 
18.200000 20.987495 -1.730660 
18.200000 21.087495 -1.730764 
18.200000 21.187495 -1.730881 
18.200000 21.287495 -1.730992 
18.200000 21.387495 -1.731076 
18.200000 21.487495 -1.731124 
18.200000 21.587495 -1.731131 
18.200000 21.687495 -1.731105 
18.200000 21.787495 -1.731056 
18.200000 21.887495 -1.731003 
18.200000 21.987495 -1.730960 
18.300000 16.887495 -1.730823 
18.300000 16.987495 -1.730848 
18.300000 17.087495 -1.730902 
18.300000 17.187495 -1.730972 
18.300000 17.287495 -1.731042 
18.300000 17.387495 -1.731094 
18.300000 17.487495 -1.731114 
18.300000 17.587495 -1.731095 
18.300000 17.687495 -1.731038 
18.300000 17.787495 -1.730953 
18.300000 17.887495 -1.730858 
18.300000 17.987495 -1.730772 
18.300000 18.087495 -1.730713 
18.300000 18.187495 -1.730695 
18.300000 18.287495 -1.730722 
18.300000 18.387495 -1.730790 
18.300000 18.487495 -1.730885 
18.300000 18.587495 -1.730989 
18.300000 18.687495 -1.731081 
18.300000 18.787495 -1.731146 
18.300000 18.887495 -1.731173 
18.300000 18.987495 -1.731161 
18.300000 19.087495 -1.731117 
18.300000 19.187495 -1.731056 
18.300000 19.287495 -1.730994 
18.300000 19.387495 -1.730950 
18.300000 19.487495 -1.730934 
18.300000 19.587495 -1.730951 
18.300000 19.687495 -1.730996 
18.300000 19.787495 -1.731058 
18.300000 19.887495 -1.731119 
18.300000 19.987495 -1.731162 
18.300000 20.087495 -1.731173 
18.300000 20.187495 -1.731144 
18.300000 20.287495 -1.731078 
18.300000 20.387495 -1.730985 
18.300000 20.487495 -1.730881 
18.300000 20.587495 -1.730787 
18.300000 20.687495 -1.730721 
18.300000 20.787495 -1.730695 
18.300000 20.887495 -1.730715 
18.300000 20.987495 -1.730775 
18.300000 21.087495 -1.730862 
18.300000 21.187495 -1.730957 
18.300000 21.287495 -1.731041 
18.300000 21.387495 -1.731097 
18.300000 21.487495 -1.731114 
18.300000 21.587495 -1.731093 
18.300000 21.687495 -1.731040 
18.300000 21.787495 -1.730969 
18.300000 21.887495 -1.730899 
18.300000 21.987495 -1.730847 
18.400000 16.887495 -1.730687 
18.400000 16.987495 -1.730716 
18.400000 17.087495 -1.730782 
18.400000 17.187495 -1.730872 
18.400000 17.287495 -1.730968 
18.400000 17.387495 -1.731050 
18.400000 17.487495 -1.731103 
18.400000 17.587495 -1.731118 
18.400000 17.687495 -1.731095 
18.400000 17.787495 -1.731040 
18.400000 17.887495 -1.730970 
18.400000 17.987495 -1.730904 
18.400000 18.087495 -1.730857 
18.400000 18.187495 -1.730843 
18.400000 18.287495 -1.730866 
18.400000 18.387495 -1.730922 
18.400000 18.487495 -1.730997 
18.400000 18.587495 -1.731075 
18.400000 18.687495 -1.731137 
18.400000 18.787495 -1.731169 
18.400000 18.887495 -1.731162 
18.400000 18.987495 -1.731116 
18.400000 19.087495 -1.731042 
18.400000 19.187495 -1.730955 
18.400000 19.287495 -1.730874 
18.400000 19.387495 -1.730818 
18.400000 19.487495 -1.730798 
18.400000 19.587495 -1.730819 
18.400000 19.687495 -1.730877 
18.400000 19.787495 -1.730958 
18.400000 19.887495 -1.731045 
18.400000 19.987495 -1.731119 
18.400000 20.087495 -1.731163 
18.400000 20.187495 -1.731168 
18.400000 20.287495 -1.731135 
18.400000 20.387495 -1.731072 
18.400000 20.487495 -1.730994 
18.400000 20.587495 -1.730919 
18.400000 20.687495 -1.730865 
18.400000 20.787495 -1.730843 
18.400000 20.887495 -1.730858 
18.400000 20.987495 -1.730906 
18.400000 21.087495 -1.730973 
18.400000 21.187495 -1.731043 
18.400000 21.287495 -1.731096 
18.400000 21.387495 -1.731119 
18.400000 21.487495 -1.731102 
18.400000 21.587495 -1.731047 
18.400000 21.687495 -1.730964 
18.400000 21.787495 -1.730868 
18.400000 21.887495 -1.730779 
18.400000 21.987495 -1.730714 
18.500000 16.887495 -1.730557 
18.500000 16.987495 -1.730590 
18.500000 17.087495 -1.730668 
18.500000 17.187495 -1.730776 
18.500000 17.287495 -1.730896 
18.500000 17.387495 -1.731008 
18.500000 17.487495 -1.731093 
18.500000 17.587495 -1.731141 
18.500000 17.687495 -1.731148 
18.500000 17.787495 -1.731123 
18.500000 17.887495 -1.731078 
18.500000 17.987495 -1.731030 
18.500000 18.087495 -1.730995 
18.500000 18.187495 -1.730985 
18.500000 18.287495 -1.731003 
18.500000 18.387495 -1.731047 
18.500000 18.487495 -1.731104 
18.500000 18.587495 -1.731157 
18.500000 18.687495 -1.731191 
18.500000 18.787495 -1.731190 
18.500000 18.887495 -1.731151 
18.500000 18.987495 -1.731073 
18.500000 19.087495 -1.730970 
18.500000 19.187495 -1.730859 
18.500000 19.287495 -1.730760 
18.500000 19.387495 -1.730692 
18.500000 19.487495 -1.730668 
18.500000 19.587495 -1.730694 
18.500000 19.687495 -1.730763 
18.500000 19.787495 -1.730863 
18.500000 19.887495 -1.730975 
18.500000 19.987495 -1.731077 
18.500000 20.087495 -1.731153 
18.500000 20.187495 -1.731191 
18.500000 20.287495 -1.731190 
18.500000 20.387495 -1.731156 
18.500000 20.487495 -1.731102 
18.500000 20.587495 -1.731045 
18.500000 20.687495 -1.731002 
18.500000 20.787495 -1.730984 
18.500000 20.887495 -1.730996 
18.500000 20.987495 -1.731031 
18.500000 21.087495 -1.731080 
18.500000 21.187495 -1.731125 
18.500000 21.287495 -1.731149 
18.500000 21.387495 -1.731140 
18.500000 21.487495 -1.731090 
18.500000 21.587495 -1.731004 
18.500000 21.687495 -1.730892 
18.500000 21.787495 -1.730772 
18.500000 21.887495 -1.730664 
18.500000 21.987495 -1.730588 
18.600000 16.887495 -1.730456 
18.600000 16.987495 -1.730493 
18.600000 17.087495 -1.730579 
18.600000 17.187495 -1.730702 
18.600000 17.287495 -1.730842 
18.600000 17.387495 -1.730976 
18.600000 17.487495 -1.731086 
18.600000 17.587495 -1.731159 
18.600000 17.687495 -1.731192 
18.600000 17.787495 -1.731189 
18.600000 17.887495 -1.731163 
18.600000 17.987495 -1.731129 
18.600000 18.087495 -1.731103 
18.600000 18.187495 -1.731096 
18.600000 18.287495 -1.731112 
18.600000 18.387495 -1.731146 
18.600000 18.487495 -1.731188 
18.600000 18.587495 -1.731223 
18.600000 18.687495 -1.731233 
18.600000 18.787495 -1.731208 
18.600000 18.887495 -1.731143 
18.600000 18.987495 -1.731041 
18.600000 19.087495 -1.730915 
18.600000 19.187495 -1.730785 
18.600000 19.287495 -1.730671 
18.600000 19.387495 -1.730594 
18.600000 19.487495 -1.730567 
18.600000 19.587495 -1.730596 
18.600000 19.687495 -1.730675 
18.600000 19.787495 -1.730789 
18.600000 19.887495 -1.730920 
18.600000 19.987495 -1.731045 
18.600000 20.087495 -1.731146 
18.600000 20.187495 -1.731210 
18.600000 20.287495 -1.731233 
18.600000 20.387495 -1.731222 
18.600000 20.487495 -1.731187 
18.600000 20.587495 -1.731145 
18.600000 20.687495 -1.731111 
18.600000 20.787495 -1.731096 
18.600000 20.887495 -1.731104 
18.600000 20.987495 -1.731130 
18.600000 21.087495 -1.731164 
18.600000 21.187495 -1.731189 
18.600000 21.287495 -1.731191 
18.600000 21.387495 -1.731157 
18.600000 21.487495 -1.731082 
18.600000 21.587495 -1.730971 
18.600000 21.687495 -1.730836 
18.600000 21.787495 -1.730697 
18.600000 21.887495 -1.730575 
18.600000 21.987495 -1.730490 
18.700000 16.887495 -1.730403 
18.700000 16.987495 -1.730441 
18.700000 17.087495 -1.730533 
18.700000 17.187495 -1.730664 
18.700000 17.287495 -1.730814 
18.700000 17.387495 -1.730960 
18.700000 17.487495 -1.731084 
18.700000 17.587495 -1.731171 
18.700000 17.687495 -1.731217 
18.700000 17.787495 -1.731227 
18.700000 17.887495 -1.731211 
18.700000 17.987495 -1.731185 
18.700000 18.087495 -1.731164 
18.700000 18.187495 -1.731159 
18.700000 18.287495 -1.731173 
18.700000 18.387495 -1.731203 
18.700000 18.487495 -1.731237 
18.700000 18.587495 -1.731261 
18.700000 18.687495 -1.731259 
18.700000 18.787495 -1.731220 
18.700000 18.887495 -1.731141 
18.700000 18.987495 -1.731025 
18.700000 19.087495 -1.730887 
18.700000 19.187495 -1.730746 
18.700000 19.287495 -1.730625 
18.700000 19.387495 -1.730543 
18.700000 19.487495 -1.730515 
18.700000 19.587495 -1.730545 
18.700000 19.687495 -1.730629 
18.700000 19.787495 -1.730751 
18.700000 19.887495 -1.730893 
18.700000 19.987495 -1.731030 
18.700000 20.087495 -1.731144 
18.700000 20.187495 -1.731222 
18.700000 20.287495 -1.731259 
18.700000 20.387495 -1.731260 
18.700000 20.487495 -1.731236 
18.700000 20.587495 -1.731201 
18.700000 20.687495 -1.731172 
18.700000 20.787495 -1.731159 
18.700000 20.887495 -1.731165 
18.700000 20.987495 -1.731186 
18.700000 21.087495 -1.731212 
18.700000 21.187495 -1.731227 
18.700000 21.287495 -1.731216 
18.700000 21.387495 -1.731168 
18.700000 21.487495 -1.731080 
18.700000 21.587495 -1.730955 
18.700000 21.687495 -1.730808 
18.700000 21.787495 -1.730658 
18.700000 21.887495 -1.730529 
18.700000 21.987495 -1.730439 
18.800000 16.887495 -1.730408 
18.800000 16.987495 -1.730446 
18.800000 17.087495 -1.730538 
18.800000 17.187495 -1.730669 
18.800000 17.287495 -1.730819 
18.800000 17.387495 -1.730965 
18.800000 17.487495 -1.731089 
18.800000 17.587495 -1.731176 
18.800000 17.687495 -1.731222 
18.800000 17.787495 -1.731232 
18.800000 17.887495 -1.731216 
18.800000 17.987495 -1.731190 
18.800000 18.087495 -1.731169 
18.800000 18.187495 -1.731164 
18.800000 18.287495 -1.731178 
18.800000 18.387495 -1.731208 
18.800000 18.487495 -1.731242 
18.800000 18.587495 -1.731265 
18.800000 18.687495 -1.731264 
18.800000 18.787495 -1.731225 
18.800000 18.887495 -1.731146 
18.800000 18.987495 -1.731030 
18.800000 19.087495 -1.730892 
18.800000 19.187495 -1.730751 
18.800000 19.287495 -1.730629 
18.800000 19.387495 -1.730548 
18.800000 19.487495 -1.730519 
18.800000 19.587495 -1.730550 
18.800000 19.687495 -1.730633 
18.800000 19.787495 -1.730756 
18.800000 19.887495 -1.730897 
18.800000 19.987495 -1.731035 
18.800000 20.087495 -1.731149 
18.800000 20.187495 -1.731227 
18.800000 20.287495 -1.731264 
18.800000 20.387495 -1.731265 
18.800000 20.487495 -1.731240 
18.800000 20.587495 -1.731206 
18.800000 20.687495 -1.731177 
18.800000 20.787495 -1.731164 
18.800000 20.887495 -1.731170 
18.800000 20.987495 -1.731191 
18.800000 21.087495 -1.731217 
18.800000 21.187495 -1.731232 
18.800000 21.287495 -1.731221 
18.800000 21.387495 -1.731173 
18.800000 21.487495 -1.731084 
18.800000 21.587495 -1.730960 
18.800000 21.687495 -1.730813 
18.800000 21.787495 -1.730663 
18.800000 21.887495 -1.730533 
18.800000 21.987495 -1.730444 
18.900000 16.887495 -1.730470 
18.900000 16.987495 -1.730507 
18.900000 17.087495 -1.730594 
18.900000 17.187495 -1.730717 
18.900000 17.287495 -1.730856 
18.900000 17.387495 -1.730990 
18.900000 17.487495 -1.731100 
18.900000 17.587495 -1.731173 
18.900000 17.687495 -1.731206 
18.900000 17.787495 -1.731203 
18.900000 17.887495 -1.731177 
18.900000 17.987495 -1.731143 
18.900000 18.087495 -1.731117 
18.900000 18.187495 -1.731110 
18.900000 18.287495 -1.731126 
18.900000 18.387495 -1.731161 
18.900000 18.487495 -1.731203 
18.900000 18.587495 -1.731237 
18.900000 18.687495 -1.731248 
18.900000 18.787495 -1.731223 
18.900000 18.887495 -1.731157 
18.900000 18.987495 -1.731055 
18.900000 19.087495 -1.730930 
18.900000 19.187495 -1.730799 
18.900000 19.287495 -1.730685 
18.900000 19.387495 -1.730608 
18.900000 19.487495 -1.730582 
18.900000 19.587495 -1.730611 
18.900000 19.687495 -1.730689 
18.900000 19.787495 -1.730804 
18.900000 19.887495 -1.730935 
18.900000 19.987495 -1.731060 
18.900000 20.087495 -1.731160 
18.900000 20.187495 -1.731224 
18.900000 20.287495 -1.731248 
18.900000 20.387495 -1.731236 
18.900000 20.487495 -1.731201 
18.900000 20.587495 -1.731159 
18.900000 20.687495 -1.731125 
18.900000 20.787495 -1.731110 
18.900000 20.887495 -1.731118 
18.900000 20.987495 -1.731145 
18.900000 21.087495 -1.731178 
18.900000 21.187495 -1.731204 
18.900000 21.287495 -1.731205 
18.900000 21.387495 -1.731171 
18.900000 21.487495 -1.731096 
18.900000 21.587495 -1.730985 
18.900000 21.687495 -1.730851 
18.900000 21.787495 -1.730712 
18.900000 21.887495 -1.730590 
18.900000 21.987495 -1.730505 
19.000000 16.887495 -1.730581 
19.000000 16.987495 -1.730614 
19.000000 17.087495 -1.730692 
19.000000 17.187495 -1.730800 
19.000000 17.287495 -1.730920 
19.000000 17.387495 -1.731032 
19.000000 17.487495 -1.731117 
19.000000 17.587495 -1.731165 
19.000000 17.687495 -1.731173 
19.000000 17.787495 -1.731147 
19.000000 17.887495 -1.731102 
19.000000 17.987495 -1.731054 
19.000000 18.087495 -1.731019 
19.000000 18.187495 -1.731009 
19.000000 18.287495 -1.731028 
19.000000 18.387495 -1.731071 
19.000000 18.487495 -1.731128 
19.000000 18.587495 -1.731181 
19.000000 18.687495 -1.731215 
19.000000 18.787495 -1.731215 
19.000000 18.887495 -1.731175 
19.000000 18.987495 -1.731098 
19.000000 19.087495 -1.730994 
19.000000 19.187495 -1.730883 
19.000000 19.287495 -1.730784 
19.000000 19.387495 -1.730716 
19.000000 19.487495 -1.730692 
19.000000 19.587495 -1.730718 
19.000000 19.687495 -1.730787 
19.000000 19.787495 -1.730887 
19.000000 19.887495 -1.730999 
19.000000 19.987495 -1.731101 
19.000000 20.087495 -1.731177 
19.000000 20.187495 -1.731215 
19.000000 20.287495 -1.731214 
19.000000 20.387495 -1.731180 
19.000000 20.487495 -1.731126 
19.000000 20.587495 -1.731069 
19.000000 20.687495 -1.731026 
19.000000 20.787495 -1.731008 
19.000000 20.887495 -1.731020 
19.000000 20.987495 -1.731055 
19.000000 21.087495 -1.731104 
19.000000 21.187495 -1.731149 
19.000000 21.287495 -1.731173 
19.000000 21.387495 -1.731164 
19.000000 21.487495 -1.731114 
19.000000 21.587495 -1.731028 
19.000000 21.687495 -1.730916 
19.000000 21.787495 -1.730796 
19.000000 21.887495 -1.730688 
19.000000 21.987495 -1.730612 
19.100000 16.887495 -1.730720 
19.100000 16.987495 -1.730750 
19.100000 17.087495 -1.730816 
19.100000 17.187495 -1.730906 
19.100000 17.287495 -1.731001 
19.100000 17.387495 -1.731084 
19.100000 17.487495 -1.731137 
19.100000 17.587495 -1.731152 
19.100000 17.687495 -1.731128 
19.100000 17.787495 -1.731074 
19.100000 17.887495 -1.731004 
19.100000 17.987495 -1.730937 
19.100000 18.087495 -1.730891 
19.100000 18.187495 -1.730877 
19.100000 18.287495 -1.730900 
19.100000 18.387495 -1.730955 
19.100000 18.487495 -1.731031 
19.100000 18.587495 -1.731109 
19.100000 18.687495 -1.731171 
19.100000 18.787495 -1.731203 
19.100000 18.887495 -1.731195 
19.100000 18.987495 -1.731150 
19.100000 19.087495 -1.731076 
19.100000 19.187495 -1.730989 
19.100000 19.287495 -1.730908 
19.100000 19.387495 -1.730852 
19.100000 19.487495 -1.730832 
19.100000 19.587495 -1.730853 
19.100000 19.687495 -1.730911 
19.100000 19.787495 -1.730992 
19.100000 19.887495 -1.731079 
19.100000 19.987495 -1.731152 
19.100000 20.087495 -1.731196 
19.100000 20.187495 -1.731202 
19.100000 20.287495 -1.731169 
19.100000 20.387495 -1.731106 
19.100000 20.487495 -1.731028 
19.100000 20.587495 -1.730953 
19.100000 20.687495 -1.730898 
19.100000 20.787495 -1.730877 
19.100000 20.887495 -1.730892 
19.100000 20.987495 -1.730940 
19.100000 21.087495 -1.731007 
19.100000 21.187495 -1.731076 
19.100000 21.287495 -1.731130 
19.100000 21.387495 -1.731152 
19.100000 21.487495 -1.731136 
19.100000 21.587495 -1.731081 
19.100000 21.687495 -1.730998 
19.100000 21.787495 -1.730902 
19.100000 21.887495 -1.730813 
19.100000 21.987495 -1.730748 
19.200000 16.887495 -1.730866 
19.200000 16.987495 -1.730891 
19.200000 17.087495 -1.730945 
19.200000 17.187495 -1.731016 
19.200000 17.287495 -1.731086 
19.200000 17.387495 -1.731138 
19.200000 17.487495 -1.731158 
19.200000 17.587495 -1.731139 
19.200000 17.687495 -1.731081 
19.200000 17.787495 -1.730997 
19.200000 17.887495 -1.730901 
19.200000 17.987495 -1.730815 
19.200000 18.087495 -1.730757 
19.200000 18.187495 -1.730739 
19.200000 18.287495 -1.730766 
19.200000 18.387495 -1.730834 
19.200000 18.487495 -1.730928 
19.200000 18.587495 -1.731032 
19.200000 18.687495 -1.731125 
19.200000 18.787495 -1.731190 
19.200000 18.887495 -1.731217 
19.200000 18.987495 -1.731205 
19.200000 19.087495 -1.731161 
19.200000 19.187495 -1.731099 
19.200000 19.287495 -1.731038 
19.200000 19.387495 -1.730993 
19.200000 19.487495 -1.730977 
19.200000 19.587495 -1.730995 
19.200000 19.687495 -1.731040 
19.200000 19.787495 -1.731102 
19.200000 19.887495 -1.731163 
19.200000 19.987495 -1.731206 
19.200000 20.087495 -1.731216 
19.200000 20.187495 -1.731188 
19.200000 20.287495 -1.731122 
19.200000 20.387495 -1.731028 
19.200000 20.487495 -1.730924 
19.200000 20.587495 -1.730830 
19.200000 20.687495 -1.730764 
19.200000 20.787495 -1.730739 
19.200000 20.887495 -1.730758 
19.200000 20.987495 -1.730818 
19.200000 21.087495 -1.730905 
19.200000 21.187495 -1.731000 
19.200000 21.287495 -1.731084 
19.200000 21.387495 -1.731140 
19.200000 21.487495 -1.731158 
19.200000 21.587495 -1.731136 
19.200000 21.687495 -1.731083 
19.200000 21.787495 -1.731013 
19.200000 21.887495 -1.730943 
19.200000 21.987495 -1.730890 
19.300000 16.887495 -1.730993 
19.300000 16.987495 -1.731015 
19.300000 17.087495 -1.731058 
19.300000 17.187495 -1.731111 
19.300000 17.287495 -1.731159 
19.300000 17.387495 -1.731185 
19.300000 17.487495 -1.731176 
19.300000 17.587495 -1.731127 
19.300000 17.687495 -1.731041 
19.300000 17.787495 -1.730930 
19.300000 17.887495 -1.730812 
19.300000 17.987495 -1.730709 
19.300000 18.087495 -1.730640 
19.300000 18.187495 -1.730619 
19.300000 18.287495 -1.730649 
19.300000 18.387495 -1.730728 
19.300000 18.487495 -1.730840 
19.300000 18.587495 -1.730966 
19.300000 18.687495 -1.731085 
19.300000 18.787495 -1.731179 
19.300000 18.887495 -1.731236 
19.300000 18.987495 -1.731252 
19.300000 19.087495 -1.731235 
19.300000 19.187495 -1.731195 
19.300000 19.287495 -1.731151 
19.300000 19.387495 -1.731117 
19.300000 19.487495 -1.731104 
19.300000 19.587495 -1.731118 
19.300000 19.687495 -1.731152 
19.300000 19.787495 -1.731197 
19.300000 19.887495 -1.731236 
19.300000 19.987495 -1.731252 
19.300000 20.087495 -1.731234 
19.300000 20.187495 -1.731176 
19.300000 20.287495 -1.731081 
19.300000 20.387495 -1.730961 
19.300000 20.487495 -1.730835 
19.300000 20.587495 -1.730724 
19.300000 20.687495 -1.730647 
19.300000 20.787495 -1.730618 
19.300000 20.887495 -1.730642 
19.300000 20.987495 -1.730713 
19.300000 21.087495 -1.730817 
19.300000 21.187495 -1.730934 
19.300000 21.287495 -1.731045 
19.300000 21.387495 -1.731130 
19.300000 21.487495 -1.731177 
19.300000 21.587495 -1.731184 
19.300000 21.687495 -1.731158 
19.300000 21.787495 -1.731109 
19.300000 21.887495 -1.731056 
19.300000 21.987495 -1.731013 
19.400000 16.887495 -1.731080 
19.400000 16.987495 -1.731099 
19.400000 17.087495 -1.731135 
19.400000 17.187495 -1.731177 
19.400000 17.287495 -1.731210 
19.400000 17.387495 -1.731218 
19.400000 17.487495 -1.731189 
19.400000 17.587495 -1.731120 
19.400000 17.687495 -1.731014 
19.400000 17.787495 -1.730885 
19.400000 17.887495 -1.730753 
19.400000 17.987495 -1.730638 
19.400000 18.087495 -1.730562 
19.400000 18.187495 -1.730538 
19.400000 18.287495 -1.730571 
19.400000 18.387495 -1.730657 
19.400000 18.487495 -1.730780 
19.400000 18.587495 -1.730921 
19.400000 18.687495 -1.731059 
19.400000 18.787495 -1.731172 
19.400000 18.887495 -1.731249 
19.400000 18.987495 -1.731285 
19.400000 19.087495 -1.731286 
19.400000 19.187495 -1.731262 
19.400000 19.287495 -1.731228 
19.400000 19.387495 -1.731201 
19.400000 19.487495 -1.731191 
19.400000 19.587495 -1.731202 
19.400000 19.687495 -1.731230 
19.400000 19.787495 -1.731263 
19.400000 19.887495 -1.731286 
19.400000 19.987495 -1.731285 
19.400000 20.087495 -1.731247 
19.400000 20.187495 -1.731168 
19.400000 20.287495 -1.731054 
19.400000 20.387495 -1.730916 
19.400000 20.487495 -1.730775 
19.400000 20.587495 -1.730653 
19.400000 20.687495 -1.730569 
19.400000 20.787495 -1.730538 
19.400000 20.887495 -1.730564 
19.400000 20.987495 -1.730642 
19.400000 21.087495 -1.730757 
19.400000 21.187495 -1.730890 
19.400000 21.287495 -1.731019 
19.400000 21.387495 -1.731123 
19.400000 21.487495 -1.731191 
19.400000 21.587495 -1.731218 
19.400000 21.687495 -1.731209 
19.400000 21.787495 -1.731176 
19.400000 21.887495 -1.731134 
19.400000 21.987495 -1.731098 
19.500000 16.887495 -1.731112 
19.500000 16.987495 -1.731131 
19.500000 17.087495 -1.731165 
19.500000 17.187495 -1.731202 
19.500000 17.287495 -1.731230 
19.500000 17.387495 -1.731231 
19.500000 17.487495 -1.731196 
19.500000 17.587495 -1.731119 
19.500000 17.687495 -1.731007 
19.500000 17.787495 -1.730871 
19.500000 17.887495 -1.730733 
19.500000 17.987495 -1.730615 
19.500000 18.087495 -1.730536 
19.500000 18.187495 -1.730511 
19.500000 18.287495 -1.730545 
19.500000 18.387495 -1.730633 
19.500000 18.487495 -1.730761 
19.500000 18.587495 -1.730908 
19.500000 18.687495 -1.731051 
19.500000 18.787495 -1.731171 
19.500000 18.887495 -1.731256 
19.500000 18.987495 -1.731299 
19.500000 19.087495 -1.731306 
19.500000 19.187495 -1.731287 
19.500000 19.287495 -1.731258 
19.500000 19.387495 -1.731233 
19.500000 19.487495 -1.731224 
19.500000 19.587495 -1.731234 
19.500000 19.687495 -1.731259 
19.500000 19.787495 -1.731288 
19.500000 19.887495 -1.731306 
19.500000 19.987495 -1.731298 
19.500000 20.087495 -1.731253 
19.500000 20.187495 -1.731167 
19.500000 20.287495 -1.731046 
19.500000 20.387495 -1.730902 
19.500000 20.487495 -1.730756 
19.500000 20.587495 -1.730629 
19.500000 20.687495 -1.730543 
19.500000 20.787495 -1.730511 
19.500000 20.887495 -1.730538 
19.500000 20.987495 -1.730619 
19.500000 21.087495 -1.730738 
19.500000 21.187495 -1.730877 
19.500000 21.287495 -1.731011 
19.500000 21.387495 -1.731123 
19.500000 21.487495 -1.731198 
19.500000 21.587495 -1.731232 
19.500000 21.687495 -1.731229 
19.500000 21.787495 -1.731201 
19.500000 21.887495 -1.731163 
19.500000 21.987495 -1.731130 
19.600000 16.887495 -1.731085 
19.600000 16.987495 -1.731105 
19.600000 17.087495 -1.731141 
19.600000 17.187495 -1.731183 
19.600000 17.287495 -1.731215 
19.600000 17.387495 -1.731223 
19.600000 17.487495 -1.731195 
19.600000 17.587495 -1.731125 
19.600000 17.687495 -1.731020 
19.600000 17.787495 -1.730891 
19.600000 17.887495 -1.730758 
19.600000 17.987495 -1.730644 
19.600000 18.087495 -1.730567 
19.600000 18.187495 -1.730543 
19.600000 18.287495 -1.730577 
19.600000 18.387495 -1.730662 
19.600000 18.487495 -1.730786 
19.600000 18.587495 -1.730927 
19.600000 18.687495 -1.731064 
19.600000 18.787495 -1.731178 
19.600000 18.887495 -1.731255 
19.600000 18.987495 -1.731291 
19.600000 19.087495 -1.731291 
19.600000 19.187495 -1.731267 
19.600000 19.287495 -1.731234 
19.600000 19.387495 -1.731207 
19.600000 19.487495 -1.731197 
19.600000 19.587495 -1.731208 
19.600000 19.687495 -1.731235 
19.600000 19.787495 -1.731268 
19.600000 19.887495 -1.731292 
19.600000 19.987495 -1.731290 
19.600000 20.087495 -1.731252 
19.600000 20.187495 -1.731174 
19.600000 20.287495 -1.731059 
19.600000 20.387495 -1.730922 
19.600000 20.487495 -1.730781 
19.600000 20.587495 -1.730658 
19.600000 20.687495 -1.730574 
19.600000 20.787495 -1.730543 
19.600000 20.887495 -1.730569 
19.600000 20.987495 -1.730647 
19.600000 21.087495 -1.730763 
19.600000 21.187495 -1.730896 
19.600000 21.287495 -1.731024 
19.600000 21.387495 -1.731129 
19.600000 21.487495 -1.731197 
19.600000 21.587495 -1.731224 
19.600000 21.687495 -1.731215 
19.600000 21.787495 -1.731181 
19.600000 21.887495 -1.731139 
19.600000 21.987495 -1.731104 
19.700000 16.887495 -1.731004 
19.700000 16.987495 -1.731026 
19.700000 17.087495 -1.731069 
19.700000 17.187495 -1.731123 
19.700000 17.287495 -1.731170 
19.700000 17.387495 -1.731196 
19.700000 17.487495 -1.731187 
19.700000 17.587495 -1.731138 
19.700000 17.687495 -1.731052 
19.700000 17.787495 -1.730941 
19.700000 17.887495 -1.730823 
19.700000 17.987495 -1.730720 
19.700000 18.087495 -1.730651 
19.700000 18.187495 -1.730630 
19.700000 18.287495 -1.730661 
19.700000 18.387495 -1.730739 
19.700000 18.487495 -1.730851 
19.700000 18.587495 -1.730977 
19.700000 18.687495 -1.731096 
19.700000 18.787495 -1.731190 
19.700000 18.887495 -1.731247 
19.700000 18.987495 -1.731263 
19.700000 19.087495 -1.731246 
19.700000 19.187495 -1.731207 
19.700000 19.287495 -1.731162 
19.700000 19.387495 -1.731128 
19.700000 19.487495 -1.731116 
19.700000 19.587495 -1.731129 
19.700000 19.687495 -1.731164 
19.700000 19.787495 -1.731208 
19.700000 19.887495 -1.731247 
19.700000 19.987495 -1.731263 
19.700000 20.087495 -1.731245 
19.700000 20.187495 -1.731187 
19.700000 20.287495 -1.731092 
19.700000 20.387495 -1.730972 
19.700000 20.487495 -1.730846 
19.700000 20.587495 -1.730735 
19.700000 20.687495 -1.730658 
19.700000 20.787495 -1.730630 
19.700000 20.887495 -1.730653 
19.700000 20.987495 -1.730724 
19.700000 21.087495 -1.730828 
19.700000 21.187495 -1.730946 
19.700000 21.287495 -1.731056 
19.700000 21.387495 -1.731141 
19.700000 21.487495 -1.731188 
19.700000 21.587495 -1.731196 
19.700000 21.687495 -1.731169 
19.700000 21.787495 -1.731120 
19.700000 21.887495 -1.731067 
19.700000 21.987495 -1.731025 
19.800000 16.887495 -1.730883 
19.800000 16.987495 -1.730908 
19.800000 17.087495 -1.730962 
19.800000 17.187495 -1.731032 
19.800000 17.287495 -1.731102 
19.800000 17.387495 -1.731154 
19.800000 17.487495 -1.731174 
19.800000 17.587495 -1.731155 
19.800000 17.687495 -1.731098 
19.800000 17.787495 -1.731013 
19.800000 17.887495 -1.730918 
19.800000 17.987495 -1.730832 
19.800000 18.087495 -1.730773 
19.800000 18.187495 -1.730755 
19.800000 18.287495 -1.730783 
19.800000 18.387495 -1.730850 
19.800000 18.487495 -1.730945 
19.800000 18.587495 -1.731049 
19.800000 18.687495 -1.731142 
19.800000 18.787495 -1.731206 
19.800000 18.887495 -1.731234 
19.800000 18.987495 -1.731221 
19.800000 19.087495 -1.731177 
19.800000 19.187495 -1.731116 
19.800000 19.287495 -1.731055 
19.800000 19.387495 -1.731010 
19.800000 19.487495 -1.730994 
19.800000 19.587495 -1.731011 
19.800000 19.687495 -1.731057 
19.800000 19.787495 -1.731118 
19.800000 19.887495 -1.731179 
19.800000 19.987495 -1.731222 
19.800000 20.087495 -1.731233 
19.800000 20.187495 -1.731205 
19.800000 20.287495 -1.731138 
19.800000 20.387495 -1.731045 
19.800000 20.487495 -1.730941 
19.800000 20.587495 -1.730847 
19.800000 20.687495 -1.730781 
19.800000 20.787495 -1.730755 
19.800000 20.887495 -1.730775 
19.800000 20.987495 -1.730835 
19.800000 21.087495 -1.730922 
19.800000 21.187495 -1.731017 
19.800000 21.287495 -1.731101 
19.800000 21.387495 -1.731157 
19.800000 21.487495 -1.731174 
19.800000 21.587495 -1.731153 
19.800000 21.687495 -1.731100 
19.800000 21.787495 -1.731029 
19.800000 21.887495 -1.730959 
19.800000 21.987495 -1.730906 
19.900000 16.887495 -1.730743 
19.900000 16.987495 -1.730772 
19.900000 17.087495 -1.730838 
19.900000 17.187495 -1.730928 
19.900000 17.287495 -1.731024 
19.900000 17.387495 -1.731106 
19.900000 17.487495 -1.731159 
19.900000 17.587495 -1.731174 
19.900000 17.687495 -1.731151 
19.900000 17.787495 -1.731096 
19.900000 17.887495 -1.731026 
19.900000 17.987495 -1.730960 
19.900000 18.087495 -1.730913 
19.900000 18.187495 -1.730899 
19.900000 18.287495 -1.730922 
19.900000 18.387495 -1.730978 
19.900000 18.487495 -1.731053 
19.900000 18.587495 -1.731131 
19.900000 18.687495 -1.731193 
19.900000 18.787495 -1.731225 
19.900000 18.887495 -1.731218 
19.900000 18.987495 -1.731172 
19.900000 19.087495 -1.731098 
19.900000 19.187495 -1.731011 
19.900000 19.287495 -1.730931 
19.900000 19.387495 -1.730874 
19.900000 19.487495 -1.730854 
19.900000 19.587495 -1.730876 
19.900000 19.687495 -1.730933 
19.900000 19.787495 -1.731015 
19.900000 19.887495 -1.731101 
19.900000 19.987495 -1.731175 
19.900000 20.087495 -1.731219 
19.900000 20.187495 -1.731224 
19.900000 20.287495 -1.731191 
19.900000 20.387495 -1.731128 
19.900000 20.487495 -1.731050 
19.900000 20.587495 -1.730975 
19.900000 20.687495 -1.730921 
19.900000 20.787495 -1.730899 
19.900000 20.887495 -1.730914 
19.900000 20.987495 -1.730962 
19.900000 21.087495 -1.731029 
19.900000 21.187495 -1.731099 
19.900000 21.287495 -1.731152 
19.900000 21.387495 -1.731175 
19.900000 21.487495 -1.731158 
19.900000 21.587495 -1.731103 
19.900000 21.687495 -1.731020 
19.900000 21.787495 -1.730924 
19.900000 21.887495 -1.730835 
19.900000 21.987495 -1.730770 
20.000000 16.887495 -1.730608 
20.000000 16.987495 -1.730642 
20.000000 17.087495 -1.730720 
20.000000 17.187495 -1.730828 
20.000000 17.287495 -1.730948 
20.000000 17.387495 -1.731060 
20.000000 17.487495 -1.731145 
20.000000 17.587495 -1.731193 
20.000000 17.687495 -1.731200 
20.000000 17.787495 -1.731175 
20.000000 17.887495 -1.731130 
20.000000 17.987495 -1.731082 
20.000000 18.087495 -1.731047 
20.000000 18.187495 -1.731037 
20.000000 18.287495 -1.731056 
20.000000 18.387495 -1.731099 
20.000000 18.487495 -1.731156 
20.000000 18.587495 -1.731209 
20.000000 18.687495 -1.731243 
20.000000 18.787495 -1.731243 
20.000000 18.887495 -1.731203 
20.000000 18.987495 -1.731125 
20.000000 19.087495 -1.731022 
20.000000 19.187495 -1.730911 
20.000000 19.287495 -1.730812 
20.000000 19.387495 -1.730744 
20.000000 19.487495 -1.730720 
20.000000 19.587495 -1.730746 
20.000000 19.687495 -1.730815 
20.000000 19.787495 -1.730915 
20.000000 19.887495 -1.731027 
20.000000 19.987495 -1.731129 
20.000000 20.087495 -1.731205 
20.000000 20.187495 -1.731243 
20.000000 20.287495 -1.731242 
20.000000 20.387495 -1.731208 
20.000000 20.487495 -1.731154 
20.000000 20.587495 -1.731097 
20.000000 20.687495 -1.731054 
20.000000 20.787495 -1.731036 
20.000000 20.887495 -1.731048 
20.000000 20.987495 -1.731083 
20.000000 21.087495 -1.731132 
20.000000 21.187495 -1.731177 
20.000000 21.287495 -1.731201 
20.000000 21.387495 -1.731191 
20.000000 21.487495 -1.731142 
20.000000 21.587495 -1.731056 
20.000000 21.687495 -1.730944 
20.000000 21.787495 -1.730824 
20.000000 21.887495 -1.730716 
20.000000 21.987495 -1.730640 
20.100000 16.887495 -1.730504 
20.100000 16.987495 -1.730540 
20.100000 17.087495 -1.730627 
20.100000 17.187495 -1.730750 
20.100000 17.287495 -1.730890 
20.100000 17.387495 -1.731024 
20.100000 17.487495 -1.731134 
20.100000 17.587495 -1.731207 
20.100000 17.687495 -1.731240 
20.100000 17.787495 -1.731237 
20.100000 17.887495 -1.731211 
20.100000 17.987495 -1.731177 
20.100000 18.087495 -1.731151 
20.100000 18.187495 -1.731144 
20.100000 18.287495 -1.731160 
20.100000 18.387495 -1.731194 
20.100000 18.487495 -1.731236 
20.100000 18.587495 -1.731271 
20.100000 18.687495 -1.731281 
20.100000 18.787495 -1.731256 
20.100000 18.887495 -1.731191 
20.100000 18.987495 -1.731089 
20.100000 19.087495 -1.730963 
20.100000 19.187495 -1.730833 
20.100000 19.287495 -1.730719 
20.100000 19.387495 -1.730642 
20.100000 19.487495 -1.730616 
20.100000 19.587495 -1.730644 
20.100000 19.687495 -1.730723 
20.100000 19.787495 -1.730838 
20.100000 19.887495 -1.730968 
20.100000 19.987495 -1.731093 
20.100000 20.087495 -1.731194 
20.100000 20.187495 -1.731258 
20.100000 20.287495 -1.731282 
20.100000 20.387495 -1.731270 
20.100000 20.487495 -1.731235 
20.100000 20.587495 -1.731193 
20.100000 20.687495 -1.731159 
20.100000 20.787495 -1.731144 
20.100000 20.887495 -1.731152 
20.100000 20.987495 -1.731178 
20.100000 21.087495 -1.731212 
20.100000 21.187495 -1.731237 
20.100000 21.287495 -1.731239 
20.100000 21.387495 -1.731205 
20.100000 21.487495 -1.731130 
20.100000 21.587495 -1.731019 
20.100000 21.687495 -1.730884 
20.100000 21.787495 -1.730745 
20.100000 21.887495 -1.730623 
20.100000 21.987495 -1.730538 
20.200000 16.887495 -1.730447 
20.200000 16.987495 -1.730485 
20.200000 17.087495 -1.730577 
20.200000 17.187495 -1.730708 
20.200000 17.287495 -1.730858 
20.200000 17.387495 -1.731004 
20.200000 17.487495 -1.731128 
20.200000 17.587495 -1.731215 
20.200000 17.687495 -1.731261 
20.200000 17.787495 -1.731271 
20.200000 17.887495 -1.731255 
20.200000 17.987495 -1.731230 
20.200000 18.087495 -1.731209 
20.200000 18.187495 -1.731203 
20.200000 18.287495 -1.731217 
20.200000 18.387495 -1.731247 
20.200000 18.487495 -1.731281 
20.200000 18.587495 -1.731305 
20.200000 18.687495 -1.731303 
20.200000 18.787495 -1.731264 
20.200000 18.887495 -1.731185 
20.200000 18.987495 -1.731069 
20.200000 19.087495 -1.730931 
20.200000 19.187495 -1.730790 
20.200000 19.287495 -1.730669 
20.200000 19.387495 -1.730587 
20.200000 19.487495 -1.730559 
20.200000 19.587495 -1.730589 
20.200000 19.687495 -1.730673 
20.200000 19.787495 -1.730795 
20.200000 19.887495 -1.730937 
20.200000 19.987495 -1.731074 
20.200000 20.087495 -1.731189 
20.200000 20.187495 -1.731267 
20.200000 20.287495 -1.731304 
20.200000 20.387495 -1.731304 
20.200000 20.487495 -1.731280 
20.200000 20.587495 -1.731245 
20.200000 20.687495 -1.731216 
20.200000 20.787495 -1.731203 
20.200000 20.887495 -1.731209 
20.200000 20.987495 -1.731230 
20.200000 21.087495 -1.731256 
20.200000 21.187495 -1.731271 
20.200000 21.287495 -1.731260 
20.200000 21.387495 -1.731212 
20.200000 21.487495 -1.731124 
20.200000 21.587495 -1.730999 
20.200000 21.687495 -1.730852 
20.200000 21.787495 -1.730702 
20.200000 21.887495 -1.730573 
20.200000 21.987495 -1.730483 
20.300000 16.887495 -1.730448 
20.300000 16.987495 -1.730486 
20.300000 17.087495 -1.730578 
20.300000 17.187495 -1.730709 
20.300000 17.287495 -1.730859 
20.300000 17.387495 -1.731005 
20.300000 17.487495 -1.731129 
20.300000 17.587495 -1.731216 
20.300000 17.687495 -1.731262 
20.300000 17.787495 -1.731272 
20.300000 17.887495 -1.731256 
20.300000 17.987495 -1.731230 
20.300000 18.087495 -1.731209 
20.300000 18.187495 -1.731204 
20.300000 18.287495 -1.731218 
20.300000 18.387495 -1.731248 
20.300000 18.487495 -1.731282 
20.300000 18.587495 -1.731306 
20.300000 18.687495 -1.731304 
20.300000 18.787495 -1.731265 
20.300000 18.887495 -1.731186 
20.300000 18.987495 -1.731070 
20.300000 19.087495 -1.730932 
20.300000 19.187495 -1.730791 
20.300000 19.287495 -1.730670 
20.300000 19.387495 -1.730588 
20.300000 19.487495 -1.730560 
20.300000 19.587495 -1.730590 
20.300000 19.687495 -1.730674 
20.300000 19.787495 -1.730796 
20.300000 19.887495 -1.730938 
20.300000 19.987495 -1.731075 
20.300000 20.087495 -1.731190 
20.300000 20.187495 -1.731267 
20.300000 20.287495 -1.731305 
20.300000 20.387495 -1.731305 
20.300000 20.487495 -1.731281 
20.300000 20.587495 -1.731246 
20.300000 20.687495 -1.731217 
20.300000 20.787495 -1.731204 
20.300000 20.887495 -1.731210 
20.300000 20.987495 -1.731231 
20.300000 21.087495 -1.731257 
20.300000 21.187495 -1.731272 
20.300000 21.287495 -1.731261 
20.300000 21.387495 -1.731213 
20.300000 21.487495 -1.731125 
20.300000 21.587495 -1.731000 
20.300000 21.687495 -1.730853 
20.300000 21.787495 -1.730703 
20.300000 21.887495 -1.730574 
20.300000 21.987495 -1.730484 
20.400000 16.887495 -1.730507 
20.400000 16.987495 -1.730543 
20.400000 17.087495 -1.730630 
20.400000 17.187495 -1.730753 
20.400000 17.287495 -1.730892 
20.400000 17.387495 -1.731026 
20.400000 17.487495 -1.731136 
20.400000 17.587495 -1.731210 
20.400000 17.687495 -1.731242 
20.400000 17.787495 -1.731240 
20.400000 17.887495 -1.731213 
20.400000 17.987495 -1.731180 
20.400000 18.087495 -1.731154 
20.400000 18.187495 -1.731147 
20.400000 18.287495 -1.731163 
20.400000 18.387495 -1.731197 
20.400000 18.487495 -1.731239 
20.400000 18.587495 -1.731273 
20.400000 18.687495 -1.731284 
20.400000 18.787495 -1.731259 
20.400000 18.887495 -1.731194 
20.400000 18.987495 -1.731092 
20.400000 19.087495 -1.730966 
20.400000 19.187495 -1.730835 
20.400000 19.287495 -1.730722 
20.400000 19.387495 -1.730645 
20.400000 19.487495 -1.730618 
20.400000 19.587495 -1.730647 
20.400000 19.687495 -1.730726 
20.400000 19.787495 -1.730840 
20.400000 19.887495 -1.730971 
20.400000 19.987495 -1.731096 
20.400000 20.087495 -1.731197 
20.400000 20.187495 -1.731261 
20.400000 20.287495 -1.731284 
20.400000 20.387495 -1.731272 
20.400000 20.487495 -1.731238 
20.400000 20.587495 -1.731196 
20.400000 20.687495 -1.731162 
20.400000 20.787495 -1.731147 
20.400000 20.887495 -1.731154 
20.400000 20.987495 -1.731181 
20.400000 21.087495 -1.731215 
20.400000 21.187495 -1.731240 
20.400000 21.287495 -1.731242 
20.400000 21.387495 -1.731208 
20.400000 21.487495 -1.731133 
20.400000 21.587495 -1.731022 
20.400000 21.687495 -1.730887 
20.400000 21.787495 -1.730748 
20.400000 21.887495 -1.730626 
20.400000 21.987495 -1.730541 
20.500000 16.887495 -1.730613 
20.500000 16.987495 -1.730647 
20.500000 17.087495 -1.730724 
20.500000 17.187495 -1.730833 
20.500000 17.287495 -1.730953 
20.500000 17.387495 -1.731064 
20.500000 17.487495 -1.731149 
20.500000 17.587495 -1.731197 
20.500000 17.687495 -1.731205 
20.500000 17.787495 -1.731180 
20.500000 17.887495 -1.731134 
20.500000 17.987495 -1.731086 
20.500000 18.087495 -1.731051 
20.500000 18.187495 -1.731041 
20.500000 18.287495 -1.731060 
20.500000 18.387495 -1.731104 
20.500000 18.487495 -1.731160 
20.500000 18.587495 -1.731214 
20.500000 18.687495 -1.731247 
20.500000 18.787495 -1.731247 
20.500000 18.887495 -1.731207 
20.500000 18.987495 -1.731130 
20.500000 19.087495 -1.731027 
20.500000 19.187495 -1.730915 
20.500000 19.287495 -1.730816 
20.500000 19.387495 -1.730748 
20.500000 19.487495 -1.730725 
20.500000 19.587495 -1.730750 
20.500000 19.687495 -1.730820 
20.500000 19.787495 -1.730920 
20.500000 19.887495 -1.731031 
20.500000 19.987495 -1.731134 
20.500000 20.087495 -1.731209 
20.500000 20.187495 -1.731248 
20.500000 20.287495 -1.731247 
20.500000 20.387495 -1.731212 
20.500000 20.487495 -1.731158 
20.500000 20.587495 -1.731102 
20.500000 20.687495 -1.731059 
20.500000 20.787495 -1.731041 
20.500000 20.887495 -1.731052 
20.500000 20.987495 -1.731088 
20.500000 21.087495 -1.731136 
20.500000 21.187495 -1.731181 
20.500000 21.287495 -1.731205 
20.500000 21.387495 -1.731196 
20.500000 21.487495 -1.731147 
20.500000 21.587495 -1.731060 
20.500000 21.687495 -1.730948 
20.500000 21.787495 -1.730828 
20.500000 21.887495 -1.730721 
20.500000 21.987495 -1.730644 
20.600000 16.887495 -1.730749 
20.600000 16.987495 -1.730778 
20.600000 17.087495 -1.730845 
20.600000 17.187495 -1.730934 
20.600000 17.287495 -1.731030 
20.600000 17.387495 -1.731112 
20.600000 17.487495 -1.731166 
20.600000 17.587495 -1.731181 
20.600000 17.687495 -1.731157 
20.600000 17.787495 -1.731103 
20.600000 17.887495 -1.731033 
20.600000 17.987495 -1.730966 
20.600000 18.087495 -1.730920 
20.600000 18.187495 -1.730906 
20.600000 18.287495 -1.730929 
20.600000 18.387495 -1.730984 
20.600000 18.487495 -1.731059 
20.600000 18.587495 -1.731137 
20.600000 18.687495 -1.731200 
20.600000 18.787495 -1.731231 
20.600000 18.887495 -1.731224 
20.600000 18.987495 -1.731179 
20.600000 19.087495 -1.731105 
20.600000 19.187495 -1.731018 
20.600000 19.287495 -1.730937 
20.600000 19.387495 -1.730880 
20.600000 19.487495 -1.730861 
20.600000 19.587495 -1.730882 
20.600000 19.687495 -1.730940 
20.600000 19.787495 -1.731021 
20.600000 19.887495 -1.731108 
20.600000 19.987495 -1.731181 
20.600000 20.087495 -1.731225 
20.600000 20.187495 -1.731231 
20.600000 20.287495 -1.731198 
20.600000 20.387495 -1.731135 
20.600000 20.487495 -1.731056 
20.600000 20.587495 -1.730981 
20.600000 20.687495 -1.730927 
20.600000 20.787495 -1.730905 
20.600000 20.887495 -1.730921 
20.600000 20.987495 -1.730968 
20.600000 21.087495 -1.731036 
20.600000 21.187495 -1.731105 
20.600000 21.287495 -1.731158 
20.600000 21.387495 -1.731181 
20.600000 21.487495 -1.731164 
20.600000 21.587495 -1.731110 
20.600000 21.687495 -1.731026 
20.600000 21.787495 -1.730931 
20.600000 21.887495 -1.730841 
20.600000 21.987495 -1.730777 
20.700000 16.887495 -1.730891 
20.700000 16.987495 -1.730916 
20.700000 17.087495 -1.730970 
20.700000 17.187495 -1.731040 
20.700000 17.287495 -1.731110 
20.700000 17.387495 -1.731163 
20.700000 17.487495 -1.731183 
20.700000 17.587495 -1.731163 
20.700000 17.687495 -1.731106 
20.700000 17.787495 -1.731022 
20.700000 17.887495 -1.730926 
20.700000 17.987495 -1.730840 
20.700000 18.087495 -1.730782 
20.700000 18.187495 -1.730764 
20.700000 18.287495 -1.730791 
20.700000 18.387495 -1.730858 
20.700000 18.487495 -1.730953 
20.700000 18.587495 -1.731057 
20.700000 18.687495 -1.731150 
20.700000 18.787495 -1.731215 
20.700000 18.887495 -1.731242 
20.700000 18.987495 -1.731230 
20.700000 19.087495 -1.731186 
20.700000 19.187495 -1.731124 
20.700000 19.287495 -1.731063 
20.700000 19.387495 -1.731018 
20.700000 19.487495 -1.731002 
20.700000 19.587495 -1.731019 
20.700000 19.687495 -1.731065 
20.700000 19.787495 -1.731127 
20.700000 19.887495 -1.731188 
20.700000 19.987495 -1.731231 
20.700000 20.087495 -1.731241 
20.700000 20.187495 -1.731213 
20.700000 20.287495 -1.731147 
20.700000 20.387495 -1.731053 
20.700000 20.487495 -1.730949 
20.700000 20.587495 -1.730855 
20.700000 20.687495 -1.730789 
20.700000 20.787495 -1.730763 
20.700000 20.887495 -1.730783 
20.700000 20.987495 -1.730843 
20.700000 21.087495 -1.730930 
20.700000 21.187495 -1.731025 
20.700000 21.287495 -1.731109 
20.700000 21.387495 -1.731165 
20.700000 21.487495 -1.731183 
20.700000 21.587495 -1.731161 
20.700000 21.687495 -1.731108 
20.700000 21.787495 -1.731038 
20.700000 21.887495 -1.730968 
20.700000 21.987495 -1.730915 
20.800000 16.887495 -1.731014 
20.800000 16.987495 -1.731036 
20.800000 17.087495 -1.731079 
20.800000 17.187495 -1.731133 
20.800000 17.287495 -1.731180 
20.800000 17.387495 -1.731206 
20.800000 17.487495 -1.731197 
20.800000 17.587495 -1.731148 
20.800000 17.687495 -1.731062 
20.800000 17.787495 -1.730951 
20.800000 17.887495 -1.730833 
20.800000 17.987495 -1.730730 
20.800000 18.087495 -1.730661 
20.800000 18.187495 -1.730640 
20.800000 18.287495 -1.730671 
20.800000 18.387495 -1.730749 
20.800000 18.487495 -1.730861 
20.800000 18.587495 -1.730987 
20.800000 18.687495 -1.731106 
20.800000 18.787495 -1.731200 
20.800000 18.887495 -1.731257 
20.800000 18.987495 -1.731273 
20.800000 19.087495 -1.731256 
20.800000 19.187495 -1.731217 
20.800000 19.287495 -1.731172 
20.800000 19.387495 -1.731138 
20.800000 19.487495 -1.731126 
20.800000 19.587495 -1.731139 
20.800000 19.687495 -1.731174 
20.800000 19.787495 -1.731218 
20.800000 19.887495 -1.731257 
20.800000 19.987495 -1.731274 
20.800000 20.087495 -1.731255 
20.800000 20.187495 -1.731197 
20.800000 20.287495 -1.731102 
20.800000 20.387495 -1.730982 
20.800000 20.487495 -1.730856 
20.800000 20.587495 -1.730745 
20.800000 20.687495 -1.730669 
20.800000 20.787495 -1.730640 
20.800000 20.887495 -1.730663 
20.800000 20.987495 -1.730734 
20.800000 21.087495 -1.730838 
20.800000 21.187495 -1.730956 
20.800000 21.287495 -1.731066 
20.800000 21.387495 -1.731151 
20.800000 21.487495 -1.731198 
20.800000 21.587495 -1.731206 
20.800000 21.687495 -1.731179 
20.800000 21.787495 -1.731130 
20.800000 21.887495 -1.731077 
20.800000 21.987495 -1.731035 
20.900000 16.887495 -1.731097 
20.900000 16.987495 -1.731117 
20.900000 17.087495 -1.731153 
20.900000 17.187495 -1.731195 
20.900000 17.287495 -1.731227 
20.900000 17.387495 -1.731235 
20.900000 17.487495 -1.731207 
20.900000 17.587495 -1.731137 
20.900000 17.687495 -1.731032 
20.900000 17.787495 -1.730903 
20.900000 17.887495 -1.730770 
20.900000 17.987495 -1.730655 
20.900000 18.087495 -1.730579 
20.900000 18.187495 -1.730555 
20.900000 18.287495 -1.730589 
20.900000 18.387495 -1.730674 
20.900000 18.487495 -1.730798 
20.900000 18.587495 -1.730939 
20.900000 18.687495 -1.731076 
20.900000 18.787495 -1.731190 
20.900000 18.887495 -1.731267 
20.900000 18.987495 -1.731303 
20.900000 19.087495 -1.731303 
20.900000 19.187495 -1.731279 
20.900000 19.287495 -1.731246 
20.900000 19.387495 -1.731219 
20.900000 19.487495 -1.731209 
20.900000 19.587495 -1.731220 
20.900000 19.687495 -1.731247 
20.900000 19.787495 -1.731280 
20.900000 19.887495 -1.731304 
20.900000 19.987495 -1.731302 
20.900000 20.087495 -1.731264 
20.900000 20.187495 -1.731186 
20.900000 20.287495 -1.731071 
20.900000 20.387495 -1.730933 
20.900000 20.487495 -1.730792 
20.900000 20.587495 -1.730670 
20.900000 20.687495 -1.730586 
20.900000 20.787495 -1.730555 
20.900000 20.887495 -1.730581 
20.900000 20.987495 -1.730659 
20.900000 21.087495 -1.730775 
20.900000 21.187495 -1.730908 
20.900000 21.287495 -1.731036 
20.900000 21.387495 -1.731141 
20.900000 21.487495 -1.731208 
20.900000 21.587495 -1.731235 
20.900000 21.687495 -1.731226 
20.900000 21.787495 -1.731193 
20.900000 21.887495 -1.731151 
20.900000 21.987495 -1.731116 
21.000000 16.887495 -1.731126 
21.000000 16.987495 -1.731145 
21.000000 17.087495 -1.731178 
21.000000 17.187495 -1.731216 
21.000000 17.287495 -1.731243 
21.000000 17.387495 -1.731245 
21.000000 17.487495 -1.731209 
21.000000 17.587495 -1.731133 
21.000000 17.687495 -1.731020 
21.000000 17.787495 -1.730885 
21.000000 17.887495 -1.730747 
21.000000 17.987495 -1.730628 
21.000000 18.087495 -1.730550 
21.000000 18.187495 -1.730525 
21.000000 18.287495 -1.730559 
21.000000 18.387495 -1.730647 
21.000000 18.487495 -1.730775 
21.000000 18.587495 -1.730921 
21.000000 18.687495 -1.731065 
21.000000 18.787495 -1.731185 
21.000000 18.887495 -1.731269 
21.000000 18.987495 -1.731313 
21.000000 19.087495 -1.731319 
21.000000 19.187495 -1.731301 
21.000000 19.287495 -1.731271 
21.000000 19.387495 -1.731247 
21.000000 19.487495 -1.731238 
21.000000 19.587495 -1.731248 
21.000000 19.687495 -1.731273 
21.000000 19.787495 -1.731302 
21.000000 19.887495 -1.731320 
21.000000 19.987495 -1.731312 
21.000000 20.087495 -1.731267 
21.000000 20.187495 -1.731181 
21.000000 20.287495 -1.731060 
21.000000 20.387495 -1.730916 
21.000000 20.487495 -1.730769 
21.000000 20.587495 -1.730643 
21.000000 20.687495 -1.730557 
21.000000 20.787495 -1.730525 
21.000000 20.887495 -1.730552 
21.000000 20.987495 -1.730632 
21.000000 21.087495 -1.730752 
21.000000 21.187495 -1.730890 
21.000000 21.287495 -1.731025 
21.000000 21.387495 -1.731137 
21.000000 21.487495 -1.731211 
21.000000 21.587495 -1.731245 
21.000000 21.687495 -1.731243 
21.000000 21.787495 -1.731215 
21.000000 21.887495 -1.731177 
21.000000 21.987495 -1.731144 
21.100000 16.887495 -1.731095 
21.100000 16.987495 -1.731115 
21.100000 17.087495 -1.731151 
21.100000 17.187495 -1.731193 
21.100000 17.287495 -1.731225 
21.100000 17.387495 -1.731233 
21.100000 17.487495 -1.731205 
21.100000 17.587495 -1.731135 
21.100000 17.687495 -1.731030 
21.100000 17.787495 -1.730901 
21.100000 17.887495 -1.730768 
21.100000 17.987495 -1.730654 
21.100000 18.087495 -1.730577 
21.100000 18.187495 -1.730554 
21.100000 18.287495 -1.730587 
21.100000 18.387495 -1.730672 
21.100000 18.487495 -1.730796 
21.100000 18.587495 -1.730937 
21.100000 18.687495 -1.731074 
21.100000 18.787495 -1.731188 
21.100000 18.887495 -1.731265 
21.100000 18.987495 -1.731301 
21.100000 19.087495 -1.731301 
21.100000 19.187495 -1.731277 
21.100000 19.287495 -1.731244 
21.100000 19.387495 -1.731217 
21.100000 19.487495 -1.731207 
21.100000 19.587495 -1.731218 
21.100000 19.687495 -1.731245 
21.100000 19.787495 -1.731278 
21.100000 19.887495 -1.731302 
21.100000 19.987495 -1.731300 
21.100000 20.087495 -1.731263 
21.100000 20.187495 -1.731184 
21.100000 20.287495 -1.731069 
21.100000 20.387495 -1.730932 
21.100000 20.487495 -1.730791 
21.100000 20.587495 -1.730668 
21.100000 20.687495 -1.730585 
21.100000 20.787495 -1.730553 
21.100000 20.887495 -1.730579 
21.100000 20.987495 -1.730657 
21.100000 21.087495 -1.730773 
21.100000 21.187495 -1.730906 
21.100000 21.287495 -1.731034 
21.100000 21.387495 -1.731139 
21.100000 21.487495 -1.731207 
21.100000 21.587495 -1.731234 
21.100000 21.687495 -1.731225 
21.100000 21.787495 -1.731191 
21.100000 21.887495 -1.731149 
21.100000 21.987495 -1.731114 
21.200000 16.887495 -1.731010 
21.200000 16.987495 -1.731032 
21.200000 17.087495 -1.731075 
21.200000 17.187495 -1.731129 
21.200000 17.287495 -1.731177 
21.200000 17.387495 -1.731202 
21.200000 17.487495 -1.731193 
21.200000 17.587495 -1.731144 
21.200000 17.687495 -1.731058 
21.200000 17.787495 -1.730947 
21.200000 17.887495 -1.730830 
21.200000 17.987495 -1.730727 
21.200000 18.087495 -1.730658 
21.200000 18.187495 -1.730636 
21.200000 18.287495 -1.730667 
21.200000 18.387495 -1.730745 
21.200000 18.487495 -1.730857 
21.200000 18.587495 -1.730983 
21.200000 18.687495 -1.731102 
21.200000 18.787495 -1.731196 
21.200000 18.887495 -1.731253 
21.200000 18.987495 -1.731270 
21.200000 19.087495 -1.731252 
21.200000 19.187495 -1.731213 
21.200000 19.287495 -1.731168 
21.200000 19.387495 -1.731134 
21.200000 19.487495 -1.731122 
21.200000 19.587495 -1.731135 
21.200000 19.687495 -1.731170 
21.200000 19.787495 -1.731215 
21.200000 19.887495 -1.731253 
21.200000 19.987495 -1.731270 
21.200000 20.087495 -1.731252 
21.200000 20.187495 -1.731193 
21.200000 20.287495 -1.731098 
21.200000 20.387495 -1.730978 
21.200000 20.487495 -1.730852 
21.200000 20.587495 -1.730741 
21.200000 20.687495 -1.730665 
21.200000 20.787495 -1.730636 
21.200000 20.887495 -1.730659 
21.200000 20.987495 -1.730730 
21.200000 21.087495 -1.730834 
21.200000 21.187495 -1.730952 
21.200000 21.287495 -1.731062 
21.200000 21.387495 -1.731147 
21.200000 21.487495 -1.731195 
21.200000 21.587495 -1.731202 
21.200000 21.687495 -1.731175 
21.200000 21.787495 -1.731127 
21.200000 21.887495 -1.731074 
21.200000 21.987495 -1.731031 
21.300000 16.887495 -1.730885 
21.300000 16.987495 -1.730911 
21.300000 17.087495 -1.730965 
21.300000 17.187495 -1.731035 
21.300000 17.287495 -1.731105 
21.300000 17.387495 -1.731157 
21.300000 17.487495 -1.731177 
21.300000 17.587495 -1.731158 
21.300000 17.687495 -1.731101 
21.300000 17.787495 -1.731016 
21.300000 17.887495 -1.730921 
21.300000 17.987495 -1.730835 
21.300000 18.087495 -1.730776 
21.300000 18.187495 -1.730758 
21.300000 18.287495 -1.730785 
21.300000 18.387495 -1.730853 
21.300000 18.487495 -1.730948 
21.300000 18.587495 -1.731052 
21.300000 18.687495 -1.731144 
21.300000 18.787495 -1.731209 
21.300000 18.887495 -1.731236 
21.300000 18.987495 -1.731224 
21.300000 19.087495 -1.731180 
21.300000 19.187495 -1.731119 
21.300000 19.287495 -1.731057 
21.300000 19.387495 -1.731013 
21.300000 19.487495 -1.730997 
21.300000 19.587495 -1.731014 
21.300000 19.687495 -1.731059 
21.300000 19.787495 -1.731121 
21.300000 19.887495 -1.731182 
21.300000 19.987495 -1.731225 
21.300000 20.087495 -1.731236 
21.300000 20.187495 -1.731207 
21.300000 20.287495 -1.731141 
21.300000 20.387495 -1.731048 
21.300000 20.487495 -1.730944 
21.300000 20.587495 -1.730850 
21.300000 20.687495 -1.730783 
21.300000 20.787495 -1.730758 
21.300000 20.887495 -1.730778 
21.300000 20.987495 -1.730838 
21.300000 21.087495 -1.730924 
21.300000 21.187495 -1.731020 
21.300000 21.287495 -1.731104 
21.300000 21.387495 -1.731159 
21.300000 21.487495 -1.731177 
21.300000 21.587495 -1.731156 
21.300000 21.687495 -1.731102 
21.300000 21.787495 -1.731032 
21.300000 21.887495 -1.730962 
21.300000 21.987495 -1.730909 
21.400000 16.887495 -1.730742 
21.400000 16.987495 -1.730771 
21.400000 17.087495 -1.730837 
21.400000 17.187495 -1.730927 
21.400000 17.287495 -1.731023 
21.400000 17.387495 -1.731105 
21.400000 17.487495 -1.731158 
21.400000 17.587495 -1.731173 
21.400000 17.687495 -1.731150 
21.400000 17.787495 -1.731095 
21.400000 17.887495 -1.731025 
21.400000 17.987495 -1.730959 
21.400000 18.087495 -1.730912 
21.400000 18.187495 -1.730898 
21.400000 18.287495 -1.730921 
21.400000 18.387495 -1.730977 
21.400000 18.487495 -1.731052 
21.400000 18.587495 -1.731130 
21.400000 18.687495 -1.731192 
21.400000 18.787495 -1.731224 
21.400000 18.887495 -1.731217 
21.400000 18.987495 -1.731171 
21.400000 19.087495 -1.731097 
21.400000 19.187495 -1.731010 
21.400000 19.287495 -1.730930 
21.400000 19.387495 -1.730873 
21.400000 19.487495 -1.730853 
21.400000 19.587495 -1.730875 
21.400000 19.687495 -1.730932 
21.400000 19.787495 -1.731014 
21.400000 19.887495 -1.731100 
21.400000 19.987495 -1.731174 
21.400000 20.087495 -1.731218 
21.400000 20.187495 -1.731223 
21.400000 20.287495 -1.731190 
21.400000 20.387495 -1.731127 
21.400000 20.487495 -1.731049 
21.400000 20.587495 -1.730974 
21.400000 20.687495 -1.730920 
21.400000 20.787495 -1.730898 
21.400000 20.887495 -1.730913 
21.400000 20.987495 -1.730961 
21.400000 21.087495 -1.731028 
21.400000 21.187495 -1.731098 
21.400000 21.287495 -1.731151 
21.400000 21.387495 -1.731174 
21.400000 21.487495 -1.731157 
21.400000 21.587495 -1.731102 
21.400000 21.687495 -1.731019 
21.400000 21.787495 -1.730923 
21.400000 21.887495 -1.730834 
21.400000 21.987495 -1.730769 
21.500000 16.887495 -1.730604 
21.500000 16.987495 -1.730637 
21.500000 17.087495 -1.730715 
21.500000 17.187495 -1.730823 
21.500000 17.287495 -1.730944 
21.500000 17.387495 -1.731055 
21.500000 17.487495 -1.731140 
21.500000 17.587495 -1.731188 
21.500000 17.687495 -1.731196 
21.500000 17.787495 -1.731170 
21.500000 17.887495 -1.731125 
21.500000 17.987495 -1.731077 
21.500000 18.087495 -1.731042 
21.500000 18.187495 -1.731032 
21.500000 18.287495 -1.731051 
21.500000 18.387495 -1.731095 
21.500000 18.487495 -1.731151 
21.500000 18.587495 -1.731205 
21.500000 18.687495 -1.731238 
21.500000 18.787495 -1.731238 
21.500000 18.887495 -1.731198 
21.500000 18.987495 -1.731121 
21.500000 19.087495 -1.731018 
21.500000 19.187495 -1.730906 
21.500000 19.287495 -1.730807 
21.500000 19.387495 -1.730739 
21.500000 19.487495 -1.730715 
21.500000 19.587495 -1.730741 
21.500000 19.687495 -1.730810 
21.500000 19.787495 -1.730910 
21.500000 19.887495 -1.731022 
21.500000 19.987495 -1.731124 
21.500000 20.087495 -1.731200 
21.500000 20.187495 -1.731239 
21.500000 20.287495 -1.731237 
21.500000 20.387495 -1.731203 
21.500000 20.487495 -1.731149 
21.500000 20.587495 -1.731093 
21.500000 20.687495 -1.731050 
21.500000 20.787495 -1.731032 
21.500000 20.887495 -1.731043 
21.500000 20.987495 -1.731079 
21.500000 21.087495 -1.731127 
21.500000 21.187495 -1.731172 
21.500000 21.287495 -1.731196 
21.500000 21.387495 -1.731187 
21.500000 21.487495 -1.731138 
21.500000 21.587495 -1.731051 
21.500000 21.687495 -1.730939 
21.500000 21.787495 -1.730819 
21.500000 21.887495 -1.730711 
21.500000 21.987495 -1.730635 
21.600000 16.887495 -1.730496 
21.600000 16.987495 -1.730532 
21.600000 17.087495 -1.730619 
21.600000 17.187495 -1.730742 
21.600000 17.287495 -1.730881 
21.600000 17.387495 -1.731015 
21.600000 17.487495 -1.731125 
21.600000 17.587495 -1.731199 
21.600000 17.687495 -1.731231 
21.600000 17.787495 -1.731228 
21.600000 17.887495 -1.731202 
21.600000 17.987495 -1.731169 
21.600000 18.087495 -1.731143 
21.600000 18.187495 -1.731136 
21.600000 18.287495 -1.731151 
21.600000 18.387495 -1.731186 
21.600000 18.487495 -1.731228 
21.600000 18.587495 -1.731262 
21.600000 18.687495 -1.731273 
21.600000 18.787495 -1.731248 
21.600000 18.887495 -1.731183 
21.600000 18.987495 -1.731081 
21.600000 19.087495 -1.730955 
21.600000 19.187495 -1.730824 
21.600000 19.287495 -1.730711 
21.600000 19.387495 -1.730634 
21.600000 19.487495 -1.730607 
21.600000 19.587495 -1.730636 
21.600000 19.687495 -1.730715 
21.600000 19.787495 -1.730829 
21.600000 19.887495 -1.730960 
21.600000 19.987495 -1.731085 
21.600000 20.087495 -1.731186 
21.600000 20.187495 -1.731250 
21.600000 20.287495 -1.731273 
21.600000 20.387495 -1.731261 
21.600000 20.487495 -1.731227 
21.600000 20.587495 -1.731184 
21.600000 20.687495 -1.731150 
21.600000 20.787495 -1.731135 
21.600000 20.887495 -1.731143 
21.600000 20.987495 -1.731170 
21.600000 21.087495 -1.731204 
21.600000 21.187495 -1.731229 
21.600000 21.287495 -1.731231 
21.600000 21.387495 -1.731196 
21.600000 21.487495 -1.731122 
21.600000 21.587495 -1.731011 
21.600000 21.687495 -1.730876 
21.600000 21.787495 -1.730737 
21.600000 21.887495 -1.730615 
21.600000 21.987495 -1.730530 
21.700000 16.887495 -1.730435 
21.700000 16.987495 -1.730473 
21.700000 17.087495 -1.730565 
21.700000 17.187495 -1.730696 
21.700000 17.287495 -1.730846 
21.700000 17.387495 -1.730992 
21.700000 17.487495 -1.731116 
21.700000 17.587495 -1.731203 
21.700000 17.687495 -1.731249 
21.700000 17.787495 -1.731259 
21.700000 17.887495 -1.731243 
21.700000 17.987495 -1.731217 
21.700000 18.087495 -1.731196 
21.700000 18.187495 -1.731191 
21.700000 18.287495 -1.731205 
21.700000 18.387495 -1.731235 
21.700000 18.487495 -1.731269 
21.700000 18.587495 -1.731293 
21.700000 18.687495 -1.731291 
21.700000 18.787495 -1.731252 
21.700000 18.887495 -1.731173 
21.700000 18.987495 -1.731057 
21.700000 19.087495 -1.730919 
21.700000 19.187495 -1.730778 
21.700000 19.287495 -1.730657 
21.700000 19.387495 -1.730575 
21.700000 19.487495 -1.730547 
21.700000 19.587495 -1.730577 
21.700000 19.687495 -1.730661 
21.700000 19.787495 -1.730783 
21.700000 19.887495 -1.730925 
21.700000 19.987495 -1.731062 
21.700000 20.087495 -1.731177 
21.700000 20.187495 -1.731254 
21.700000 20.287495 -1.731292 
21.700000 20.387495 -1.731292 
21.700000 20.487495 -1.731268 
21.700000 20.587495 -1.731233 
21.700000 20.687495 -1.731204 
21.700000 20.787495 -1.731191 
21.700000 20.887495 -1.731197 
21.700000 20.987495 -1.731218 
21.700000 21.087495 -1.731244 
21.700000 21.187495 -1.731259 
21.700000 21.287495 -1.731248 
21.700000 21.387495 -1.731200 
21.700000 21.487495 -1.731112 
21.700000 21.587495 -1.730987 
21.700000 21.687495 -1.730840 
21.700000 21.787495 -1.730690 
21.700000 21.887495 -1.730561 
21.700000 21.987495 -1.730471 
21.800000 16.887495 -1.730432 
21.800000 16.987495 -1.730470 
21.800000 17.087495 -1.730562 
21.800000 17.187495 -1.730693 
21.800000 17.287495 -1.730843 
21.800000 17.387495 -1.730989 
21.800000 17.487495 -1.731113 
21.800000 17.587495 -1.731200 
21.800000 17.687495 -1.731247 
21.800000 17.787495 -1.731256 
21.800000 17.887495 -1.731240 
21.800000 17.987495 -1.731215 
21.800000 18.087495 -1.731194 
21.800000 18.187495 -1.731188 
21.800000 18.287495 -1.731202 
21.800000 18.387495 -1.731232 
21.800000 18.487495 -1.731266 
21.800000 18.587495 -1.731290 
21.800000 18.687495 -1.731288 
21.800000 18.787495 -1.731249 
21.800000 18.887495 -1.731170 
21.800000 18.987495 -1.731054 
21.800000 19.087495 -1.730916 
21.800000 19.187495 -1.730775 
21.800000 19.287495 -1.730654 
21.800000 19.387495 -1.730572 
21.800000 19.487495 -1.730544 
21.800000 19.587495 -1.730574 
21.800000 19.687495 -1.730658 
21.800000 19.787495 -1.730781 
21.800000 19.887495 -1.730922 
21.800000 19.987495 -1.731059 
21.800000 20.087495 -1.731174 
21.800000 20.187495 -1.731252 
21.800000 20.287495 -1.731289 
21.800000 20.387495 -1.731289 
21.800000 20.487495 -1.731265 
21.800000 20.587495 -1.731231 
21.800000 20.687495 -1.731202 
21.800000 20.787495 -1.731188 
21.800000 20.887495 -1.731194 
21.800000 20.987495 -1.731216 
21.800000 21.087495 -1.731241 
21.800000 21.187495 -1.731256 
21.800000 21.287495 -1.731245 
21.800000 21.387495 -1.731198 
21.800000 21.487495 -1.731109 
21.800000 21.587495 -1.730984 
21.800000 21.687495 -1.730837 
21.800000 21.787495 -1.730688 
21.800000 21.887495 -1.730558 
21.800000 21.987495 -1.730468 
21.900000 16.887495 -1.730487 
21.900000 16.987495 -1.730524 
21.900000 17.087495 -1.730611 
21.900000 17.187495 -1.730734 
21.900000 17.287495 -1.730873 
21.900000 17.387495 -1.731007 
21.900000 17.487495 -1.731117 
21.900000 17.587495 -1.731190 
21.900000 17.687495 -1.731223 
21.900000 17.787495 -1.731220 
21.900000 17.887495 -1.731194 
21.900000 17.987495 -1.731160 
21.900000 18.087495 -1.731134 
21.900000 18.187495 -1.731127 
21.900000 18.287495 -1.731143 
21.900000 18.387495 -1.731178 
21.900000 18.487495 -1.731220 
21.900000 18.587495 -1.731254 
21.900000 18.687495 -1.731265 
21.900000 18.787495 -1.731240 
21.900000 18.887495 -1.731174 
21.900000 18.987495 -1.731072 
21.900000 19.087495 -1.730946 
21.900000 19.187495 -1.730816 
21.900000 19.287495 -1.730702 
21.900000 19.387495 -1.730625 
21.900000 19.487495 -1.730599 
21.900000 19.587495 -1.730627 
21.900000 19.687495 -1.730706 
21.900000 19.787495 -1.730821 
21.900000 19.887495 -1.730951 
21.900000 19.987495 -1.731077 
21.900000 20.087495 -1.731177 
21.900000 20.187495 -1.731241 
21.900000 20.287495 -1.731265 
21.900000 20.387495 -1.731253 
21.900000 20.487495 -1.731218 
21.900000 20.587495 -1.731176 
21.900000 20.687495 -1.731142 
21.900000 20.787495 -1.731127 
21.900000 20.887495 -1.731135 
21.900000 20.987495 -1.731161 
21.900000 21.087495 -1.731195 
21.900000 21.187495 -1.731221 
21.900000 21.287495 -1.731222 
21.900000 21.387495 -1.731188 
21.900000 21.487495 -1.731113 
21.900000 21.587495 -1.731002 
21.900000 21.687495 -1.730867 
21.900000 21.787495 -1.730728 
21.900000 21.887495 -1.730606 
21.900000 21.987495 -1.730521 
22.000000 16.887495 -1.730590 
22.000000 16.987495 -1.730623 
22.000000 17.087495 -1.730701 
22.000000 17.187495 -1.730810 
22.000000 17.287495 -1.730930 
22.000000 17.387495 -1.731041 
22.000000 17.487495 -1.731126 
22.000000 17.587495 -1.731174 
22.000000 17.687495 -1.731182 
22.000000 17.787495 -1.731156 
22.000000 17.887495 -1.731111 
22.000000 17.987495 -1.731063 
22.000000 18.087495 -1.731028 
22.000000 18.187495 -1.731018 
22.000000 18.287495 -1.731037 
22.000000 18.387495 -1.731081 
22.000000 18.487495 -1.731137 
22.000000 18.587495 -1.731191 
22.000000 18.687495 -1.731224 
22.000000 18.787495 -1.731224 
22.000000 18.887495 -1.731184 
22.000000 18.987495 -1.731107 
22.000000 19.087495 -1.731004 
22.000000 19.187495 -1.730892 
22.000000 19.287495 -1.730793 
22.000000 19.387495 -1.730725 
22.000000 19.487495 -1.730701 
22.000000 19.587495 -1.730727 
22.000000 19.687495 -1.730796 
22.000000 19.787495 -1.730896 
22.000000 19.887495 -1.731008 
22.000000 19.987495 -1.731110 
22.000000 20.087495 -1.731186 
22.000000 20.187495 -1.731225 
22.000000 20.287495 -1.731223 
22.000000 20.387495 -1.731189 
22.000000 20.487495 -1.731135 
22.000000 20.587495 -1.731079 
22.000000 20.687495 -1.731036 
22.000000 20.787495 -1.731018 
22.000000 20.887495 -1.731029 
22.000000 20.987495 -1.731065 
22.000000 21.087495 -1.731113 
22.000000 21.187495 -1.731158 
22.000000 21.287495 -1.731182 
22.000000 21.387495 -1.731173 
22.000000 21.487495 -1.731124 
22.000000 21.587495 -1.731037 
22.000000 21.687495 -1.730925 
22.000000 21.787495 -1.730805 
22.000000 21.887495 -1.730697 
22.000000 21.987495 -1.730621 
22.100000 16.887495 -1.730722 
22.100000 16.987495 -1.730752 
22.100000 17.087495 -1.730818 
22.100000 17.187495 -1.730907 
22.100000 17.287495 -1.731003 
22.100000 17.387495 -1.731086 
22.100000 17.487495 -1.731139 
22.100000 17.587495 -1.731154 
22.100000 17.687495 -1.731130 
22.100000 17.787495 -1.731076 
22.100000 17.887495 -1.731006 
22.100000 17.987495 -1.730939 
22.100000 18.087495 -1.730893 
22.100000 18.187495 -1.730879 
22.100000 18.287495 -1.730902 
22.100000 18.387495 -1.730957 
22.100000 18.487495 -1.731032 
22.100000 18.587495 -1.731110 
22.100000 18.687495 -1.731173 
22.100000 18.787495 -1.731204 
22.100000 18.887495 -1.731197 
22.100000 18.987495 -1.731152 
22.100000 19.087495 -1.731078 
22.100000 19.187495 -1.730991 
22.100000 19.287495 -1.730910 
22.100000 19.387495 -1.730853 
22.100000 19.487495 -1.730834 
22.100000 19.587495 -1.730855 
22.100000 19.687495 -1.730913 
22.100000 19.787495 -1.730994 
22.100000 19.887495 -1.731081 
22.100000 19.987495 -1.731154 
22.100000 20.087495 -1.731198 
22.100000 20.187495 -1.731204 
22.100000 20.287495 -1.731171 
22.100000 20.387495 -1.731108 
22.100000 20.487495 -1.731029 
22.100000 20.587495 -1.730954 
22.100000 20.687495 -1.730900 
22.100000 20.787495 -1.730878 
22.100000 20.887495 -1.730894 
22.100000 20.987495 -1.730941 
22.100000 21.087495 -1.731009 
22.100000 21.187495 -1.731078 
22.100000 21.287495 -1.731132 
22.100000 21.387495 -1.731154 
22.100000 21.487495 -1.731138 
22.100000 21.587495 -1.731083 
22.100000 21.687495 -1.731000 
22.100000 21.787495 -1.730904 
22.100000 21.887495 -1.730815 
22.100000 21.987495 -1.730750 
22.200000 16.887495 -1.730860 
22.200000 16.987495 -1.730886 
22.200000 17.087495 -1.730939 
22.200000 17.187495 -1.731010 
22.200000 17.287495 -1.731080 
22.200000 17.387495 -1.731132 
22.200000 17.487495 -1.731152 
22.200000 17.587495 -1.731133 
22.200000 17.687495 -1.731076 
22.200000 17.787495 -1.730991 
22.200000 17.887495 -1.730896 
22.200000 17.987495 -1.730809 
22.200000 18.087495 -1.730751 
22.200000 18.187495 -1.730733 
22.200000 18.287495 -1.730760 
22.200000 18.387495 -1.730828 
22.200000 18.487495 -1.730923 
22.200000 18.587495 -1.731026 
22.200000 18.687495 -1.731119 
22.200000 18.787495 -1.731184 
22.200000 18.887495 -1.731211 
22.200000 18.987495 -1.731199 
22.200000 19.087495 -1.731155 
22.200000 19.187495 -1.731093 
22.200000 19.287495 -1.731032 
22.200000 19.387495 -1.730987 
22.200000 19.487495 -1.730972 
22.200000 19.587495 -1.730989 
22.200000 19.687495 -1.731034 
22.200000 19.787495 -1.731096 
22.200000 19.887495 -1.731157 
22.200000 19.987495 -1.731200 
22.200000 20.087495 -1.731211 
22.200000 20.187495 -1.731182 
22.200000 20.287495 -1.731116 
22.200000 20.387495 -1.731022 
22.200000 20.487495 -1.730919 
22.200000 20.587495 -1.730824 
22.200000 20.687495 -1.730758 
22.200000 20.787495 -1.730733 
22.200000 20.887495 -1.730752 
22.200000 20.987495 -1.730812 
22.200000 21.087495 -1.730899 
22.200000 21.187495 -1.730995 
22.200000 21.287495 -1.731078 
22.200000 21.387495 -1.731134 
22.200000 21.487495 -1.731152 
22.200000 21.587495 -1.731130 
22.200000 21.687495 -1.731077 
22.200000 21.787495 -1.731007 
22.200000 21.887495 -1.730937 
22.200000 21.987495 -1.730884 
22.300000 16.887495 -1.730980 
22.300000 16.987495 -1.731001 
22.300000 17.087495 -1.731045 
22.300000 17.187495 -1.731098 
22.300000 17.287495 -1.731146 
22.300000 17.387495 -1.731172 
22.300000 17.487495 -1.731163 
22.300000 17.587495 -1.731114 
22.300000 17.687495 -1.731028 
22.300000 17.787495 -1.730917 
22.300000 17.887495 -1.730799 
22.300000 17.987495 -1.730696 
22.300000 18.087495 -1.730627 
22.300000 18.187495 -1.730605 
22.300000 18.287495 -1.730636 
22.300000 18.387495 -1.730714 
22.300000 18.487495 -1.730826 
22.300000 18.587495 -1.730952 
22.300000 18.687495 -1.731071 
22.300000 18.787495 -1.731165 
22.300000 18.887495 -1.731222 
22.300000 18.987495 -1.731239 
22.300000 19.087495 -1.731221 
22.300000 19.187495 -1.731182 
22.300000 19.287495 -1.731137 
22.300000 19.387495 -1.731103 
22.300000 19.487495 -1.731091 
22.300000 19.587495 -1.731104 
22.300000 19.687495 -1.731139 
22.300000 19.787495 -1.731184 
22.300000 19.887495 -1.731222 
22.300000 19.987495 -1.731239 
22.300000 20.087495 -1.731221 
22.300000 20.187495 -1.731162 
22.300000 20.287495 -1.731067 
22.300000 20.387495 -1.730947 
22.300000 20.487495 -1.730822 
22.300000 20.587495 -1.730711 
22.300000 20.687495 -1.730634 
22.300000 20.787495 -1.730605 
22.300000 20.887495 -1.730629 
22.300000 20.987495 -1.730699 
22.300000 21.087495 -1.730803 
22.300000 21.187495 -1.730921 
22.300000 21.287495 -1.731031 
22.300000 21.387495 -1.731116 
22.300000 21.487495 -1.731164 
22.300000 21.587495 -1.731171 
22.300000 21.687495 -1.731144 
22.300000 21.787495 -1.731096 
22.300000 21.887495 -1.731043 
22.300000 21.987495 -1.731000 
22.400000 16.887495 -1.731059 
22.400000 16.987495 -1.731078 
22.400000 17.087495 -1.731115 
22.400000 17.187495 -1.731156 
22.400000 17.287495 -1.731189 
22.400000 17.387495 -1.731197 
22.400000 17.487495 -1.731168 
22.400000 17.587495 -1.731099 
22.400000 17.687495 -1.730993 
22.400000 17.787495 -1.730864 
22.400000 17.887495 -1.730732 
22.400000 17.987495 -1.730617 
22.400000 18.087495 -1.730541 
22.400000 18.187495 -1.730517 
22.400000 18.287495 -1.730550 
22.400000 18.387495 -1.730636 
22.400000 18.487495 -1.730759 
22.400000 18.587495 -1.730900 
22.400000 18.687495 -1.731038 
22.400000 18.787495 -1.731151 
22.400000 18.887495 -1.731228 
22.400000 18.987495 -1.731265 
22.400000 19.087495 -1.731265 
22.400000 19.187495 -1.731241 
22.400000 19.287495 -1.731207 
22.400000 19.387495 -1.731181 
22.400000 19.487495 -1.731171 
22.400000 19.587495 -1.731181 
22.400000 19.687495 -1.731209 
22.400000 19.787495 -1.731242 
22.400000 19.887495 -1.731265 
22.400000 19.987495 -1.731264 
22.400000 20.087495 -1.731226 
22.400000 20.187495 -1.731147 
22.400000 20.287495 -1.731033 
22.400000 20.387495 -1.730895 
22.400000 20.487495 -1.730754 
22.400000 20.587495 -1.730632 
22.400000 20.687495 -1.730548 
22.400000 20.787495 -1.730517 
22.400000 20.887495 -1.730543 
22.400000 20.987495 -1.730621 
22.400000 21.087495 -1.730737 
22.400000 21.187495 -1.730870 
22.400000 21.287495 -1.730998 
22.400000 21.387495 -1.731102 
22.400000 21.487495 -1.731170 
22.400000 21.587495 -1.731197 
22.400000 21.687495 -1.731188 
22.400000 21.787495 -1.731155 
22.400000 21.887495 -1.731113 
22.400000 21.987495 -1.731077 
22.500000 16.887495 -1.731084 
22.500000 16.987495 -1.731103 
22.500000 17.087495 -1.731136 
22.500000 17.187495 -1.731174 
22.500000 17.287495 -1.731201 
22.500000 17.387495 -1.731203 
22.500000 17.487495 -1.731167 
22.500000 17.587495 -1.731091 
22.500000 17.687495 -1.730978 
22.500000 17.787495 -1.730843 
22.500000 17.887495 -1.730705 
22.500000 17.987495 -1.730586 
22.500000 18.087495 -1.730507 
22.500000 18.187495 -1.730483 
22.500000 18.287495 -1.730517 
22.500000 18.387495 -1.730605 
22.500000 18.487495 -1.730732 
22.500000 18.587495 -1.730879 
22.500000 18.687495 -1.731022 
22.500000 18.787495 -1.731143 
22.500000 18.887495 -1.731227 
22.500000 18.987495 -1.731270 
22.500000 19.087495 -1.731277 
22.500000 19.187495 -1.731258 
22.500000 19.287495 -1.731229 
22.500000 19.387495 -1.731205 
22.500000 19.487495 -1.731195 
22.500000 19.587495 -1.731205 
22.500000 19.687495 -1.731230 
22.500000 19.787495 -1.731259 
22.500000 19.887495 -1.731277 
22.500000 19.987495 -1.731270 
22.500000 20.087495 -1.731225 
22.500000 20.187495 -1.731139 
22.500000 20.287495 -1.731017 
22.500000 20.387495 -1.730873 
22.500000 20.487495 -1.730727 
22.500000 20.587495 -1.730601 
22.500000 20.687495 -1.730514 
22.500000 20.787495 -1.730482 
22.500000 20.887495 -1.730509 
22.500000 20.987495 -1.730590 
22.500000 21.087495 -1.730710 
22.500000 21.187495 -1.730848 
22.500000 21.287495 -1.730983 
22.500000 21.387495 -1.731094 
22.500000 21.487495 -1.731169 
22.500000 21.587495 -1.731203 
22.500000 21.687495 -1.731200 
22.500000 21.787495 -1.731173 
22.500000 21.887495 -1.731135 
22.500000 21.987495 -1.731102 
22.600000 16.887495 -1.731049 
22.600000 16.987495 -1.731069 
22.600000 17.087495 -1.731105 
22.600000 17.187495 -1.731147 
22.600000 17.287495 -1.731179 
22.600000 17.387495 -1.731187 
22.600000 17.487495 -1.731159 
22.600000 17.587495 -1.731089 
22.600000 17.687495 -1.730984 
22.600000 17.787495 -1.730855 
22.600000 17.887495 -1.730722 
22.600000 17.987495 -1.730607 
22.600000 18.087495 -1.730531 
22.600000 18.187495 -1.730507 
22.600000 18.287495 -1.730541 
22.600000 18.387495 -1.730626 
22.600000 18.487495 -1.730750 
22.600000 18.587495 -1.730891 
22.600000 18.687495 -1.731028 
22.600000 18.787495 -1.731141 
22.600000 18.887495 -1.731219 
22.600000 18.987495 -1.731255 
22.600000 19.087495 -1.731255 
22.600000 19.187495 -1.731231 
22.600000 19.287495 -1.731198 
22.600000 19.387495 -1.731171 
22.600000 19.487495 -1.731161 
22.600000 19.587495 -1.731172 
22.600000 19.687495 -1.731199 
22.600000 19.787495 -1.731232 
22.600000 19.887495 -1.731256 
22.600000 19.987495 -1.731254 
22.600000 20.087495 -1.731216 
22.600000 20.187495 -1.731138 
22.600000 20.287495 -1.731023 
22.600000 20.387495 -1.730885 
22.600000 20.487495 -1.730744 
22.600000 20.587495 -1.730622 
22.600000 20.687495 -1.730538 
22.600000 20.787495 -1.730507 
22.600000 20.887495 -1.730533 
22.600000 20.987495 -1.730611 
22.600000 21.087495 -1.730727 
22.600000 21.187495 -1.730860 
22.600000 21.287495 -1.730988 
22.600000 21.387495 -1.731093 
22.600000 21.487495 -1.731160 
22.600000 21.587495 -1.731187 
22.600000 21.687495 -1.731178 
22.600000 21.787495 -1.731145 
22.600000 21.887495 -1.731103 
22.600000 21.987495 -1.731068 
22.700000 16.887495 -1.730960 
22.700000 16.987495 -1.730982 
22.700000 17.087495 -1.731025 
22.700000 17.187495 -1.731079 
22.700000 17.287495 -1.731127 
22.700000 17.387495 -1.731152 
22.700000 17.487495 -1.731143 
22.700000 17.587495 -1.731094 
22.700000 17.687495 -1.731008 
22.700000 17.787495 -1.730897 
22.700000 17.887495 -1.730780 
22.700000 17.987495 -1.730677 
22.700000 18.087495 -1.730607 
22.700000 18.187495 -1.730586 
22.700000 18.287495 -1.730617 
22.700000 18.387495 -1.730695 
22.700000 18.487495 -1.730807 
22.700000 18.587495 -1.730933 
22.700000 18.687495 -1.731052 
22.700000 18.787495 -1.731146 
22.700000 18.887495 -1.731203 
22.700000 18.987495 -1.731220 
22.700000 19.087495 -1.731202 
22.700000 19.187495 -1.731163 
22.700000 19.287495 -1.731118 
22.700000 19.387495 -1.731084 
22.700000 19.487495 -1.731072 
22.700000 19.587495 -1.731085 
22.700000 19.687495 -1.731120 
22.700000 19.787495 -1.731164 
22.700000 19.887495 -1.731203 
22.700000 19.987495 -1.731220 
22.700000 20.087495 -1.731201 
22.700000 20.187495 -1.731143 
22.700000 20.287495 -1.731048 
22.700000 20.387495 -1.730928 
22.700000 20.487495 -1.730802 
22.700000 20.587495 -1.730691 
22.700000 20.687495 -1.730615 
22.700000 20.787495 -1.730586 
22.700000 20.887495 -1.730609 
22.700000 20.987495 -1.730680 
22.700000 21.087495 -1.730784 
22.700000 21.187495 -1.730902 
22.700000 21.287495 -1.731012 
22.700000 21.387495 -1.731097 
22.700000 21.487495 -1.731144 
22.700000 21.587495 -1.731152 
22.700000 21.687495 -1.731125 
22.700000 21.787495 -1.731077 
22.700000 21.887495 -1.731024 
22.700000 21.987495 -1.730981 
22.800000 16.887495 -1.730831 
22.800000 16.987495 -1.730857 
22.800000 17.087495 -1.730911 
22.800000 17.187495 -1.730981 
22.800000 17.287495 -1.731051 
22.800000 17.387495 -1.731103 
22.800000 17.487495 -1.731123 
22.800000 17.587495 -1.731104 
22.800000 17.687495 -1.731047 
22.800000 17.787495 -1.730962 
22.800000 17.887495 -1.730867 
22.800000 17.987495 -1.730781 
22.800000 18.087495 -1.730722 
22.800000 18.187495 -1.730704 
22.800000 18.287495 -1.730731 
22.800000 18.387495 -1.730799 
22.800000 18.487495 -1.730894 
22.800000 18.587495 -1.730997 
22.800000 18.687495 -1.731090 
22.800000 18.787495 -1.731155 
22.800000 18.887495 -1.731182 
22.800000 18.987495 -1.731170 
22.800000 19.087495 -1.731126 
22.800000 19.187495 -1.731064 
22.800000 19.287495 -1.731003 
22.800000 19.387495 -1.730958 
22.800000 19.487495 -1.730943 
22.800000 19.587495 -1.730960 
22.800000 19.687495 -1.731005 
22.800000 19.787495 -1.731067 
22.800000 19.887495 -1.731128 
22.800000 19.987495 -1.731171 
22.800000 20.087495 -1.731182 
22.800000 20.187495 -1.731153 
22.800000 20.287495 -1.731087 
22.800000 20.387495 -1.730993 
22.800000 20.487495 -1.730890 
22.800000 20.587495 -1.730796 
22.800000 20.687495 -1.730729 
22.800000 20.787495 -1.730704 
22.800000 20.887495 -1.730724 
22.800000 20.987495 -1.730783 
22.800000 21.087495 -1.730870 
22.800000 21.187495 -1.730966 
22.800000 21.287495 -1.731050 
22.800000 21.387495 -1.731105 
22.800000 21.487495 -1.731123 
22.800000 21.587495 -1.731102 
22.800000 21.687495 -1.731048 
22.800000 21.787495 -1.730978 
22.800000 21.887495 -1.730908 
22.800000 21.987495 -1.730855 
22.900000 16.887495 -1.730684 
22.900000 16.987495 -1.730713 
22.900000 17.087495 -1.730779 
22.900000 17.187495 -1.730869 
22.900000 17.287495 -1.730965 
22.900000 17.387495 -1.731047 
22.900000 17.487495 -1.731100 
22.900000 17.587495 -1.731115 
22.900000 17.687495 -1.731091 
22.900000 17.787495 -1.731037 
22.900000 17.887495 -1.730967 
22.900000 17.987495 -1.730900 
22.900000 18.087495 -1.730854 
22.900000 18.187495 -1.730840 
22.900000 18.287495 -1.730863 
22.900000 18.387495 -1.730918 
22.900000 18.487495 -1.730994 
22.900000 18.587495 -1.731072 
22.900000 18.687495 -1.731134 
22.900000 18.787495 -1.731166 
22.900000 18.887495 -1.731159 
22.900000 18.987495 -1.731113 
22.900000 19.087495 -1.731039 
22.900000 19.187495 -1.730952 
22.900000 19.287495 -1.730871 
22.900000 19.387495 -1.730815 
22.900000 19.487495 -1.730795 
22.900000 19.587495 -1.730816 
22.900000 19.687495 -1.730874 
22.900000 19.787495 -1.730955 
22.900000 19.887495 -1.731042 
22.900000 19.987495 -1.731116 
22.900000 20.087495 -1.731160 
22.900000 20.187495 -1.731165 
22.900000 20.287495 -1.731132 
22.900000 20.387495 -1.731069 
22.900000 20.487495 -1.730991 
22.900000 20.587495 -1.730916 
22.900000 20.687495 -1.730861 
22.900000 20.787495 -1.730840 
22.900000 20.887495 -1.730855 
22.900000 20.987495 -1.730903 
22.900000 21.087495 -1.730970 
22.900000 21.187495 -1.731039 
22.900000 21.287495 -1.731093 
22.900000 21.387495 -1.731115 
22.900000 21.487495 -1.731099 
22.900000 21.587495 -1.731044 
22.900000 21.687495 -1.730961 
22.900000 21.787495 -1.730865 
22.900000 21.887495 -1.730776 
22.900000 21.987495 -1.730711 
23.000000 16.887495 -1.730542 
23.000000 16.987495 -1.730575 
23.000000 17.087495 -1.730653 
23.000000 17.187495 -1.730761 
23.000000 17.287495 -1.730881 
23.000000 17.387495 -1.730993 
23.000000 17.487495 -1.731078 
23.000000 17.587495 -1.731126 
23.000000 17.687495 -1.731134 
23.000000 17.787495 -1.731108 
23.000000 17.887495 -1.731063 
23.000000 17.987495 -1.731015 
23.000000 18.087495 -1.730980 
23.000000 18.187495 -1.730970 
23.000000 18.287495 -1.730988 
23.000000 18.387495 -1.731032 
23.000000 18.487495 -1.731089 
23.000000 18.587495 -1.731142 
23.000000 18.687495 -1.731176 
23.000000 18.787495 -1.731175 
23.000000 18.887495 -1.731136 
23.000000 18.987495 -1.731058 
23.000000 19.087495 -1.730955 
23.000000 19.187495 -1.730844 
23.000000 19.287495 -1.730745 
23.000000 19.387495 -1.730677 
23.000000 19.487495 -1.730653 
23.000000 19.587495 -1.730679 
23.000000 19.687495 -1.730748 
23.000000 19.787495 -1.730848 
23.000000 19.887495 -1.730960 
23.000000 19.987495 -1.731062 
23.000000 20.087495 -1.731138 
23.000000 20.187495 -1.731176 
23.000000 20.287495 -1.731175 
23.000000 20.387495 -1.731141 
23.000000 20.487495 -1.731087 
23.000000 20.587495 -1.731030 
23.000000 20.687495 -1.730987 
23.000000 20.787495 -1.730969 
23.000000 20.887495 -1.730981 
23.000000 20.987495 -1.731016 
23.000000 21.087495 -1.731065 
23.000000 21.187495 -1.731110 
23.000000 21.287495 -1.731134 
23.000000 21.387495 -1.731125 
23.000000 21.487495 -1.731075 
23.000000 21.587495 -1.730989 
23.000000 21.687495 -1.730877 
23.000000 21.787495 -1.730757 
23.000000 21.887495 -1.730649 
23.000000 21.987495 -1.730573 
23.100000 16.887495 -1.730429 
23.100000 16.987495 -1.730466 
23.100000 17.087495 -1.730553 
23.100000 17.187495 -1.730676 
23.100000 17.287495 -1.730815 
23.100000 17.387495 -1.730949 
23.100000 17.487495 -1.731059 
23.100000 17.587495 -1.731132 
23.100000 17.687495 -1.731165 
23.100000 17.787495 -1.731162 
23.100000 17.887495 -1.731136 
23.100000 17.987495 -1.731102 
23.100000 18.087495 -1.731076 
23.100000 18.187495 -1.731069 
23.100000 18.287495 -1.731085 
23.100000 18.387495 -1.731119 
23.100000 18.487495 -1.731162 
23.100000 18.587495 -1.731196 
23.100000 18.687495 -1.731206 
23.100000 18.787495 -1.731181 
23.100000 18.887495 -1.731116 
23.100000 18.987495 -1.731014 
23.100000 19.087495 -1.730888 
23.100000 19.187495 -1.730758 
23.100000 19.287495 -1.730644 
23.100000 19.387495 -1.730567 
23.100000 19.487495 -1.730541 
23.100000 19.587495 -1.730569 
23.100000 19.687495 -1.730648 
23.100000 19.787495 -1.730763 
23.100000 19.887495 -1.730893 
23.100000 19.987495 -1.731018 
23.100000 20.087495 -1.731119 
23.100000 20.187495 -1.731183 
23.100000 20.287495 -1.731207 
23.100000 20.387495 -1.731195 
23.100000 20.487495 -1.731160 
23.100000 20.587495 -1.731118 
23.100000 20.687495 -1.731084 
23.100000 20.787495 -1.731069 
23.100000 20.887495 -1.731077 
23.100000 20.987495 -1.731103 
23.100000 21.087495 -1.731137 
23.100000 21.187495 -1.731163 
23.100000 21.287495 -1.731164 
23.100000 21.387495 -1.731130 
23.100000 21.487495 -1.731055 
23.100000 21.587495 -1.730944 
23.100000 21.687495 -1.730809 
23.100000 21.787495 -1.730670 
23.100000 21.887495 -1.730548 
23.100000 21.987495 -1.730463 
23.200000 16.887495 -1.730364 
23.200000 16.987495 -1.730403 
23.200000 17.087495 -1.730494 
23.200000 17.187495 -1.730625 
23.200000 17.287495 -1.730775 
23.200000 17.387495 -1.730922 
23.200000 17.487495 -1.731045 
23.200000 17.587495 -1.731132 
23.200000 17.687495 -1.731179 
23.200000 17.787495 -1.731188 
23.200000 17.887495 -1.731173 
23.200000 17.987495 -1.731147 
23.200000 18.087495 -1.731126 
23.200000 18.187495 -1.731120 
23.200000 18.287495 -1.731134 
23.200000 18.387495 -1.731164 
23.200000 18.487495 -1.731198 
23.200000 18.587495 -1.731222 
23.200000 18.687495 -1.731220 
23.200000 18.787495 -1.731181 
23.200000 18.887495 -1.731102 
23.200000 18.987495 -1.730986 
23.200000 19.087495 -1.730848 
23.200000 19.187495 -1.730707 
23.200000 19.287495 -1.730586 
23.200000 19.387495 -1.730504 
23.200000 19.487495 -1.730476 
23.200000 19.587495 -1.730506 
23.200000 19.687495 -1.730590 
23.200000 19.787495 -1.730713 
23.200000 19.887495 -1.730854 
23.200000 19.987495 -1.730991 
23.200000 20.087495 -1.731106 
23.200000 20.187495 -1.731184 
23.200000 20.287495 -1.731221 
23.200000 20.387495 -1.731221 
23.200000 20.487495 -1.731197 
23.200000 20.587495 -1.731163 
23.200000 20.687495 -1.731134 
23.200000 20.787495 -1.731120 
23.200000 20.887495 -1.731126 
23.200000 20.987495 -1.731148 
23.200000 21.087495 -1.731173 
23.200000 21.187495 -1.731188 
23.200000 21.287495 -1.731178 
23.200000 21.387495 -1.731130 
23.200000 21.487495 -1.731041 
23.200000 21.587495 -1.730916 
23.200000 21.687495 -1.730769 
23.200000 21.787495 -1.730620 
23.200000 21.887495 -1.730490 
23.200000 21.987495 -1.730400 
