18.434000 17.192336 -1.936644 
18.434000 17.292336 -1.936671 
18.434000 17.392336 -1.936730 
18.434000 17.492336 -1.936811 
18.434000 17.592336 -1.936902 
18.434000 17.692336 -1.936988 
18.434000 17.792336 -1.937056 
18.434000 17.892336 -1.937101 
18.434000 17.992336 -1.937122 
18.434000 18.092336 -1.937123 
18.434000 18.192336 -1.937112 
18.434000 18.292336 -1.937101 
18.434000 18.392336 -1.937097 
18.434000 18.492336 -1.937103 
18.434000 18.592336 -1.937120 
18.434000 18.692336 -1.937141 
18.434000 18.792336 -1.937156 
18.434000 18.892336 -1.937156 
18.434000 18.992336 -1.937133 
18.434000 19.092336 -1.937086 
18.434000 19.192336 -1.937018 
18.434000 19.292336 -1.936937 
18.434000 19.392336 -1.936857 
18.434000 19.492336 -1.936793 
18.434000 19.592336 -1.936756 
18.434000 19.692336 -1.936754 
18.434000 19.792336 -1.936787 
18.434000 19.892336 -1.936848 
18.434000 19.992336 -1.936927 
18.434000 20.092336 -1.937008 
18.434000 20.192336 -1.937079 
18.434000 20.292336 -1.937129 
18.434000 20.392336 -1.937154 
18.434000 20.492336 -1.937157 
18.434000 20.592336 -1.937143 
18.434000 20.692336 -1.937122 
18.434000 20.792336 -1.937105 
18.434000 20.892336 -1.937097 
18.434000 20.992336 -1.937100 
18.434000 21.092336 -1.937111 
18.434000 21.192336 -1.937122 
18.434000 21.292336 -1.937123 
18.434000 21.392336 -1.937105 
18.434000 21.492336 -1.937063 
18.434000 21.592336 -1.936997 
18.434000 21.692336 -1.936913 
18.434000 21.792336 -1.936822 
18.434000 21.892336 -1.936739 
18.434000 21.992336 -1.936676 
18.434000 22.092336 -1.936645 
18.534000 17.192336 -1.936669 
18.534000 17.292336 -1.936695 
18.534000 17.392336 -1.936752 
18.534000 17.492336 -1.936831 
18.534000 17.592336 -1.936918 
18.534000 17.692336 -1.936999 
18.534000 17.792336 -1.937064 
18.534000 17.892336 -1.937104 
18.534000 17.992336 -1.937120 
18.534000 18.092336 -1.937117 
18.534000 18.192336 -1.937104 
18.534000 18.292336 -1.937091 
18.534000 18.392336 -1.937085 
18.534000 18.492336 -1.937092 
18.534000 18.592336 -1.937110 
18.534000 18.692336 -1.937134 
18.534000 18.792336 -1.937152 
18.534000 18.892336 -1.937156 
18.534000 18.992336 -1.937138 
18.534000 19.092336 -1.937096 
18.534000 19.192336 -1.937031 
18.534000 19.292336 -1.936955 
18.534000 19.392336 -1.936878 
18.534000 19.492336 -1.936816 
18.534000 19.592336 -1.936781 
18.534000 19.692336 -1.936779 
18.534000 19.792336 -1.936811 
18.534000 19.892336 -1.936870 
18.534000 19.992336 -1.936945 
18.534000 20.092336 -1.937022 
18.534000 20.192336 -1.937089 
18.534000 20.292336 -1.937134 
18.534000 20.392336 -1.937155 
18.534000 20.492336 -1.937154 
18.534000 20.592336 -1.937136 
18.534000 20.692336 -1.937113 
18.534000 20.792336 -1.937094 
18.534000 20.892336 -1.937085 
18.534000 20.992336 -1.937089 
18.534000 21.092336 -1.937102 
18.534000 21.192336 -1.937116 
18.534000 21.292336 -1.937121 
18.534000 21.392336 -1.937107 
18.534000 21.492336 -1.937070 
18.534000 21.592336 -1.937008 
18.534000 21.692336 -1.936928 
18.534000 21.792336 -1.936841 
18.534000 21.892336 -1.936761 
18.534000 21.992336 -1.936700 
18.534000 22.092336 -1.936670 
18.634000 17.192336 -1.936725 
18.634000 17.292336 -1.936750 
18.634000 17.392336 -1.936803 
18.634000 17.492336 -1.936874 
18.634000 17.592336 -1.936951 
18.634000 17.692336 -1.937020 
18.634000 17.792336 -1.937072 
18.634000 17.892336 -1.937100 
18.634000 17.992336 -1.937104 
18.634000 18.092336 -1.937090 
18.634000 18.192336 -1.937068 
18.634000 18.292336 -1.937049 
18.634000 18.392336 -1.937041 
18.634000 18.492336 -1.937049 
18.634000 18.592336 -1.937071 
18.634000 18.692336 -1.937101 
18.634000 18.792336 -1.937129 
18.634000 18.892336 -1.937145 
18.634000 18.992336 -1.937139 
18.634000 19.092336 -1.937109 
18.634000 19.192336 -1.937058 
18.634000 19.292336 -1.936992 
18.634000 19.392336 -1.936925 
18.634000 19.492336 -1.936869 
18.634000 19.592336 -1.936837 
18.634000 19.692336 -1.936835 
18.634000 19.792336 -1.936864 
18.634000 19.892336 -1.936917 
18.634000 19.992336 -1.936984 
18.634000 20.092336 -1.937050 
18.634000 20.192336 -1.937104 
18.634000 20.292336 -1.937137 
18.634000 20.392336 -1.937145 
18.634000 20.492336 -1.937132 
18.634000 20.592336 -1.937105 
18.634000 20.692336 -1.937075 
18.634000 20.792336 -1.937051 
18.634000 20.892336 -1.937041 
18.634000 20.992336 -1.937048 
18.634000 21.092336 -1.937066 
18.634000 21.192336 -1.937088 
18.634000 21.292336 -1.937103 
18.634000 21.392336 -1.937101 
18.634000 21.492336 -1.937077 
18.634000 21.592336 -1.937028 
18.634000 21.692336 -1.936960 
18.634000 21.792336 -1.936883 
18.634000 21.892336 -1.936810 
18.634000 21.992336 -1.936755 
18.634000 22.092336 -1.936727 
18.734000 17.192336 -1.936805 
18.734000 17.292336 -1.936827 
18.734000 17.392336 -1.936872 
18.734000 17.492336 -1.936932 
18.734000 17.592336 -1.936995 
18.734000 17.692336 -1.937047 
18.734000 17.792336 -1.937081 
18.734000 17.892336 -1.937090 
18.734000 17.992336 -1.937076 
18.734000 18.092336 -1.937047 
18.734000 18.192336 -1.937013 
18.734000 18.292336 -1.936986 
18.734000 18.392336 -1.936974 
18.734000 18.492336 -1.936983 
18.734000 18.592336 -1.937011 
18.734000 18.692336 -1.937051 
18.734000 18.792336 -1.937093 
18.734000 18.892336 -1.937125 
18.734000 18.992336 -1.937137 
18.734000 19.092336 -1.937126 
18.734000 19.192336 -1.937092 
18.734000 19.292336 -1.937043 
18.734000 19.392336 -1.936989 
18.734000 19.492336 -1.936943 
18.734000 19.592336 -1.936916 
18.734000 19.692336 -1.936914 
18.734000 19.792336 -1.936938 
18.734000 19.892336 -1.936982 
18.734000 19.992336 -1.937036 
18.734000 20.092336 -1.937087 
18.734000 20.192336 -1.937123 
18.734000 20.292336 -1.937137 
18.734000 20.392336 -1.937127 
18.734000 20.492336 -1.937097 
18.734000 20.592336 -1.937056 
18.734000 20.692336 -1.937015 
18.734000 20.792336 -1.936986 
18.734000 20.892336 -1.936974 
18.734000 20.992336 -1.936984 
18.734000 21.092336 -1.937009 
18.734000 21.192336 -1.937043 
18.734000 21.292336 -1.937073 
18.734000 21.392336 -1.937089 
18.734000 21.492336 -1.937083 
18.734000 21.592336 -1.937053 
18.734000 21.692336 -1.937002 
18.734000 21.792336 -1.936940 
18.734000 21.892336 -1.936879 
18.734000 21.992336 -1.936831 
18.734000 22.092336 -1.936806 
18.834000 17.192336 -1.936892 
18.834000 17.292336 -1.936912 
18.834000 17.392336 -1.936949 
18.834000 17.492336 -1.936997 
18.834000 17.592336 -1.937043 
18.834000 17.692336 -1.937077 
18.834000 17.792336 -1.937089 
18.834000 17.892336 -1.937078 
18.834000 17.992336 -1.937044 
18.834000 18.092336 -1.936998 
18.834000 18.192336 -1.936951 
18.834000 18.292336 -1.936914 
18.834000 18.392336 -1.936899 
18.834000 18.492336 -1.936909 
18.834000 18.592336 -1.936943 
18.834000 18.692336 -1.936994 
18.834000 18.792336 -1.937051 
18.834000 18.892336 -1.937101 
18.834000 18.992336 -1.937134 
18.834000 19.092336 -1.937144 
18.834000 19.192336 -1.937130 
18.834000 19.292336 -1.937099 
18.834000 19.392336 -1.937059 
18.834000 19.492336 -1.937024 
18.834000 19.592336 -1.937002 
18.834000 19.692336 -1.937001 
18.834000 19.792336 -1.937020 
18.834000 19.892336 -1.937055 
18.834000 19.992336 -1.937094 
18.834000 20.092336 -1.937127 
18.834000 20.192336 -1.937144 
18.834000 20.292336 -1.937137 
18.834000 20.392336 -1.937107 
18.834000 20.492336 -1.937058 
18.834000 20.592336 -1.937001 
18.834000 20.692336 -1.936948 
18.834000 20.792336 -1.936912 
18.834000 20.892336 -1.936898 
18.834000 20.992336 -1.936911 
18.834000 21.092336 -1.936946 
18.834000 21.192336 -1.936992 
18.834000 21.292336 -1.937039 
18.834000 21.392336 -1.937075 
18.834000 21.492336 -1.937089 
18.834000 21.592336 -1.937079 
18.834000 21.692336 -1.937048 
18.834000 21.792336 -1.937003 
18.834000 21.892336 -1.936955 
18.834000 21.992336 -1.936916 
18.834000 22.092336 -1.936893 
18.934000 17.192336 -1.936972 
18.934000 17.292336 -1.936989 
18.934000 17.392336 -1.937020 
18.934000 17.492336 -1.937056 
18.934000 17.592336 -1.937087 
18.934000 17.692336 -1.937104 
18.934000 17.792336 -1.937097 
18.934000 17.892336 -1.937067 
18.934000 17.992336 -1.937016 
18.934000 18.092336 -1.936954 
18.934000 18.192336 -1.936894 
18.934000 18.292336 -1.936849 
18.934000 18.392336 -1.936830 
18.934000 18.492336 -1.936841 
18.934000 18.592336 -1.936881 
18.934000 18.692336 -1.936942 
18.934000 18.792336 -1.937013 
18.934000 18.892336 -1.937080 
18.934000 18.992336 -1.937132 
18.934000 19.092336 -1.937161 
18.934000 19.192336 -1.937165 
18.934000 19.292336 -1.937150 
18.934000 19.392336 -1.937124 
18.934000 19.492336 -1.937098 
18.934000 19.592336 -1.937082 
18.934000 19.692336 -1.937081 
18.934000 19.792336 -1.937095 
18.934000 19.892336 -1.937121 
18.934000 19.992336 -1.937147 
18.934000 20.092336 -1.937164 
18.934000 20.192336 -1.937162 
18.934000 20.292336 -1.937137 
18.934000 20.392336 -1.937088 
18.934000 20.492336 -1.937022 
18.934000 20.592336 -1.936951 
18.934000 20.692336 -1.936887 
18.934000 20.792336 -1.936844 
18.934000 20.892336 -1.936829 
18.934000 20.992336 -1.936845 
18.934000 21.092336 -1.936888 
18.934000 21.192336 -1.936946 
18.934000 21.292336 -1.937009 
18.934000 21.392336 -1.937062 
18.934000 21.492336 -1.937095 
18.934000 21.592336 -1.937104 
18.934000 21.692336 -1.937090 
18.934000 21.792336 -1.937060 
18.934000 21.892336 -1.937024 
18.934000 21.992336 -1.936992 
18.934000 22.092336 -1.936973 
19.034000 17.192336 -1.937030 
19.034000 17.292336 -1.937046 
19.034000 17.392336 -1.937071 
19.034000 17.492336 -1.937099 
19.034000 17.592336 -1.937120 
19.034000 17.692336 -1.937124 
19.034000 17.792336 -1.937104 
19.034000 17.892336 -1.937060 
19.034000 17.992336 -1.936997 
19.034000 18.092336 -1.936924 
19.034000 18.192336 -1.936855 
19.034000 18.292336 -1.936804 
19.034000 18.392336 -1.936782 
19.034000 18.492336 -1.936794 
19.034000 18.592336 -1.936838 
19.034000 18.692336 -1.936907 
19.034000 18.792336 -1.936988 
19.034000 18.892336 -1.937067 
19.034000 18.992336 -1.937131 
19.034000 19.092336 -1.937174 
19.034000 19.192336 -1.937191 
19.034000 19.292336 -1.937187 
19.034000 19.392336 -1.937171 
19.034000 19.492336 -1.937152 
19.034000 19.592336 -1.937139 
19.034000 19.692336 -1.937138 
19.034000 19.792336 -1.937150 
19.034000 19.892336 -1.937169 
19.034000 19.992336 -1.937186 
19.034000 20.092336 -1.937192 
19.034000 20.192336 -1.937177 
19.034000 20.292336 -1.937138 
19.034000 20.392336 -1.937076 
19.034000 20.492336 -1.936998 
19.034000 20.592336 -1.936916 
19.034000 20.692336 -1.936845 
19.034000 20.792336 -1.936798 
19.034000 20.892336 -1.936782 
19.034000 20.992336 -1.936800 
19.034000 21.092336 -1.936848 
19.034000 21.192336 -1.936915 
19.034000 21.292336 -1.936988 
19.034000 21.392336 -1.937054 
19.034000 21.492336 -1.937100 
19.034000 21.592336 -1.937123 
19.034000 21.692336 -1.937122 
19.034000 21.792336 -1.937102 
19.034000 21.892336 -1.937075 
19.034000 21.992336 -1.937048 
19.034000 22.092336 -1.937031 
19.134000 17.192336 -1.937056 
19.134000 17.292336 -1.937071 
19.134000 17.392336 -1.937094 
19.134000 17.492336 -1.937119 
19.134000 17.592336 -1.937136 
19.134000 17.692336 -1.937135 
19.134000 17.792336 -1.937110 
19.134000 17.892336 -1.937061 
19.134000 17.992336 -1.936992 
19.134000 18.092336 -1.936914 
19.134000 18.192336 -1.936842 
19.134000 18.292336 -1.936789 
19.134000 18.392336 -1.936766 
19.134000 18.492336 -1.936778 
19.134000 18.592336 -1.936824 
19.134000 18.692336 -1.936896 
19.134000 18.792336 -1.936980 
19.134000 18.892336 -1.937064 
19.134000 18.992336 -1.937134 
19.134000 19.092336 -1.937182 
19.134000 19.192336 -1.937204 
19.134000 19.292336 -1.937205 
19.134000 19.392336 -1.937193 
19.134000 19.492336 -1.937176 
19.134000 19.592336 -1.937165 
19.134000 19.692336 -1.937164 
19.134000 19.792336 -1.937175 
19.134000 19.892336 -1.937191 
19.134000 19.992336 -1.937204 
19.134000 20.092336 -1.937205 
19.134000 20.192336 -1.937186 
19.134000 20.292336 -1.937141 
19.134000 20.392336 -1.937073 
19.134000 20.492336 -1.936991 
19.134000 20.592336 -1.936905 
19.134000 20.692336 -1.936831 
19.134000 20.792336 -1.936782 
19.134000 20.892336 -1.936765 
19.134000 20.992336 -1.936784 
19.134000 21.092336 -1.936834 
19.134000 21.192336 -1.936905 
19.134000 21.292336 -1.936983 
19.134000 21.392336 -1.937053 
19.134000 21.492336 -1.937105 
19.134000 21.592336 -1.937133 
19.134000 21.692336 -1.937137 
19.134000 21.792336 -1.937122 
19.134000 21.892336 -1.937098 
19.134000 21.992336 -1.937074 
19.134000 22.092336 -1.937057 
19.234000 17.192336 -1.937046 
19.234000 17.292336 -1.937061 
19.234000 17.392336 -1.937086 
19.234000 17.492336 -1.937113 
19.234000 17.592336 -1.937133 
19.234000 17.692336 -1.937135 
19.234000 17.792336 -1.937114 
19.234000 17.892336 -1.937068 
19.234000 17.992336 -1.937003 
19.234000 18.092336 -1.936929 
19.234000 18.192336 -1.936859 
19.234000 18.292336 -1.936808 
19.234000 18.392336 -1.936785 
19.234000 18.492336 -1.936797 
19.234000 18.592336 -1.936842 
19.234000 18.692336 -1.936911 
19.234000 18.792336 -1.936994 
19.234000 18.892336 -1.937074 
19.234000 18.992336 -1.937140 
19.234000 19.092336 -1.937184 
19.234000 19.192336 -1.937203 
19.234000 19.292336 -1.937201 
19.234000 19.392336 -1.937186 
19.234000 19.492336 -1.937167 
19.234000 19.592336 -1.937155 
19.234000 19.692336 -1.937154 
19.234000 19.792336 -1.937165 
19.234000 19.892336 -1.937183 
19.234000 19.992336 -1.937199 
19.234000 20.092336 -1.937204 
19.234000 20.192336 -1.937188 
19.234000 20.292336 -1.937147 
19.234000 20.392336 -1.937083 
19.234000 20.492336 -1.937004 
19.234000 20.592336 -1.936921 
19.234000 20.692336 -1.936849 
19.234000 20.792336 -1.936801 
19.234000 20.892336 -1.936785 
19.234000 20.992336 -1.936803 
19.234000 21.092336 -1.936852 
19.234000 21.192336 -1.936920 
19.234000 21.292336 -1.936994 
19.234000 21.392336 -1.937061 
19.234000 21.492336 -1.937110 
19.234000 21.592336 -1.937134 
19.234000 21.692336 -1.937134 
19.234000 21.792336 -1.937116 
19.234000 21.892336 -1.937089 
19.234000 21.992336 -1.937064 
19.234000 22.092336 -1.937047 
19.334000 17.192336 -1.937002 
19.334000 17.292336 -1.937019 
19.334000 17.392336 -1.937049 
19.334000 17.492336 -1.937083 
19.334000 17.592336 -1.937112 
19.334000 17.692336 -1.937126 
19.334000 17.792336 -1.937117 
19.334000 17.892336 -1.937083 
19.334000 17.992336 -1.937029 
19.334000 18.092336 -1.936965 
19.334000 18.192336 -1.936903 
19.334000 18.292336 -1.936857 
19.334000 18.392336 -1.936837 
19.334000 18.492336 -1.936848 
19.334000 18.592336 -1.936889 
19.334000 18.692336 -1.936952 
19.334000 18.792336 -1.937026 
19.334000 18.892336 -1.937095 
19.334000 18.992336 -1.937150 
19.334000 19.092336 -1.937181 
19.334000 19.192336 -1.937188 
19.334000 19.292336 -1.937176 
19.334000 19.392336 -1.937152 
19.334000 19.492336 -1.937127 
19.334000 19.592336 -1.937112 
19.334000 19.692336 -1.937111 
19.334000 19.792336 -1.937125 
19.334000 19.892336 -1.937149 
19.334000 19.992336 -1.937173 
19.334000 20.092336 -1.937188 
19.334000 20.192336 -1.937183 
19.334000 20.292336 -1.937155 
19.334000 20.392336 -1.937103 
19.334000 20.492336 -1.937034 
19.334000 20.592336 -1.936961 
19.334000 20.692336 -1.936896 
19.334000 20.792336 -1.936852 
19.334000 20.892336 -1.936837 
19.334000 20.992336 -1.936853 
19.334000 21.092336 -1.936897 
19.334000 21.192336 -1.936957 
19.334000 21.292336 -1.937022 
19.334000 21.392336 -1.937078 
19.334000 21.492336 -1.937114 
19.334000 21.592336 -1.937126 
19.334000 21.692336 -1.937115 
19.334000 21.792336 -1.937087 
19.334000 21.892336 -1.937053 
19.334000 21.992336 -1.937022 
19.334000 22.092336 -1.937004 
19.434000 17.192336 -1.936935 
19.434000 17.292336 -1.936954 
19.434000 17.392336 -1.936990 
19.434000 17.492336 -1.937036 
19.434000 17.592336 -1.937079 
19.434000 17.692336 -1.937109 
19.434000 17.792336 -1.937118 
19.434000 17.892336 -1.937103 
19.434000 17.992336 -1.937066 
19.434000 18.092336 -1.937017 
19.434000 18.192336 -1.936967 
19.434000 18.292336 -1.936929 
19.434000 18.392336 -1.936913 
19.434000 18.492336 -1.936923 
19.434000 18.592336 -1.936958 
19.434000 18.692336 -1.937011 
19.434000 18.792336 -1.937071 
19.434000 18.892336 -1.937125 
19.434000 18.992336 -1.937161 
19.434000 19.092336 -1.937175 
19.434000 19.192336 -1.937164 
19.434000 19.292336 -1.937136 
19.434000 19.392336 -1.937099 
19.434000 19.492336 -1.937065 
19.434000 19.592336 -1.937045 
19.434000 19.692336 -1.937044 
19.434000 19.792336 -1.937062 
19.434000 19.892336 -1.937095 
19.434000 19.992336 -1.937132 
19.434000 20.092336 -1.937162 
19.434000 20.192336 -1.937175 
19.434000 20.292336 -1.937164 
19.434000 20.392336 -1.937130 
19.434000 20.492336 -1.937078 
19.434000 20.592336 -1.937019 
19.434000 20.692336 -1.936964 
19.434000 20.792336 -1.936926 
19.434000 20.892336 -1.936912 
19.434000 20.992336 -1.936926 
19.434000 21.092336 -1.936962 
19.434000 21.192336 -1.937011 
19.434000 21.292336 -1.937061 
19.434000 21.392336 -1.937099 
19.434000 21.492336 -1.937117 
19.434000 21.592336 -1.937111 
19.434000 21.692336 -1.937083 
19.434000 21.792336 -1.937041 
19.434000 21.892336 -1.936995 
19.434000 21.992336 -1.936958 
19.434000 22.092336 -1.936936 
19.534000 17.192336 -1.936857 
19.534000 17.292336 -1.936879 
19.534000 17.392336 -1.936923 
19.534000 17.492336 -1.936980 
19.534000 17.592336 -1.937040 
19.534000 17.692336 -1.937089 
19.534000 17.792336 -1.937119 
19.534000 17.892336 -1.937124 
19.534000 17.992336 -1.937107 
19.534000 18.092336 -1.937075 
19.534000 18.192336 -1.937039 
19.534000 18.292336 -1.937010 
19.534000 18.392336 -1.936998 
19.534000 18.492336 -1.937007 
19.534000 18.592336 -1.937036 
19.534000 18.692336 -1.937078 
19.534000 18.792336 -1.937122 
19.534000 18.892336 -1.937157 
19.534000 18.992336 -1.937174 
19.534000 19.092336 -1.937166 
19.534000 19.192336 -1.937136 
19.534000 19.292336 -1.937090 
19.534000 19.392336 -1.937038 
19.534000 19.492336 -1.936994 
19.534000 19.592336 -1.936968 
19.534000 19.692336 -1.936966 
19.534000 19.792336 -1.936990 
19.534000 19.892336 -1.937032 
19.534000 19.992336 -1.937083 
19.534000 20.092336 -1.937131 
19.534000 20.192336 -1.937164 
19.534000 20.292336 -1.937174 
19.534000 20.392336 -1.937161 
19.534000 20.492336 -1.937127 
19.534000 20.592336 -1.937083 
19.534000 20.692336 -1.937040 
19.534000 20.792336 -1.937009 
19.534000 20.892336 -1.936998 
19.534000 20.992336 -1.937007 
19.534000 21.092336 -1.937035 
19.534000 21.192336 -1.937071 
19.534000 21.292336 -1.937104 
19.534000 21.392336 -1.937123 
19.534000 21.492336 -1.937121 
19.534000 21.592336 -1.937094 
19.534000 21.692336 -1.937047 
19.534000 21.792336 -1.936988 
19.534000 21.892336 -1.936929 
19.534000 21.992336 -1.936883 
19.534000 22.092336 -1.936858 
19.634000 17.192336 -1.936785 
19.634000 17.292336 -1.936809 
19.634000 17.392336 -1.936860 
19.634000 17.492336 -1.936929 
19.634000 17.592336 -1.937004 
19.634000 17.692336 -1.937071 
19.634000 17.792336 -1.937120 
19.634000 17.892336 -1.937144 
19.634000 17.992336 -1.937145 
19.634000 18.092336 -1.937129 
19.634000 18.192336 -1.937106 
19.634000 18.292336 -1.937085 
19.634000 18.392336 -1.937077 
19.634000 18.492336 -1.937085 
19.634000 18.592336 -1.937108 
19.634000 18.692336 -1.937139 
19.634000 18.792336 -1.937170 
19.634000 18.892336 -1.937188 
19.634000 18.992336 -1.937185 
19.634000 19.092336 -1.937158 
19.634000 19.192336 -1.937110 
19.634000 19.292336 -1.937046 
19.634000 19.392336 -1.936981 
19.634000 19.492336 -1.936928 
19.634000 19.592336 -1.936896 
19.634000 19.692336 -1.936895 
19.634000 19.792336 -1.936922 
19.634000 19.892336 -1.936974 
19.634000 19.992336 -1.937038 
19.634000 20.092336 -1.937102 
19.634000 20.192336 -1.937154 
19.634000 20.292336 -1.937183 
19.634000 20.392336 -1.937189 
19.634000 20.492336 -1.937173 
19.634000 20.592336 -1.937143 
19.634000 20.692336 -1.937111 
19.634000 20.792336 -1.937087 
19.634000 20.892336 -1.937077 
19.634000 20.992336 -1.937083 
19.634000 21.092336 -1.937103 
19.634000 21.192336 -1.937127 
19.634000 21.292336 -1.937144 
19.634000 21.392336 -1.937146 
19.634000 21.492336 -1.937124 
19.634000 21.592336 -1.937078 
19.634000 21.692336 -1.937013 
19.634000 21.792336 -1.936938 
19.634000 21.892336 -1.936868 
19.634000 21.992336 -1.936814 
19.634000 22.092336 -1.936786 
19.734000 17.192336 -1.936732 
19.734000 17.292336 -1.936758 
19.734000 17.392336 -1.936815 
19.734000 17.492336 -1.936893 
19.734000 17.592336 -1.936978 
19.734000 17.692336 -1.937058 
19.734000 17.792336 -1.937121 
19.734000 17.892336 -1.937159 
19.734000 17.992336 -1.937174 
19.734000 18.092336 -1.937170 
19.734000 18.192336 -1.937155 
19.734000 18.292336 -1.937141 
19.734000 18.392336 -1.937135 
19.734000 18.492336 -1.937142 
19.734000 18.592336 -1.937161 
19.734000 18.692336 -1.937185 
19.734000 18.792336 -1.937205 
19.734000 18.892336 -1.937211 
19.734000 18.992336 -1.937194 
19.734000 19.092336 -1.937153 
19.734000 19.192336 -1.937091 
19.734000 19.292336 -1.937016 
19.734000 19.392336 -1.936941 
19.734000 19.492336 -1.936880 
19.734000 19.592336 -1.936845 
19.734000 19.692336 -1.936843 
19.734000 19.792336 -1.936874 
19.734000 19.892336 -1.936932 
19.734000 19.992336 -1.937006 
19.734000 20.092336 -1.937082 
19.734000 20.192336 -1.937147 
19.734000 20.292336 -1.937191 
19.734000 20.392336 -1.937210 
19.734000 20.492336 -1.937207 
19.734000 20.592336 -1.937188 
19.734000 20.692336 -1.937164 
19.734000 20.792336 -1.937144 
19.734000 20.892336 -1.937135 
19.734000 20.992336 -1.937140 
19.734000 21.092336 -1.937153 
19.734000 21.192336 -1.937168 
19.734000 21.292336 -1.937174 
19.734000 21.392336 -1.937162 
19.734000 21.492336 -1.937127 
19.734000 21.592336 -1.937067 
19.734000 21.692336 -1.936989 
19.734000 21.792336 -1.936903 
19.734000 21.892336 -1.936823 
19.734000 21.992336 -1.936764 
19.734000 22.092336 -1.936734 
19.834000 17.192336 -1.936711 
19.834000 17.292336 -1.936738 
19.834000 17.392336 -1.936797 
19.834000 17.492336 -1.936878 
19.834000 17.592336 -1.936969 
19.834000 17.692336 -1.937054 
19.834000 17.792336 -1.937123 
19.834000 17.892336 -1.937168 
19.834000 17.992336 -1.937188 
19.834000 18.092336 -1.937189 
19.834000 18.192336 -1.937178 
19.834000 18.292336 -1.937167 
19.834000 18.392336 -1.937162 
19.834000 18.492336 -1.937169 
19.834000 18.592336 -1.937186 
19.834000 18.692336 -1.937207 
19.834000 18.792336 -1.937222 
19.834000 18.892336 -1.937222 
19.834000 18.992336 -1.937200 
19.834000 19.092336 -1.937153 
19.834000 19.192336 -1.937084 
19.834000 19.292336 -1.937004 
19.834000 19.392336 -1.936924 
19.834000 19.492336 -1.936860 
19.834000 19.592336 -1.936824 
19.834000 19.692336 -1.936821 
19.834000 19.792336 -1.936854 
19.834000 19.892336 -1.936915 
19.834000 19.992336 -1.936994 
19.834000 20.092336 -1.937075 
19.834000 20.192336 -1.937146 
19.834000 20.292336 -1.937196 
19.834000 20.392336 -1.937221 
19.834000 20.492336 -1.937223 
19.834000 20.592336 -1.937209 
19.834000 20.692336 -1.937188 
19.834000 20.792336 -1.937171 
19.834000 20.892336 -1.937163 
19.834000 20.992336 -1.937166 
19.834000 21.092336 -1.937177 
19.834000 21.192336 -1.937188 
19.834000 21.292336 -1.937189 
19.834000 21.392336 -1.937171 
19.834000 21.492336 -1.937130 
19.834000 21.592336 -1.937063 
19.834000 21.692336 -1.936979 
19.834000 21.792336 -1.936889 
19.834000 21.892336 -1.936806 
19.834000 21.992336 -1.936743 
19.834000 22.092336 -1.936712 
19.934000 17.192336 -1.936725 
19.934000 17.292336 -1.936752 
19.934000 17.392336 -1.936809 
19.934000 17.492336 -1.936889 
19.934000 17.592336 -1.936977 
19.934000 17.692336 -1.937060 
19.934000 17.792336 -1.937126 
19.934000 17.892336 -1.937168 
19.934000 17.992336 -1.937185 
19.934000 18.092336 -1.937184 
19.934000 18.192336 -1.937171 
19.934000 18.292336 -1.937158 
19.934000 18.392336 -1.937154 
19.934000 18.492336 -1.937160 
19.934000 18.592336 -1.937178 
19.934000 18.692336 -1.937200 
19.934000 18.792336 -1.937218 
19.934000 18.892336 -1.937221 
19.934000 18.992336 -1.937201 
19.934000 19.092336 -1.937157 
19.934000 19.192336 -1.937091 
19.934000 19.292336 -1.937013 
19.934000 19.392336 -1.936936 
19.934000 19.492336 -1.936874 
19.934000 19.592336 -1.936838 
19.934000 19.692336 -1.936836 
19.934000 19.792336 -1.936868 
19.934000 19.892336 -1.936927 
19.934000 19.992336 -1.937004 
19.934000 20.092336 -1.937082 
19.934000 20.192336 -1.937150 
19.934000 20.292336 -1.937197 
19.934000 20.392336 -1.937220 
19.934000 20.492336 -1.937219 
19.934000 20.592336 -1.937203 
19.934000 20.692336 -1.937181 
19.934000 20.792336 -1.937162 
19.934000 20.892336 -1.937154 
19.934000 20.992336 -1.937157 
19.934000 21.092336 -1.937170 
19.934000 21.192336 -1.937182 
19.934000 21.292336 -1.937186 
19.934000 21.392336 -1.937171 
19.934000 21.492336 -1.937132 
19.934000 21.592336 -1.937069 
19.934000 21.692336 -1.936988 
19.934000 21.792336 -1.936900 
19.934000 21.892336 -1.936818 
19.934000 21.992336 -1.936757 
19.934000 22.092336 -1.936726 
20.034000 17.192336 -1.936773 
20.034000 17.292336 -1.936798 
20.034000 17.392336 -1.936851 
20.034000 17.492336 -1.936924 
20.034000 17.592336 -1.937003 
20.034000 17.692336 -1.937075 
20.034000 17.792336 -1.937130 
20.034000 17.892336 -1.937160 
20.034000 17.992336 -1.937167 
20.034000 18.092336 -1.937156 
20.034000 18.192336 -1.937136 
20.034000 18.292336 -1.937118 
20.034000 18.392336 -1.937111 
20.034000 18.492336 -1.937118 
20.034000 18.592336 -1.937140 
20.034000 18.692336 -1.937168 
20.034000 18.792336 -1.937194 
20.034000 18.892336 -1.937207 
20.034000 18.992336 -1.937199 
20.034000 19.092336 -1.937166 
20.034000 19.192336 -1.937112 
20.034000 19.292336 -1.937044 
20.034000 19.392336 -1.936974 
20.034000 19.492336 -1.936918 
20.034000 19.592336 -1.936885 
20.034000 19.692336 -1.936883 
20.034000 19.792336 -1.936912 
20.034000 19.892336 -1.936966 
20.034000 19.992336 -1.937035 
20.034000 20.092336 -1.937104 
20.034000 20.192336 -1.937161 
20.034000 20.292336 -1.937196 
20.034000 20.392336 -1.937207 
20.034000 20.492336 -1.937197 
20.034000 20.592336 -1.937172 
20.034000 20.692336 -1.937143 
20.034000 20.792336 -1.937120 
20.034000 20.892336 -1.937111 
20.034000 20.992336 -1.937117 
20.034000 21.092336 -1.937133 
20.034000 21.192336 -1.937154 
20.034000 21.292336 -1.937166 
20.034000 21.392336 -1.937162 
20.034000 21.492336 -1.937135 
20.034000 21.592336 -1.937083 
20.034000 21.692336 -1.937012 
20.034000 21.792336 -1.936933 
20.034000 21.892336 -1.936859 
20.034000 21.992336 -1.936803 
20.034000 22.092336 -1.936774 
20.134000 17.192336 -1.936845 
20.134000 17.292336 -1.936867 
20.134000 17.392336 -1.936914 
20.134000 17.492336 -1.936976 
20.134000 17.592336 -1.937042 
20.134000 17.692336 -1.937098 
20.134000 17.792336 -1.937134 
20.134000 17.892336 -1.937147 
20.134000 17.992336 -1.937137 
20.134000 18.092336 -1.937111 
20.134000 18.192336 -1.937080 
20.134000 18.292336 -1.937054 
20.134000 18.392336 -1.937043 
20.134000 18.492336 -1.937052 
20.134000 18.592336 -1.937078 
20.134000 18.692336 -1.937117 
20.134000 18.792336 -1.937156 
20.134000 18.892336 -1.937184 
20.134000 18.992336 -1.937194 
20.134000 19.092336 -1.937179 
20.134000 19.192336 -1.937141 
20.134000 19.292336 -1.937089 
20.134000 19.392336 -1.937032 
20.134000 19.492336 -1.936984 
20.134000 19.592336 -1.936956 
20.134000 19.692336 -1.936955 
20.134000 19.792336 -1.936980 
20.134000 19.892336 -1.937025 
20.134000 19.992336 -1.937082 
20.134000 20.092336 -1.937135 
20.134000 20.192336 -1.937175 
20.134000 20.292336 -1.937193 
20.134000 20.392336 -1.937187 
20.134000 20.492336 -1.937160 
20.134000 20.592336 -1.937121 
20.134000 20.692336 -1.937083 
20.134000 20.792336 -1.937054 
20.134000 20.892336 -1.937043 
20.134000 20.992336 -1.937052 
20.134000 21.092336 -1.937076 
20.134000 21.192336 -1.937107 
20.134000 21.292336 -1.937135 
20.134000 21.392336 -1.937147 
20.134000 21.492336 -1.937137 
20.134000 21.592336 -1.937103 
20.134000 21.692336 -1.937049 
20.134000 21.792336 -1.936984 
20.134000 21.892336 -1.936921 
20.134000 21.992336 -1.936872 
20.134000 22.092336 -1.936846 
20.234000 17.192336 -1.936928 
20.234000 17.292336 -1.936948 
20.234000 17.392336 -1.936987 
20.234000 17.492336 -1.937037 
20.234000 17.592336 -1.937086 
20.234000 17.692336 -1.937123 
20.234000 17.792336 -1.937139 
20.234000 17.892336 -1.937131 
20.234000 17.992336 -1.937102 
20.234000 18.092336 -1.937059 
20.234000 18.192336 -1.937014 
20.234000 18.292336 -1.936979 
20.234000 18.392336 -1.936964 
20.234000 18.492336 -1.936974 
20.234000 18.592336 -1.937007 
20.234000 18.692336 -1.937056 
20.234000 18.792336 -1.937110 
20.234000 18.892336 -1.937157 
20.234000 18.992336 -1.937187 
20.234000 19.092336 -1.937193 
20.234000 19.192336 -1.937175 
20.234000 19.292336 -1.937140 
20.234000 19.392336 -1.937098 
20.234000 19.492336 -1.937061 
20.234000 19.592336 -1.937039 
20.234000 19.692336 -1.937037 
20.234000 19.792336 -1.937057 
20.234000 19.892336 -1.937093 
20.234000 19.992336 -1.937135 
20.234000 20.092336 -1.937172 
20.234000 20.192336 -1.937192 
20.234000 20.292336 -1.937189 
20.234000 20.392336 -1.937162 
20.234000 20.492336 -1.937117 
20.234000 20.592336 -1.937063 
20.234000 20.692336 -1.937012 
20.234000 20.792336 -1.936976 
20.234000 20.892336 -1.936964 
20.234000 20.992336 -1.936976 
20.234000 21.092336 -1.937009 
20.234000 21.192336 -1.937053 
20.234000 21.292336 -1.937097 
20.234000 21.392336 -1.937129 
20.234000 21.492336 -1.937140 
20.234000 21.592336 -1.937126 
20.234000 21.692336 -1.937091 
20.234000 21.792336 -1.937043 
20.234000 21.892336 -1.936993 
20.234000 21.992336 -1.936952 
20.234000 22.092336 -1.936929 
20.334000 17.192336 -1.937007 
20.334000 17.292336 -1.937024 
20.334000 17.392336 -1.937056 
20.334000 17.492336 -1.937094 
20.334000 17.592336 -1.937128 
20.334000 17.692336 -1.937147 
20.334000 17.792336 -1.937144 
20.334000 17.892336 -1.937116 
20.334000 17.992336 -1.937068 
20.334000 18.092336 -1.937009 
20.334000 18.192336 -1.936951 
20.334000 18.292336 -1.936907 
20.334000 18.392336 -1.936889 
20.334000 18.492336 -1.936900 
20.334000 18.592336 -1.936939 
20.334000 18.692336 -1.936998 
20.334000 18.792336 -1.937067 
20.334000 18.892336 -1.937131 
20.334000 18.992336 -1.937180 
20.334000 19.092336 -1.937206 
20.334000 19.192336 -1.937207 
20.334000 19.292336 -1.937189 
20.334000 19.392336 -1.937161 
20.334000 19.492336 -1.937134 
20.334000 19.592336 -1.937116 
20.334000 19.692336 -1.937115 
20.334000 19.792336 -1.937131 
20.334000 19.892336 -1.937157 
20.334000 19.992336 -1.937186 
20.334000 20.092336 -1.937206 
20.334000 20.192336 -1.937207 
20.334000 20.292336 -1.937184 
20.334000 20.392336 -1.937138 
20.334000 20.492336 -1.937075 
20.334000 20.592336 -1.937007 
20.334000 20.692336 -1.936945 
20.334000 20.792336 -1.936903 
20.334000 20.892336 -1.936888 
20.334000 20.992336 -1.936904 
20.334000 21.092336 -1.936945 
20.334000 21.192336 -1.937001 
20.334000 21.292336 -1.937061 
20.334000 21.392336 -1.937111 
20.334000 21.492336 -1.937141 
20.334000 21.592336 -1.937148 
20.334000 21.692336 -1.937131 
20.334000 21.792336 -1.937098 
20.334000 21.892336 -1.937060 
20.334000 21.992336 -1.937027 
20.334000 22.092336 -1.937008 
20.434000 17.192336 -1.937066 
20.434000 17.292336 -1.937081 
20.434000 17.392336 -1.937108 
20.434000 17.492336 -1.937137 
20.434000 17.592336 -1.937159 
20.434000 17.692336 -1.937165 
20.434000 17.792336 -1.937147 
20.434000 17.892336 -1.937105 
20.434000 17.992336 -1.937043 
20.434000 18.092336 -1.936972 
20.434000 18.192336 -1.936904 
20.434000 18.292336 -1.936854 
20.434000 18.392336 -1.936832 
20.434000 18.492336 -1.936844 
20.434000 18.592336 -1.936888 
20.434000 18.692336 -1.936955 
20.434000 18.792336 -1.937035 
20.434000 18.892336 -1.937112 
20.434000 18.992336 -1.937175 
20.434000 19.092336 -1.937215 
20.434000 19.192336 -1.937231 
20.434000 19.292336 -1.937226 
20.434000 19.392336 -1.937208 
20.434000 19.492336 -1.937188 
20.434000 19.592336 -1.937175 
20.434000 19.692336 -1.937174 
20.434000 19.792336 -1.937186 
20.434000 19.892336 -1.937206 
20.434000 19.992336 -1.937224 
20.434000 20.092336 -1.937231 
20.434000 20.192336 -1.937219 
20.434000 20.292336 -1.937181 
20.434000 20.392336 -1.937121 
20.434000 20.492336 -1.937045 
20.434000 20.592336 -1.936965 
20.434000 20.692336 -1.936895 
20.434000 20.792336 -1.936848 
20.434000 20.892336 -1.936832 
20.434000 20.992336 -1.936850 
20.434000 21.092336 -1.936897 
20.434000 21.192336 -1.936963 
20.434000 21.292336 -1.937035 
20.434000 21.392336 -1.937098 
20.434000 21.492336 -1.937143 
20.434000 21.592336 -1.937164 
20.434000 21.692336 -1.937161 
20.434000 21.792336 -1.937140 
20.434000 21.892336 -1.937111 
20.434000 21.992336 -1.937084 
20.434000 22.092336 -1.937067 
20.534000 17.192336 -1.937094 
20.534000 17.292336 -1.937109 
20.534000 17.392336 -1.937132 
20.534000 17.492336 -1.937157 
20.534000 17.592336 -1.937174 
20.534000 17.692336 -1.937174 
20.534000 17.792336 -1.937149 
20.534000 17.892336 -1.937100 
20.534000 17.992336 -1.937031 
20.534000 18.092336 -1.936954 
20.534000 18.192336 -1.936882 
20.534000 18.292336 -1.936829 
20.534000 18.392336 -1.936806 
20.534000 18.492336 -1.936818 
20.534000 18.592336 -1.936864 
20.534000 18.692336 -1.936936 
20.534000 18.792336 -1.937020 
20.534000 18.892336 -1.937104 
20.534000 18.992336 -1.937173 
20.534000 19.092336 -1.937221 
20.534000 19.192336 -1.937243 
20.534000 19.292336 -1.937244 
20.534000 19.392336 -1.937231 
20.534000 19.492336 -1.937214 
20.534000 19.592336 -1.937203 
20.534000 19.692336 -1.937202 
20.534000 19.792336 -1.937213 
20.534000 19.892336 -1.937229 
20.534000 19.992336 -1.937243 
20.534000 20.092336 -1.937244 
20.534000 20.192336 -1.937225 
20.534000 20.292336 -1.937180 
20.534000 20.392336 -1.937113 
20.534000 20.492336 -1.937031 
20.534000 20.592336 -1.936945 
20.534000 20.692336 -1.936872 
20.534000 20.792336 -1.936822 
20.534000 20.892336 -1.936806 
20.534000 20.992336 -1.936825 
20.534000 21.092336 -1.936875 
20.534000 21.192336 -1.936945 
20.534000 21.292336 -1.937022 
20.534000 21.392336 -1.937092 
20.534000 21.492336 -1.937144 
20.534000 21.592336 -1.937172 
20.534000 21.692336 -1.937175 
20.534000 21.792336 -1.937160 
20.534000 21.892336 -1.937136 
20.534000 21.992336 -1.937111 
20.534000 22.092336 -1.937095 
20.634000 17.192336 -1.937087 
20.634000 17.292336 -1.937102 
20.634000 17.392336 -1.937126 
20.634000 17.492336 -1.937152 
20.634000 17.592336 -1.937171 
20.634000 17.692336 -1.937172 
20.634000 17.792336 -1.937150 
20.634000 17.892336 -1.937103 
20.634000 17.992336 -1.937036 
20.634000 18.092336 -1.936961 
20.634000 18.192336 -1.936890 
20.634000 18.292336 -1.936838 
20.634000 18.392336 -1.936815 
20.634000 18.492336 -1.936827 
20.634000 18.592336 -1.936872 
20.634000 18.692336 -1.936943 
20.634000 18.792336 -1.937026 
20.634000 18.892336 -1.937107 
20.634000 18.992336 -1.937175 
20.634000 19.092336 -1.937220 
20.634000 19.192336 -1.937240 
20.634000 19.292336 -1.937239 
20.634000 19.392336 -1.937225 
20.634000 19.492336 -1.937208 
20.634000 19.592336 -1.937196 
20.634000 19.692336 -1.937195 
20.634000 19.792336 -1.937206 
20.634000 19.892336 -1.937223 
20.634000 19.992336 -1.937238 
20.634000 20.092336 -1.937241 
20.634000 20.192336 -1.937224 
20.634000 20.292336 -1.937182 
20.634000 20.392336 -1.937117 
20.634000 20.492336 -1.937036 
20.634000 20.592336 -1.936952 
20.634000 20.692336 -1.936880 
20.634000 20.792336 -1.936831 
20.634000 20.892336 -1.936815 
20.634000 20.992336 -1.936834 
20.634000 21.092336 -1.936883 
20.634000 21.192336 -1.936952 
20.634000 21.292336 -1.937027 
20.634000 21.392336 -1.937095 
20.634000 21.492336 -1.937145 
20.634000 21.592336 -1.937171 
20.634000 21.692336 -1.937172 
20.634000 21.792336 -1.937155 
20.634000 21.892336 -1.937129 
20.634000 21.992336 -1.937104 
20.634000 22.092336 -1.937088 
20.734000 17.192336 -1.937045 
20.734000 17.292336 -1.937061 
20.734000 17.392336 -1.937090 
20.734000 17.492336 -1.937122 
20.734000 17.592336 -1.937149 
20.734000 17.692336 -1.937160 
20.734000 17.792336 -1.937149 
20.734000 17.892336 -1.937112 
20.734000 17.992336 -1.937056 
20.734000 18.092336 -1.936990 
20.734000 18.192336 -1.936926 
20.734000 18.292336 -1.936879 
20.734000 18.392336 -1.936858 
20.734000 18.492336 -1.936870 
20.734000 18.592336 -1.936911 
20.734000 18.692336 -1.936976 
20.734000 18.792336 -1.937051 
20.734000 18.892336 -1.937123 
20.734000 18.992336 -1.937180 
20.734000 19.092336 -1.937214 
20.734000 19.192336 -1.937224 
20.734000 19.292336 -1.937214 
20.734000 19.392336 -1.937192 
20.734000 19.492336 -1.937169 
20.734000 19.592336 -1.937154 
20.734000 19.692336 -1.937153 
20.734000 19.792336 -1.937167 
20.734000 19.892336 -1.937189 
20.734000 19.992336 -1.937212 
20.734000 20.092336 -1.937224 
20.734000 20.192336 -1.937217 
20.734000 20.292336 -1.937186 
20.734000 20.392336 -1.937131 
20.734000 20.492336 -1.937060 
20.734000 20.592336 -1.936985 
20.734000 20.692336 -1.936918 
20.734000 20.792336 -1.936873 
20.734000 20.892336 -1.936858 
20.734000 20.992336 -1.936875 
20.734000 21.092336 -1.936919 
20.734000 21.192336 -1.936982 
20.734000 21.292336 -1.937048 
20.734000 21.392336 -1.937106 
20.734000 21.492336 -1.937146 
20.734000 21.592336 -1.937160 
20.734000 21.692336 -1.937152 
20.734000 21.792336 -1.937126 
20.734000 21.892336 -1.937094 
20.734000 21.992336 -1.937064 
20.734000 22.092336 -1.937046 
20.834000 17.192336 -1.936977 
20.834000 17.292336 -1.936996 
20.834000 17.392336 -1.937030 
20.834000 17.492336 -1.937074 
20.834000 17.592336 -1.937114 
20.834000 17.692336 -1.937141 
20.834000 17.792336 -1.937146 
20.834000 17.892336 -1.937128 
20.834000 17.992336 -1.937088 
20.834000 18.092336 -1.937036 
20.834000 18.192336 -1.936983 
20.834000 18.292336 -1.936944 
20.834000 18.392336 -1.936927 
20.834000 18.492336 -1.936937 
20.834000 18.592336 -1.936973 
20.834000 18.692336 -1.937029 
20.834000 18.792336 -1.937091 
20.834000 18.892336 -1.937148 
20.834000 18.992336 -1.937188 
20.834000 19.092336 -1.937205 
20.834000 19.192336 -1.937198 
20.834000 19.292336 -1.937173 
20.834000 19.392336 -1.937138 
20.834000 19.492336 -1.937106 
20.834000 19.592336 -1.937087 
20.834000 19.692336 -1.937086 
20.834000 19.792336 -1.937103 
20.834000 19.892336 -1.937134 
20.834000 19.992336 -1.937169 
20.834000 20.092336 -1.937196 
20.834000 20.192336 -1.937205 
20.834000 20.292336 -1.937191 
20.834000 20.392336 -1.937154 
20.834000 20.492336 -1.937098 
20.834000 20.592336 -1.937036 
20.834000 20.692336 -1.936979 
20.834000 20.792336 -1.936940 
20.834000 20.892336 -1.936926 
20.834000 20.992336 -1.936940 
20.834000 21.092336 -1.936978 
20.834000 21.192336 -1.937029 
20.834000 21.292336 -1.937082 
20.834000 21.392336 -1.937124 
20.834000 21.492336 -1.937145 
20.834000 21.592336 -1.937143 
20.834000 21.692336 -1.937118 
20.834000 21.792336 -1.937079 
20.834000 21.892336 -1.937035 
20.834000 21.992336 -1.936999 
20.834000 22.092336 -1.936978 
20.934000 17.192336 -1.936896 
20.934000 17.292336 -1.936917 
20.934000 17.392336 -1.936960 
20.934000 17.492336 -1.937015 
20.934000 17.592336 -1.937072 
20.934000 17.692336 -1.937118 
20.934000 17.792336 -1.937144 
20.934000 17.892336 -1.937145 
20.934000 17.992336 -1.937125 
20.934000 18.092336 -1.937090 
20.934000 18.192336 -1.937051 
20.934000 18.292336 -1.937020 
20.934000 18.392336 -1.937007 
20.934000 18.492336 -1.937017 
20.934000 18.592336 -1.937047 
20.934000 18.692336 -1.937091 
20.934000 18.792336 -1.937138 
20.934000 18.892336 -1.937177 
20.934000 18.992336 -1.937197 
20.934000 19.092336 -1.937193 
20.934000 19.192336 -1.937166 
20.934000 19.292336 -1.937123 
20.934000 19.392336 -1.937074 
20.934000 19.492336 -1.937032 
20.934000 19.592336 -1.937007 
20.934000 19.692336 -1.937005 
20.934000 19.792336 -1.937028 
20.934000 19.892336 -1.937068 
20.934000 19.992336 -1.937117 
20.934000 20.092336 -1.937162 
20.934000 20.192336 -1.937191 
20.934000 20.292336 -1.937197 
20.934000 20.392336 -1.937180 
20.934000 20.492336 -1.937143 
20.934000 20.592336 -1.937097 
20.934000 20.692336 -1.937052 
20.934000 20.792336 -1.937019 
20.934000 20.892336 -1.937007 
20.934000 20.992336 -1.937018 
20.934000 21.092336 -1.937047 
20.934000 21.192336 -1.937085 
20.934000 21.292336 -1.937121 
20.934000 21.392336 -1.937144 
20.934000 21.492336 -1.937145 
20.934000 21.592336 -1.937122 
20.934000 21.692336 -1.937078 
20.934000 21.792336 -1.937022 
20.934000 21.892336 -1.936966 
20.934000 21.992336 -1.936921 
20.934000 22.092336 -1.936897 
21.034000 17.192336 -1.936818 
21.034000 17.292336 -1.936842 
21.034000 17.392336 -1.936892 
21.034000 17.492336 -1.936959 
21.034000 17.592336 -1.937031 
21.034000 17.692336 -1.937095 
21.034000 17.792336 -1.937141 
21.034000 17.892336 -1.937162 
21.034000 17.992336 -1.937160 
21.034000 18.092336 -1.937142 
21.034000 18.192336 -1.937116 
21.034000 18.292336 -1.937094 
21.034000 18.392336 -1.937085 
21.034000 18.492336 -1.937093 
21.034000 18.592336 -1.937117 
21.034000 18.692336 -1.937151 
21.034000 18.792336 -1.937183 
21.034000 18.892336 -1.937204 
21.034000 18.992336 -1.937205 
21.034000 19.092336 -1.937181 
21.034000 19.192336 -1.937135 
21.034000 19.292336 -1.937075 
21.034000 19.392336 -1.937012 
21.034000 19.492336 -1.936960 
21.034000 19.592336 -1.936930 
21.034000 19.692336 -1.936928 
21.034000 19.792336 -1.936955 
21.034000 19.892336 -1.937005 
21.034000 19.992336 -1.937067 
21.034000 20.092336 -1.937128 
21.034000 20.192336 -1.937177 
21.034000 20.292336 -1.937203 
21.034000 20.392336 -1.937205 
21.034000 20.492336 -1.937187 
21.034000 20.592336 -1.937155 
21.034000 20.692336 -1.937121 
21.034000 20.792336 -1.937095 
21.034000 20.892336 -1.937085 
21.034000 20.992336 -1.937092 
21.034000 21.092336 -1.937113 
21.034000 21.192336 -1.937139 
21.034000 21.292336 -1.937159 
21.034000 21.392336 -1.937163 
21.034000 21.492336 -1.937145 
21.034000 21.592336 -1.937102 
21.034000 21.692336 -1.937040 
21.034000 21.792336 -1.936968 
21.034000 21.892336 -1.936899 
21.034000 21.992336 -1.936846 
21.034000 22.092336 -1.936819 
21.134000 17.192336 -1.936757 
21.134000 17.292336 -1.936783 
21.134000 17.392336 -1.936839 
21.134000 17.492336 -1.936915 
21.134000 17.592336 -1.937000 
21.134000 17.692336 -1.937078 
21.134000 17.792336 -1.937138 
21.134000 17.892336 -1.937175 
21.134000 17.992336 -1.937188 
21.134000 18.092336 -1.937181 
21.134000 18.192336 -1.937166 
21.134000 18.292336 -1.937151 
21.134000 18.392336 -1.937145 
21.134000 18.492336 -1.937152 
21.134000 18.592336 -1.937171 
21.134000 18.692336 -1.937196 
21.134000 18.792336 -1.937218 
21.134000 18.892336 -1.937225 
21.134000 18.992336 -1.937211 
21.134000 19.092336 -1.937172 
21.134000 19.192336 -1.937111 
21.134000 19.292336 -1.937038 
21.134000 19.392336 -1.936964 
21.134000 19.492336 -1.936904 
21.134000 19.592336 -1.936870 
21.134000 19.692336 -1.936868 
21.134000 19.792336 -1.936898 
21.134000 19.892336 -1.936956 
21.134000 19.992336 -1.937029 
21.134000 20.092336 -1.937103 
21.134000 20.192336 -1.937165 
21.134000 20.292336 -1.937207 
21.134000 20.392336 -1.937225 
21.134000 20.492336 -1.937219 
21.134000 20.592336 -1.937199 
21.134000 20.692336 -1.937174 
21.134000 20.792336 -1.937154 
21.134000 20.892336 -1.937145 
21.134000 20.992336 -1.937149 
21.134000 21.092336 -1.937164 
21.134000 21.192336 -1.937180 
21.134000 21.292336 -1.937188 
21.134000 21.392336 -1.937178 
21.134000 21.492336 -1.937144 
21.134000 21.592336 -1.937086 
21.134000 21.692336 -1.937010 
21.134000 21.792336 -1.936925 
21.134000 21.892336 -1.936847 
21.134000 21.992336 -1.936788 
21.134000 22.092336 -1.936759 
21.234000 17.192336 -1.936726 
21.234000 17.292336 -1.936753 
21.234000 17.392336 -1.936812 
21.234000 17.492336 -1.936893 
21.234000 17.592336 -1.936983 
21.234000 17.692336 -1.937068 
21.234000 17.792336 -1.937136 
21.234000 17.892336 -1.937181 
21.234000 17.992336 -1.937201 
21.234000 18.092336 -1.937201 
21.234000 18.192336 -1.937190 
21.234000 18.292336 -1.937179 
21.234000 18.392336 -1.937174 
21.234000 18.492336 -1.937181 
21.234000 18.592336 -1.937198 
21.234000 18.692336 -1.937219 
21.234000 18.792336 -1.937235 
21.234000 18.892336 -1.937235 
21.234000 18.992336 -1.937213 
21.234000 19.092336 -1.937167 
21.234000 19.192336 -1.937099 
21.234000 19.292336 -1.937018 
21.234000 19.392336 -1.936939 
21.234000 19.492336 -1.936875 
21.234000 19.592336 -1.936839 
21.234000 19.692336 -1.936837 
21.234000 19.792336 -1.936869 
21.234000 19.892336 -1.936930 
21.234000 19.992336 -1.937008 
21.234000 20.092336 -1.937089 
21.234000 20.192336 -1.937159 
21.234000 20.292336 -1.937209 
21.234000 20.392336 -1.937234 
21.234000 20.492336 -1.937236 
21.234000 20.592336 -1.937221 
21.234000 20.692336 -1.937200 
21.234000 20.792336 -1.937183 
21.234000 20.892336 -1.937174 
21.234000 20.992336 -1.937178 
21.234000 21.092336 -1.937189 
21.234000 21.192336 -1.937200 
21.234000 21.292336 -1.937202 
21.234000 21.392336 -1.937184 
21.234000 21.492336 -1.937143 
21.234000 21.592336 -1.937077 
21.234000 21.692336 -1.936994 
21.234000 21.792336 -1.936904 
21.234000 21.892336 -1.936821 
21.234000 21.992336 -1.936759 
21.234000 22.092336 -1.936728 
21.334000 17.192336 -1.936730 
21.334000 17.292336 -1.936757 
21.334000 17.392336 -1.936815 
21.334000 17.492336 -1.936896 
21.334000 17.592336 -1.936985 
21.334000 17.692336 -1.937069 
21.334000 17.792336 -1.937136 
21.334000 17.892336 -1.937179 
21.334000 17.992336 -1.937197 
21.334000 18.092336 -1.937197 
21.334000 18.192336 -1.937185 
21.334000 18.292336 -1.937173 
21.334000 18.392336 -1.937168 
21.334000 18.492336 -1.937175 
21.334000 18.592336 -1.937192 
21.334000 18.692336 -1.937214 
21.334000 18.792336 -1.937231 
21.334000 18.892336 -1.937232 
21.334000 18.992336 -1.937212 
21.334000 19.092336 -1.937166 
21.334000 19.192336 -1.937100 
21.334000 19.292336 -1.937021 
21.334000 19.392336 -1.936942 
21.334000 19.492336 -1.936879 
21.334000 19.592336 -1.936843 
21.334000 19.692336 -1.936841 
21.334000 19.792336 -1.936873 
21.334000 19.892336 -1.936934 
21.334000 19.992336 -1.937011 
21.334000 20.092336 -1.937090 
21.334000 20.192336 -1.937159 
21.334000 20.292336 -1.937208 
21.334000 20.392336 -1.937231 
21.334000 20.492336 -1.937232 
21.334000 20.592336 -1.937217 
21.334000 20.692336 -1.937195 
21.334000 20.792336 -1.937177 
21.334000 20.892336 -1.937168 
21.334000 20.992336 -1.937172 
21.334000 21.092336 -1.937184 
21.334000 21.192336 -1.937196 
21.334000 21.292336 -1.937198 
21.334000 21.392336 -1.937182 
21.334000 21.492336 -1.937142 
21.334000 21.592336 -1.937078 
21.334000 21.692336 -1.936995 
21.334000 21.792336 -1.936906 
21.334000 21.892336 -1.936824 
21.334000 21.992336 -1.936762 
21.334000 22.092336 -1.936732 
21.434000 17.192336 -1.936769 
21.434000 17.292336 -1.936794 
21.434000 17.392336 -1.936849 
21.434000 17.492336 -1.936923 
21.434000 17.592336 -1.937004 
21.434000 17.692336 -1.937079 
21.434000 17.792336 -1.937136 
21.434000 17.892336 -1.937169 
21.434000 17.992336 -1.937178 
21.434000 18.092336 -1.937169 
21.434000 18.192336 -1.937151 
21.434000 18.292336 -1.937134 
21.434000 18.392336 -1.937128 
21.434000 18.492336 -1.937135 
21.434000 18.592336 -1.937155 
21.434000 18.692336 -1.937182 
21.434000 18.792336 -1.937206 
21.434000 18.892336 -1.937217 
21.434000 18.992336 -1.937206 
21.434000 19.092336 -1.937171 
21.434000 19.192336 -1.937114 
21.434000 19.292336 -1.937044 
21.434000 19.392336 -1.936973 
21.434000 19.492336 -1.936914 
21.434000 19.592336 -1.936881 
21.434000 19.692336 -1.936879 
21.434000 19.792336 -1.936909 
21.434000 19.892336 -1.936965 
21.434000 19.992336 -1.937035 
21.434000 20.092336 -1.937106 
21.434000 20.192336 -1.937165 
21.434000 20.292336 -1.937203 
21.434000 20.392336 -1.937217 
21.434000 20.492336 -1.937209 
21.434000 20.592336 -1.937186 
21.434000 20.692336 -1.937159 
21.434000 20.792336 -1.937137 
21.434000 20.892336 -1.937128 
21.434000 20.992336 -1.937133 
21.434000 21.092336 -1.937149 
21.434000 21.192336 -1.937167 
21.434000 21.292336 -1.937178 
21.434000 21.392336 -1.937171 
21.434000 21.492336 -1.937141 
21.434000 21.592336 -1.937087 
21.434000 21.692336 -1.937014 
21.434000 21.792336 -1.936933 
21.434000 21.892336 -1.936857 
21.434000 21.992336 -1.936799 
21.434000 22.092336 -1.936770 
21.534000 17.192336 -1.936834 
21.534000 17.292336 -1.936857 
21.534000 17.392336 -1.936905 
21.534000 17.492336 -1.936969 
21.534000 17.592336 -1.937037 
21.534000 17.692336 -1.937096 
21.534000 17.792336 -1.937137 
21.534000 17.892336 -1.937153 
21.534000 17.992336 -1.937146 
21.534000 18.092336 -1.937123 
21.534000 18.192336 -1.937094 
21.534000 18.292336 -1.937070 
21.534000 18.392336 -1.937060 
21.534000 18.492336 -1.937068 
21.534000 18.592336 -1.937094 
21.534000 18.692336 -1.937130 
21.534000 18.792336 -1.937167 
21.534000 18.892336 -1.937192 
21.534000 18.992336 -1.937198 
21.534000 19.092336 -1.937179 
21.534000 19.192336 -1.937139 
21.534000 19.292336 -1.937083 
21.534000 19.392336 -1.937024 
21.534000 19.492336 -1.936974 
21.534000 19.592336 -1.936945 
21.534000 19.692336 -1.936944 
21.534000 19.792336 -1.936969 
21.534000 19.892336 -1.937017 
21.534000 19.992336 -1.937076 
21.534000 20.092336 -1.937132 
21.534000 20.192336 -1.937176 
21.534000 20.292336 -1.937197 
21.534000 20.392336 -1.937194 
21.534000 20.492336 -1.937170 
21.534000 20.592336 -1.937135 
21.534000 20.692336 -1.937098 
21.534000 20.792336 -1.937071 
21.534000 20.892336 -1.937060 
21.534000 20.992336 -1.937068 
21.534000 21.092336 -1.937091 
21.534000 21.192336 -1.937120 
21.534000 21.292336 -1.937144 
21.534000 21.392336 -1.937153 
21.534000 21.492336 -1.937140 
21.534000 21.592336 -1.937103 
21.534000 21.692336 -1.937045 
21.534000 21.792336 -1.936978 
21.534000 21.892336 -1.936912 
21.534000 21.992336 -1.936862 
21.534000 22.092336 -1.936835 
21.634000 17.192336 -1.936912 
21.634000 17.292336 -1.936933 
21.634000 17.392336 -1.936973 
21.634000 17.492336 -1.937025 
21.634000 17.592336 -1.937077 
21.634000 17.692336 -1.937118 
21.634000 17.792336 -1.937138 
21.634000 17.892336 -1.937134 
21.634000 17.992336 -1.937108 
21.634000 18.092336 -1.937068 
21.634000 18.192336 -1.937025 
21.634000 18.292336 -1.936992 
21.634000 18.392336 -1.936978 
21.634000 18.492336 -1.936987 
21.634000 18.592336 -1.937019 
21.634000 18.692336 -1.937067 
21.634000 18.792336 -1.937118 
21.634000 18.892336 -1.937162 
21.634000 18.992336 -1.937187 
21.634000 19.092336 -1.937190 
21.634000 19.192336 -1.937169 
21.634000 19.292336 -1.937131 
21.634000 19.392336 -1.937086 
21.634000 19.492336 -1.937047 
21.634000 19.592336 -1.937023 
21.634000 19.692336 -1.937022 
21.634000 19.792336 -1.937043 
21.634000 19.892336 -1.937081 
21.634000 19.992336 -1.937125 
21.634000 20.092336 -1.937165 
21.634000 20.192336 -1.937188 
21.634000 20.292336 -1.937189 
21.634000 20.392336 -1.937166 
21.634000 20.492336 -1.937124 
21.634000 20.592336 -1.937073 
21.634000 20.692336 -1.937024 
21.634000 20.792336 -1.936990 
21.634000 20.892336 -1.936978 
21.634000 20.992336 -1.936989 
21.634000 21.092336 -1.937020 
21.634000 21.192336 -1.937063 
21.634000 21.292336 -1.937103 
21.634000 21.392336 -1.937132 
21.634000 21.492336 -1.937139 
21.634000 21.592336 -1.937122 
21.634000 21.692336 -1.937083 
21.634000 21.792336 -1.937032 
21.634000 21.892336 -1.936979 
21.634000 21.992336 -1.936937 
21.634000 22.092336 -1.936914 
21.734000 17.192336 -1.936989 
21.734000 17.292336 -1.937007 
21.734000 17.392336 -1.937040 
21.734000 17.492336 -1.937080 
21.734000 17.592336 -1.937117 
21.734000 17.692336 -1.937139 
21.734000 17.792336 -1.937139 
21.734000 17.892336 -1.937115 
21.734000 17.992336 -1.937070 
21.734000 18.092336 -1.937013 
21.734000 18.192336 -1.936957 
21.734000 18.292336 -1.936915 
21.734000 18.392336 -1.936897 
21.734000 18.492336 -1.936908 
21.734000 18.592336 -1.936946 
21.734000 18.692336 -1.937004 
21.734000 18.792336 -1.937070 
21.734000 18.892336 -1.937132 
21.734000 18.992336 -1.937177 
21.734000 19.092336 -1.937199 
21.734000 19.192336 -1.937198 
21.734000 19.292336 -1.937177 
21.734000 19.392336 -1.937147 
21.734000 19.492336 -1.937117 
21.734000 19.592336 -1.937099 
21.734000 19.692336 -1.937098 
21.734000 19.792336 -1.937114 
21.734000 19.892336 -1.937143 
21.734000 19.992336 -1.937174 
21.734000 20.092336 -1.937196 
21.734000 20.192336 -1.937200 
21.734000 20.292336 -1.937181 
21.734000 20.392336 -1.937138 
21.734000 20.492336 -1.937078 
21.734000 20.592336 -1.937012 
21.734000 20.692336 -1.936952 
21.734000 20.792336 -1.936911 
21.734000 20.892336 -1.936897 
21.734000 20.992336 -1.936912 
21.734000 21.092336 -1.936951 
21.734000 21.192336 -1.937006 
21.734000 21.292336 -1.937063 
21.734000 21.392336 -1.937110 
21.734000 21.492336 -1.937137 
21.734000 21.592336 -1.937140 
21.734000 21.692336 -1.937120 
21.734000 21.792336 -1.937085 
21.734000 21.892336 -1.937045 
21.734000 21.992336 -1.937011 
21.734000 22.092336 -1.936991 
21.834000 17.192336 -1.937049 
21.834000 17.292336 -1.937065 
21.834000 17.392336 -1.937092 
21.834000 17.492336 -1.937123 
21.834000 17.592336 -1.937147 
21.834000 17.692336 -1.937154 
21.834000 17.792336 -1.937139 
21.834000 17.892336 -1.937099 
21.834000 17.992336 -1.937039 
21.834000 18.092336 -1.936969 
21.834000 18.192336 -1.936903 
21.834000 18.292336 -1.936854 
21.834000 18.392336 -1.936833 
21.834000 18.492336 -1.936844 
21.834000 18.592336 -1.936887 
21.834000 18.692336 -1.936954 
21.834000 18.792336 -1.937032 
21.834000 18.892336 -1.937107 
21.834000 18.992336 -1.937168 
21.834000 19.092336 -1.937206 
21.834000 19.192336 -1.937220 
21.834000 19.292336 -1.937213 
21.834000 19.392336 -1.937194 
21.834000 19.492336 -1.937172 
21.834000 19.592336 -1.937159 
21.834000 19.692336 -1.937158 
21.834000 19.792336 -1.937170 
21.834000 19.892336 -1.937191 
21.834000 19.992336 -1.937211 
21.834000 20.092336 -1.937220 
21.834000 20.192336 -1.937209 
21.834000 20.292336 -1.937174 
21.834000 20.392336 -1.937116 
21.834000 20.492336 -1.937042 
21.834000 20.592336 -1.936963 
21.834000 20.692336 -1.936895 
21.834000 20.792336 -1.936848 
21.834000 20.892336 -1.936833 
21.834000 20.992336 -1.936850 
21.834000 21.092336 -1.936896 
21.834000 21.192336 -1.936961 
21.834000 21.292336 -1.937031 
21.834000 21.392336 -1.937092 
21.834000 21.492336 -1.937135 
21.834000 21.592336 -1.937154 
21.834000 21.692336 -1.937149 
21.834000 21.792336 -1.937126 
21.834000 21.892336 -1.937096 
21.834000 21.992336 -1.937068 
21.834000 22.092336 -1.937051 
21.934000 17.192336 -1.937080 
21.934000 17.292336 -1.937095 
21.934000 17.392336 -1.937119 
21.934000 17.492336 -1.937144 
21.934000 17.592336 -1.937162 
21.934000 17.692336 -1.937161 
21.934000 17.792336 -1.937138 
21.934000 17.892336 -1.937089 
21.934000 17.992336 -1.937021 
21.934000 18.092336 -1.936944 
21.934000 18.192336 -1.936873 
21.934000 18.292336 -1.936820 
21.934000 18.392336 -1.936797 
21.934000 18.492336 -1.936809 
21.934000 18.592336 -1.936855 
21.934000 18.692336 -1.936926 
21.934000 18.792336 -1.937010 
21.934000 18.892336 -1.937093 
21.934000 18.992336 -1.937162 
21.934000 19.092336 -1.937209 
21.934000 19.192336 -1.937231 
21.934000 19.292336 -1.937231 
21.934000 19.392336 -1.937218 
21.934000 19.492336 -1.937201 
21.934000 19.592336 -1.937189 
21.934000 19.692336 -1.937189 
21.934000 19.792336 -1.937199 
21.934000 19.892336 -1.937216 
21.934000 19.992336 -1.937230 
21.934000 20.092336 -1.937232 
21.934000 20.192336 -1.937213 
21.934000 20.292336 -1.937169 
21.934000 20.392336 -1.937102 
21.934000 20.492336 -1.937021 
21.934000 20.592336 -1.936936 
21.934000 20.692336 -1.936862 
21.934000 20.792336 -1.936813 
21.934000 20.892336 -1.936797 
21.934000 20.992336 -1.936816 
21.934000 21.092336 -1.936865 
21.934000 21.192336 -1.936935 
21.934000 21.292336 -1.937012 
21.934000 21.392336 -1.937082 
21.934000 21.492336 -1.937133 
21.934000 21.592336 -1.937160 
21.934000 21.692336 -1.937163 
21.934000 21.792336 -1.937147 
21.934000 21.892336 -1.937122 
21.934000 21.992336 -1.937098 
21.934000 22.092336 -1.937082 
22.034000 17.192336 -1.937076 
22.034000 17.292336 -1.937091 
22.034000 17.392336 -1.937115 
22.034000 17.492336 -1.937140 
22.034000 17.592336 -1.937158 
22.034000 17.692336 -1.937158 
22.034000 17.792336 -1.937135 
22.034000 17.892336 -1.937087 
22.034000 17.992336 -1.937019 
22.034000 18.092336 -1.936943 
22.034000 18.192336 -1.936872 
22.034000 18.292336 -1.936819 
22.034000 18.392336 -1.936796 
22.034000 18.492336 -1.936808 
22.034000 18.592336 -1.936854 
22.034000 18.692336 -1.936925 
22.034000 18.792336 -1.937008 
22.034000 18.892336 -1.937091 
22.034000 18.992336 -1.937160 
22.034000 19.092336 -1.937206 
22.034000 19.192336 -1.937227 
22.034000 19.292336 -1.937227 
22.034000 19.392336 -1.937213 
22.034000 19.492336 -1.937196 
22.034000 19.592336 -1.937185 
22.034000 19.692336 -1.937184 
22.034000 19.792336 -1.937195 
22.034000 19.892336 -1.937211 
22.034000 19.992336 -1.937226 
22.034000 20.092336 -1.937228 
22.034000 20.192336 -1.937210 
22.034000 20.292336 -1.937166 
22.034000 20.392336 -1.937100 
22.034000 20.492336 -1.937019 
22.034000 20.592336 -1.936934 
22.034000 20.692336 -1.936861 
22.034000 20.792336 -1.936812 
22.034000 20.892336 -1.936796 
22.034000 20.992336 -1.936815 
22.034000 21.092336 -1.936864 
22.034000 21.192336 -1.936934 
22.034000 21.292336 -1.937010 
22.034000 21.392336 -1.937079 
22.034000 21.492336 -1.937130 
22.034000 21.592336 -1.937157 
22.034000 21.692336 -1.937159 
22.034000 21.792336 -1.937143 
22.034000 21.892336 -1.937118 
22.034000 21.992336 -1.937093 
22.034000 22.092336 -1.937077 
22.134000 17.192336 -1.937036 
22.134000 17.292336 -1.937052 
22.134000 17.392336 -1.937080 
22.134000 17.492336 -1.937111 
22.134000 17.592336 -1.937136 
22.134000 17.692336 -1.937145 
22.134000 17.792336 -1.937130 
22.134000 17.892336 -1.937092 
22.134000 17.992336 -1.937033 
22.134000 18.092336 -1.936964 
22.134000 18.192336 -1.936899 
22.134000 18.292336 -1.936851 
22.134000 18.392336 -1.936830 
22.134000 18.492336 -1.936841 
22.134000 18.592336 -1.936884 
22.134000 18.692336 -1.936950 
22.134000 18.792336 -1.937027 
22.134000 18.892336 -1.937101 
22.134000 18.992336 -1.937160 
22.134000 19.092336 -1.937197 
22.134000 19.192336 -1.937210 
22.134000 19.292336 -1.937201 
22.134000 19.392336 -1.937181 
22.134000 19.492336 -1.937160 
22.134000 19.592336 -1.937145 
22.134000 19.692336 -1.937145 
22.134000 19.792336 -1.937157 
22.134000 19.892336 -1.937179 
22.134000 19.992336 -1.937199 
22.134000 20.092336 -1.937210 
22.134000 20.192336 -1.937200 
22.134000 20.292336 -1.937166 
22.134000 20.392336 -1.937109 
22.134000 20.492336 -1.937036 
22.134000 20.592336 -1.936959 
22.134000 20.692336 -1.936891 
22.134000 20.792336 -1.936845 
22.134000 20.892336 -1.936829 
22.134000 20.992336 -1.936847 
22.134000 21.092336 -1.936892 
22.134000 21.192336 -1.936956 
22.134000 21.292336 -1.937025 
22.134000 21.392336 -1.937085 
22.134000 21.492336 -1.937127 
22.134000 21.592336 -1.937144 
22.134000 21.692336 -1.937138 
22.134000 21.792336 -1.937115 
22.134000 21.892336 -1.937083 
22.134000 21.992336 -1.937055 
22.134000 22.092336 -1.937037 
22.234000 17.192336 -1.936968 
22.234000 17.292336 -1.936987 
22.234000 17.392336 -1.937020 
22.234000 17.492336 -1.937061 
22.234000 17.592336 -1.937099 
22.234000 17.692336 -1.937123 
22.234000 17.792336 -1.937125 
22.234000 17.892336 -1.937102 
22.234000 17.992336 -1.937059 
22.234000 18.092336 -1.937004 
22.234000 18.192336 -1.936950 
22.234000 18.292336 -1.936909 
22.234000 18.392336 -1.936891 
22.234000 18.492336 -1.936901 
22.234000 18.592336 -1.936939 
22.234000 18.692336 -1.936996 
22.234000 18.792336 -1.937061 
22.234000 18.892336 -1.937121 
22.234000 18.992336 -1.937164 
22.234000 19.092336 -1.937184 
22.234000 19.192336 -1.937181 
22.234000 19.292336 -1.937159 
22.234000 19.392336 -1.937127 
22.234000 19.492336 -1.937097 
22.234000 19.592336 -1.937078 
22.234000 19.692336 -1.937077 
22.234000 19.792336 -1.937094 
22.234000 19.892336 -1.937123 
22.234000 19.992336 -1.937155 
22.234000 20.092336 -1.937179 
22.234000 20.192336 -1.937185 
22.234000 20.292336 -1.937168 
22.234000 20.392336 -1.937127 
22.234000 20.492336 -1.937069 
22.234000 20.592336 -1.937004 
22.234000 20.692336 -1.936945 
22.234000 20.792336 -1.936905 
22.234000 20.892336 -1.936890 
22.234000 20.992336 -1.936905 
22.234000 21.092336 -1.936944 
22.234000 21.192336 -1.936997 
22.234000 21.292336 -1.937053 
22.234000 21.392336 -1.937098 
22.234000 21.492336 -1.937123 
22.234000 21.592336 -1.937124 
22.234000 21.692336 -1.937103 
22.234000 21.792336 -1.937066 
22.234000 21.892336 -1.937025 
22.234000 21.992336 -1.936990 
22.234000 22.092336 -1.936970 
22.334000 17.192336 -1.936885 
22.334000 17.292336 -1.936906 
22.334000 17.392336 -1.936947 
22.334000 17.492336 -1.937000 
22.334000 17.592336 -1.937054 
22.334000 17.692336 -1.937096 
22.334000 17.792336 -1.937118 
22.334000 17.892336 -1.937116 
22.334000 17.992336 -1.937092 
22.334000 18.092336 -1.937054 
22.334000 18.192336 -1.937013 
22.334000 18.292336 -1.936981 
22.334000 18.392336 -1.936967 
22.334000 18.492336 -1.936976 
22.334000 18.592336 -1.937008 
22.334000 18.692336 -1.937054 
22.334000 18.792336 -1.937104 
22.334000 18.892336 -1.937145 
22.334000 18.992336 -1.937169 
22.334000 19.092336 -1.937169 
22.334000 19.192336 -1.937146 
22.334000 19.292336 -1.937106 
22.334000 19.392336 -1.937060 
22.334000 19.492336 -1.937020 
22.334000 19.592336 -1.936996 
22.334000 19.692336 -1.936994 
22.334000 19.792336 -1.937016 
22.334000 19.892336 -1.937055 
22.334000 19.992336 -1.937101 
22.334000 20.092336 -1.937142 
22.334000 20.192336 -1.937167 
22.334000 20.292336 -1.937170 
22.334000 20.392336 -1.937149 
22.334000 20.492336 -1.937109 
22.334000 20.592336 -1.937060 
22.334000 20.692336 -1.937013 
22.334000 20.792336 -1.936979 
22.334000 20.892336 -1.936967 
22.334000 20.992336 -1.936978 
22.334000 21.092336 -1.937008 
22.334000 21.192336 -1.937049 
22.334000 21.292336 -1.937088 
22.334000 21.392336 -1.937114 
22.334000 21.492336 -1.937119 
22.334000 21.592336 -1.937100 
22.334000 21.692336 -1.937060 
22.334000 21.792336 -1.937007 
22.334000 21.892336 -1.936953 
22.334000 21.992336 -1.936910 
22.334000 22.092336 -1.936886 
22.434000 17.192336 -1.936801 
22.434000 17.292336 -1.936825 
22.434000 17.392336 -1.936874 
22.434000 17.492336 -1.936939 
22.434000 17.592336 -1.937009 
22.434000 17.692336 -1.937070 
22.434000 17.792336 -1.937112 
22.434000 17.892336 -1.937130 
22.434000 17.992336 -1.937125 
22.434000 18.092336 -1.937103 
22.434000 18.192336 -1.937076 
22.434000 18.292336 -1.937052 
22.434000 18.392336 -1.937043 
22.434000 18.492336 -1.937051 
22.434000 18.592336 -1.937076 
22.434000 18.692336 -1.937111 
22.434000 18.792336 -1.937146 
22.434000 18.892336 -1.937170 
22.434000 18.992336 -1.937174 
22.434000 19.092336 -1.937154 
22.434000 19.192336 -1.937111 
22.434000 19.292336 -1.937053 
22.434000 19.392336 -1.936993 
22.434000 19.492336 -1.936942 
22.434000 19.592336 -1.936913 
22.434000 19.692336 -1.936911 
22.434000 19.792336 -1.936938 
22.434000 19.892336 -1.936986 
22.434000 19.992336 -1.937046 
22.434000 20.092336 -1.937104 
22.434000 20.192336 -1.937149 
22.434000 20.292336 -1.937173 
22.434000 20.392336 -1.937172 
22.434000 20.492336 -1.937150 
22.434000 20.592336 -1.937115 
22.434000 20.692336 -1.937080 
22.434000 20.792336 -1.937053 
22.434000 20.892336 -1.937043 
22.434000 20.992336 -1.937050 
22.434000 21.092336 -1.937072 
22.434000 21.192336 -1.937100 
22.434000 21.292336 -1.937123 
22.434000 21.392336 -1.937130 
22.434000 21.492336 -1.937115 
22.434000 21.592336 -1.937076 
22.434000 21.692336 -1.937017 
22.434000 21.792336 -1.936948 
22.434000 21.892336 -1.936881 
22.434000 21.992336 -1.936830 
22.434000 22.092336 -1.936803 
22.534000 17.192336 -1.936733 
22.534000 17.292336 -1.936759 
22.534000 17.392336 -1.936814 
22.534000 17.492336 -1.936889 
22.534000 17.592336 -1.936971 
22.534000 17.692336 -1.937047 
22.534000 17.792336 -1.937105 
22.534000 17.892336 -1.937140 
22.534000 17.992336 -1.937150 
22.534000 18.092336 -1.937142 
22.534000 18.192336 -1.937125 
22.534000 18.292336 -1.937109 
22.534000 18.392336 -1.937102 
22.534000 18.492336 -1.937110 
22.534000 18.592336 -1.937130 
22.534000 18.692336 -1.937156 
22.534000 18.792336 -1.937179 
22.534000 18.892336 -1.937189 
22.534000 18.992336 -1.937177 
22.534000 19.092336 -1.937140 
22.534000 19.192336 -1.937081 
22.534000 19.292336 -1.937010 
22.534000 19.392336 -1.936938 
22.534000 19.492336 -1.936879 
22.534000 19.592336 -1.936845 
22.534000 19.692336 -1.936843 
22.534000 19.792336 -1.936874 
22.534000 19.892336 -1.936930 
22.534000 19.992336 -1.937001 
22.534000 20.092336 -1.937073 
22.534000 20.192336 -1.937134 
22.534000 20.292336 -1.937173 
22.534000 20.392336 -1.937188 
22.534000 20.492336 -1.937181 
22.534000 20.592336 -1.937159 
22.534000 20.692336 -1.937133 
22.534000 20.792336 -1.937112 
22.534000 20.892336 -1.937103 
22.534000 20.992336 -1.937108 
22.534000 21.092336 -1.937123 
22.534000 21.192336 -1.937140 
22.534000 21.292336 -1.937150 
22.534000 21.392336 -1.937142 
22.534000 21.492336 -1.937111 
22.534000 21.592336 -1.937055 
22.534000 21.692336 -1.936981 
22.534000 21.792336 -1.936899 
22.534000 21.892336 -1.936822 
22.534000 21.992336 -1.936764 
22.534000 22.092336 -1.936734 
22.634000 17.192336 -1.936692 
22.634000 17.292336 -1.936719 
22.634000 17.392336 -1.936777 
22.634000 17.492336 -1.936858 
22.634000 17.592336 -1.936948 
22.634000 17.692336 -1.937032 
22.634000 17.792336 -1.937100 
22.634000 17.892336 -1.937143 
22.634000 17.992336 -1.937163 
22.634000 18.092336 -1.937162 
22.634000 18.192336 -1.937151 
22.634000 18.292336 -1.937139 
22.634000 18.392336 -1.937134 
22.634000 18.492336 -1.937141 
22.634000 18.592336 -1.937158 
22.634000 18.692336 -1.937180 
22.634000 18.792336 -1.937196 
22.634000 18.892336 -1.937197 
22.634000 18.992336 -1.937176 
22.634000 19.092336 -1.937130 
22.634000 19.192336 -1.937063 
22.634000 19.292336 -1.936983 
22.634000 19.392336 -1.936905 
22.634000 19.492336 -1.936841 
22.634000 19.592336 -1.936805 
22.634000 19.692336 -1.936803 
22.634000 19.792336 -1.936835 
22.634000 19.892336 -1.936896 
22.634000 19.992336 -1.936973 
22.634000 20.092336 -1.937054 
22.634000 20.192336 -1.937123 
22.634000 20.292336 -1.937172 
22.634000 20.392336 -1.937196 
22.634000 20.492336 -1.937197 
22.634000 20.592336 -1.937182 
22.634000 20.692336 -1.937161 
22.634000 20.792336 -1.937143 
22.634000 20.892336 -1.937135 
22.634000 20.992336 -1.937138 
22.634000 21.092336 -1.937149 
22.634000 21.192336 -1.937161 
22.634000 21.292336 -1.937163 
22.634000 21.392336 -1.937147 
22.634000 21.492336 -1.937106 
22.634000 21.592336 -1.937041 
22.634000 21.692336 -1.936959 
22.634000 21.792336 -1.936869 
22.634000 21.892336 -1.936786 
22.634000 21.992336 -1.936725 
22.634000 22.092336 -1.936694 
22.734000 17.192336 -1.936686 
22.734000 17.292336 -1.936713 
22.734000 17.392336 -1.936772 
22.734000 17.492336 -1.936852 
22.734000 17.592336 -1.936942 
22.734000 17.692336 -1.937027 
22.734000 17.792336 -1.937095 
22.734000 17.892336 -1.937139 
22.734000 17.992336 -1.937159 
22.734000 18.092336 -1.937158 
22.734000 18.192336 -1.937147 
22.734000 18.292336 -1.937136 
22.734000 18.392336 -1.937131 
22.734000 18.492336 -1.937138 
22.734000 18.592336 -1.937155 
22.734000 18.692336 -1.937176 
22.734000 18.792336 -1.937192 
22.734000 18.892336 -1.937193 
22.734000 18.992336 -1.937172 
22.734000 19.092336 -1.937125 
22.734000 19.192336 -1.937058 
22.734000 19.292336 -1.936978 
22.734000 19.392336 -1.936899 
22.734000 19.492336 -1.936835 
22.734000 19.592336 -1.936799 
22.734000 19.692336 -1.936797 
22.734000 19.792336 -1.936829 
22.734000 19.892336 -1.936890 
22.734000 19.992336 -1.936968 
22.734000 20.092336 -1.937048 
22.734000 20.192336 -1.937118 
22.734000 20.292336 -1.937167 
22.734000 20.392336 -1.937192 
22.734000 20.492336 -1.937193 
22.734000 20.592336 -1.937179 
22.734000 20.692336 -1.937157 
22.734000 20.792336 -1.937140 
22.734000 20.892336 -1.937131 
22.734000 20.992336 -1.937135 
22.734000 21.092336 -1.937146 
22.734000 21.192336 -1.937157 
22.734000 21.292336 -1.937159 
22.734000 21.392336 -1.937143 
22.734000 21.492336 -1.937102 
22.734000 21.592336 -1.937036 
22.734000 21.692336 -1.936953 
22.734000 21.792336 -1.936863 
22.734000 21.892336 -1.936780 
22.734000 21.992336 -1.936719 
22.734000 22.092336 -1.936688 
22.834000 17.192336 -1.936715 
22.834000 17.292336 -1.936741 
22.834000 17.392336 -1.936796 
22.834000 17.492336 -1.936872 
22.834000 17.592336 -1.936955 
22.834000 17.692336 -1.937032 
22.834000 17.792336 -1.937091 
22.834000 17.892336 -1.937127 
22.834000 17.992336 -1.937138 
22.834000 18.092336 -1.937131 
22.834000 18.192336 -1.937114 
22.834000 18.292336 -1.937099 
22.834000 18.392336 -1.937092 
22.834000 18.492336 -1.937100 
22.834000 18.592336 -1.937119 
22.834000 18.692336 -1.937145 
22.834000 18.792336 -1.937168 
22.834000 18.892336 -1.937176 
22.834000 18.992336 -1.937163 
22.834000 19.092336 -1.937125 
22.834000 19.192336 -1.937066 
22.834000 19.292336 -1.936993 
22.834000 19.392336 -1.936921 
22.834000 19.492336 -1.936861 
22.834000 19.592336 -1.936827 
22.834000 19.692336 -1.936825 
22.834000 19.792336 -1.936856 
22.834000 19.892336 -1.936912 
22.834000 19.992336 -1.936984 
22.834000 20.092336 -1.937058 
22.834000 20.192336 -1.937119 
22.834000 20.292336 -1.937160 
22.834000 20.392336 -1.937176 
22.834000 20.492336 -1.937169 
22.834000 20.592336 -1.937148 
22.834000 20.692336 -1.937122 
22.834000 20.792336 -1.937102 
22.834000 20.892336 -1.937093 
22.834000 20.992336 -1.937097 
22.834000 21.092336 -1.937112 
22.834000 21.192336 -1.937129 
22.834000 21.292336 -1.937138 
22.834000 21.392336 -1.937129 
22.834000 21.492336 -1.937097 
22.834000 21.592336 -1.937040 
22.834000 21.692336 -1.936965 
22.834000 21.792336 -1.936882 
22.834000 21.892336 -1.936804 
22.834000 21.992336 -1.936746 
22.834000 22.092336 -1.936716 
22.934000 17.192336 -1.936772 
22.934000 17.292336 -1.936796 
22.934000 17.392336 -1.936845 
22.934000 17.492336 -1.936911 
22.934000 17.592336 -1.936982 
22.934000 17.692336 -1.937044 
22.934000 17.792336 -1.937088 
22.934000 17.892336 -1.937108 
22.934000 17.992336 -1.937104 
22.934000 18.092336 -1.937084 
22.934000 18.192336 -1.937057 
22.934000 18.292336 -1.937034 
22.934000 18.392336 -1.937025 
22.934000 18.492336 -1.937033 
22.934000 18.592336 -1.937058 
22.934000 18.692336 -1.937092 
22.934000 18.792336 -1.937126 
22.934000 18.892336 -1.937149 
22.934000 18.992336 -1.937151 
22.934000 19.092336 -1.937129 
22.934000 19.192336 -1.937085 
22.934000 19.292336 -1.937026 
22.934000 19.392336 -1.936965 
22.934000 19.492336 -1.936914 
22.934000 19.592336 -1.936884 
22.934000 19.692336 -1.936882 
22.934000 19.792336 -1.936909 
22.934000 19.892336 -1.936958 
22.934000 19.992336 -1.937019 
22.934000 20.092336 -1.937079 
22.934000 20.192336 -1.937125 
22.934000 20.292336 -1.937150 
22.934000 20.392336 -1.937150 
22.934000 20.492336 -1.937130 
22.934000 20.592336 -1.937096 
22.934000 20.692336 -1.937062 
22.934000 20.792336 -1.937035 
22.934000 20.892336 -1.937025 
22.934000 20.992336 -1.937032 
22.934000 21.092336 -1.937054 
22.934000 21.192336 -1.937081 
22.934000 21.292336 -1.937103 
22.934000 21.392336 -1.937108 
22.934000 21.492336 -1.937092 
22.934000 21.592336 -1.937051 
22.934000 21.692336 -1.936990 
22.934000 21.792336 -1.936920 
22.934000 21.892336 -1.936853 
22.934000 21.992336 -1.936801 
22.934000 22.092336 -1.936773 
23.034000 17.192336 -1.936846 
23.034000 17.292336 -1.936867 
23.034000 17.392336 -1.936909 
23.034000 17.492336 -1.936963 
23.034000 17.592336 -1.937018 
23.034000 17.692336 -1.937062 
23.034000 17.792336 -1.937085 
23.034000 17.892336 -1.937085 
23.034000 17.992336 -1.937062 
23.034000 18.092336 -1.937026 
23.034000 18.192336 -1.936985 
23.034000 18.292336 -1.936954 
23.034000 18.392336 -1.936941 
23.034000 18.492336 -1.936950 
23.034000 18.592336 -1.936981 
23.034000 18.692336 -1.937026 
23.034000 18.792336 -1.937075 
23.034000 18.892336 -1.937115 
23.034000 18.992336 -1.937137 
23.034000 19.092336 -1.937135 
23.034000 19.192336 -1.937111 
23.034000 19.292336 -1.937069 
23.034000 19.392336 -1.937022 
23.034000 19.492336 -1.936981 
23.034000 19.592336 -1.936956 
23.034000 19.692336 -1.936955 
23.034000 19.792336 -1.936977 
23.034000 19.892336 -1.937016 
23.034000 19.992336 -1.937064 
23.034000 20.092336 -1.937106 
23.034000 20.192336 -1.937133 
23.034000 20.292336 -1.937138 
23.034000 20.392336 -1.937119 
23.034000 20.492336 -1.937080 
23.034000 20.592336 -1.937032 
23.034000 20.692336 -1.936986 
23.034000 20.792336 -1.936953 
23.034000 20.892336 -1.936940 
23.034000 20.992336 -1.936951 
23.034000 21.092336 -1.936981 
23.034000 21.192336 -1.937021 
23.034000 21.292336 -1.937059 
23.034000 21.392336 -1.937083 
23.034000 21.492336 -1.937087 
23.034000 21.592336 -1.937066 
23.034000 21.692336 -1.937024 
23.034000 21.792336 -1.936970 
23.034000 21.892336 -1.936915 
23.034000 21.992336 -1.936871 
23.034000 22.092336 -1.936847 
23.134000 17.192336 -1.936920 
23.134000 17.292336 -1.936939 
23.134000 17.392336 -1.936973 
23.134000 17.492336 -1.937015 
23.134000 17.592336 -1.937054 
23.134000 17.692336 -1.937079 
23.134000 17.792336 -1.937082 
23.134000 17.892336 -1.937062 
23.134000 17.992336 -1.937020 
23.134000 18.092336 -1.936966 
23.134000 18.192336 -1.936912 
23.134000 18.292336 -1.936872 
23.134000 18.392336 -1.936854 
23.134000 18.492336 -1.936865 
23.134000 18.592336 -1.936902 
23.134000 18.692336 -1.936958 
23.134000 18.792336 -1.937022 
23.134000 18.892336 -1.937080 
23.134000 18.992336 -1.937122 
23.134000 19.092336 -1.937141 
23.134000 19.192336 -1.937136 
23.134000 19.292336 -1.937113 
23.134000 19.392336 -1.937080 
23.134000 19.492336 -1.937049 
23.134000 19.592336 -1.937030 
23.134000 19.692336 -1.937029 
23.134000 19.792336 -1.937046 
23.134000 19.892336 -1.937076 
23.134000 19.992336 -1.937109 
23.134000 20.092336 -1.937134 
23.134000 20.192336 -1.937142 
23.134000 20.292336 -1.937126 
23.134000 20.392336 -1.937087 
23.134000 20.492336 -1.937030 
23.134000 20.592336 -1.936966 
23.134000 20.692336 -1.936908 
23.134000 20.792336 -1.936868 
23.134000 20.892336 -1.936854 
23.134000 20.992336 -1.936868 
23.134000 21.092336 -1.936907 
23.134000 21.192336 -1.936959 
23.134000 21.292336 -1.937014 
23.134000 21.392336 -1.937057 
23.134000 21.492336 -1.937081 
23.134000 21.592336 -1.937081 
23.134000 21.692336 -1.937058 
23.134000 21.792336 -1.937020 
23.134000 21.892336 -1.936978 
23.134000 21.992336 -1.936942 
23.134000 22.092336 -1.936921 
23.234000 17.192336 -1.936980 
23.234000 17.292336 -1.936997 
23.234000 17.392336 -1.937024 
23.234000 17.492336 -1.937056 
23.234000 17.592336 -1.937082 
23.234000 17.692336 -1.937092 
23.234000 17.792336 -1.937079 
23.234000 17.892336 -1.937041 
23.234000 17.992336 -1.936983 
23.234000 18.092336 -1.936916 
23.234000 18.192336 -1.936851 
23.234000 18.292336 -1.936803 
23.234000 18.392336 -1.936782 
23.234000 18.492336 -1.936794 
23.234000 18.592336 -1.936836 
23.234000 18.692336 -1.936901 
23.234000 18.792336 -1.936977 
23.234000 18.892336 -1.937051 
23.234000 18.992336 -1.937109 
23.234000 19.092336 -1.937145 
23.234000 19.192336 -1.937156 
23.234000 19.292336 -1.937147 
23.234000 19.392336 -1.937126 
23.234000 19.492336 -1.937104 
23.234000 19.592336 -1.937089 
23.234000 19.692336 -1.937088 
23.234000 19.792336 -1.937101 
23.234000 19.892336 -1.937123 
23.234000 19.992336 -1.937145 
23.234000 20.092336 -1.937156 
23.234000 20.192336 -1.937147 
23.234000 20.292336 -1.937115 
23.234000 20.392336 -1.937059 
23.234000 20.492336 -1.936987 
23.234000 20.592336 -1.936910 
23.234000 20.692336 -1.936843 
23.234000 20.792336 -1.936797 
23.234000 20.892336 -1.936782 
23.234000 20.992336 -1.936799 
23.234000 21.092336 -1.936844 
23.234000 21.192336 -1.936907 
23.234000 21.292336 -1.936975 
23.234000 21.392336 -1.937035 
23.234000 21.492336 -1.937075 
23.234000 21.592336 -1.937091 
23.234000 21.692336 -1.937084 
23.234000 21.792336 -1.937060 
23.234000 21.892336 -1.937028 
23.234000 21.992336 -1.936999 
23.234000 22.092336 -1.936981 
23.334000 17.192336 -1.937013 
23.334000 17.292336 -1.937028 
23.334000 17.392336 -1.937052 
23.334000 17.492336 -1.937078 
23.334000 17.592336 -1.937096 
23.334000 17.692336 -1.937097 
23.334000 17.792336 -1.937073 
23.334000 17.892336 -1.937026 
23.334000 17.992336 -1.936959 
23.334000 18.092336 -1.936883 
23.334000 18.192336 -1.936812 
23.334000 18.292336 -1.936759 
23.334000 18.392336 -1.936737 
23.334000 18.492336 -1.936749 
23.334000 18.592336 -1.936794 
23.334000 18.692336 -1.936865 
23.334000 18.792336 -1.936948 
23.334000 18.892336 -1.937030 
23.334000 18.992336 -1.937098 
23.334000 19.092336 -1.937144 
23.334000 19.192336 -1.937165 
23.334000 19.292336 -1.937165 
23.334000 19.392336 -1.937151 
23.334000 19.492336 -1.937133 
23.334000 19.592336 -1.937122 
23.334000 19.692336 -1.937121 
23.334000 19.792336 -1.937132 
23.334000 19.892336 -1.937149 
23.334000 19.992336 -1.937163 
23.334000 20.092336 -1.937166 
23.334000 20.192336 -1.937148 
23.334000 20.292336 -1.937105 
23.334000 20.392336 -1.937039 
23.334000 20.492336 -1.936958 
23.334000 20.592336 -1.936874 
23.334000 20.692336 -1.936801 
23.334000 20.792336 -1.936752 
23.334000 20.892336 -1.936736 
23.334000 20.992336 -1.936755 
23.334000 21.092336 -1.936804 
23.334000 21.192336 -1.936874 
23.334000 21.292336 -1.936950 
23.334000 21.392336 -1.937019 
23.334000 21.492336 -1.937069 
23.334000 21.592336 -1.937095 
23.334000 21.692336 -1.937097 
23.334000 21.792336 -1.937081 
23.334000 21.892336 -1.937055 
23.334000 21.992336 -1.937031 
23.334000 22.092336 -1.937014 
