18.000000 17.147303 -1.202932 
18.000000 17.247303 -1.202972 
18.000000 17.347303 -1.203073 
18.000000 17.447303 -1.203205 
18.000000 17.547303 -1.203328 
18.000000 17.647303 -1.203395 
18.000000 17.747303 -1.203364 
18.000000 17.847303 -1.203200 
18.000000 17.947303 -1.202889 
18.000000 18.047303 -1.202440 
18.000000 18.147303 -1.201883 
18.000000 18.247303 -1.201266 
18.000000 18.347303 -1.200652 
18.000000 18.447303 -1.200110 
18.000000 18.547303 -1.199701 
18.000000 18.647303 -1.199474 
18.000000 18.747303 -1.199457 
18.000000 18.847303 -1.199651 
18.000000 18.947303 -1.200034 
18.000000 19.047303 -1.200560 
18.000000 19.147303 -1.201169 
18.000000 19.247303 -1.201794 
18.000000 19.347303 -1.202370 
18.000000 19.447303 -1.202844 
18.000000 19.547303 -1.203183 
18.000000 19.647303 -1.203376 
18.000000 19.747303 -1.203433 
18.000000 19.847303 -1.203383 
18.000000 19.947303 -1.203270 
18.000000 20.047303 -1.203140 
18.000000 20.147303 -1.203035 
18.000000 20.247303 -1.202987 
18.000000 20.347303 -1.203008 
18.000000 20.447303 -1.203092 
18.000000 20.547303 -1.203214 
18.000000 20.647303 -1.203336 
18.000000 20.747303 -1.203410 
18.000000 20.847303 -1.203391 
18.000000 20.947303 -1.203246 
18.000000 21.047303 -1.202955 
18.000000 21.147303 -1.202522 
18.000000 21.247303 -1.201973 
18.000000 21.347303 -1.201356 
18.000000 21.447303 -1.200730 
18.000000 21.547303 -1.200164 
18.000000 21.647303 -1.199720 
18.000000 21.747303 -1.199452 
18.100000 17.147303 -1.202830 
18.100000 17.247303 -1.202873 
18.100000 17.347303 -1.202979 
18.100000 17.447303 -1.203122 
18.100000 17.547303 -1.203259 
18.100000 17.647303 -1.203344 
18.100000 17.747303 -1.203331 
18.100000 17.847303 -1.203188 
18.100000 17.947303 -1.202899 
18.100000 18.047303 -1.202471 
18.100000 18.147303 -1.201934 
18.100000 18.247303 -1.201335 
18.100000 18.347303 -1.200737 
18.100000 18.447303 -1.200208 
18.100000 18.547303 -1.199808 
18.100000 18.647303 -1.199586 
18.100000 18.747303 -1.199569 
18.100000 18.847303 -1.199759 
18.100000 18.947303 -1.200134 
18.100000 19.047303 -1.200648 
18.100000 19.147303 -1.201242 
18.100000 19.247303 -1.201848 
18.100000 19.347303 -1.202404 
18.100000 19.447303 -1.202857 
18.100000 19.547303 -1.203175 
18.100000 19.647303 -1.203347 
18.100000 19.747303 -1.203384 
18.100000 19.847303 -1.203317 
18.100000 19.947303 -1.203190 
18.100000 20.047303 -1.203048 
18.100000 20.147303 -1.202936 
18.100000 20.247303 -1.202885 
18.100000 20.347303 -1.202907 
18.100000 20.447303 -1.202997 
18.100000 20.547303 -1.203129 
18.100000 20.647303 -1.203264 
18.100000 20.747303 -1.203355 
18.100000 20.847303 -1.203355 
18.100000 20.947303 -1.203230 
18.100000 21.047303 -1.202961 
18.100000 21.147303 -1.202549 
18.100000 21.247303 -1.202021 
18.100000 21.347303 -1.201422 
18.100000 21.447303 -1.200813 
18.100000 21.547303 -1.200259 
18.100000 21.647303 -1.199826 
18.100000 21.747303 -1.199563 
18.200000 17.147303 -1.202528 
18.200000 17.247303 -1.202576 
18.200000 17.347303 -1.202701 
18.200000 17.447303 -1.202874 
18.200000 17.547303 -1.203051 
18.200000 17.647303 -1.203184 
18.200000 17.747303 -1.203227 
18.200000 17.847303 -1.203144 
18.200000 17.947303 -1.202917 
18.200000 18.047303 -1.202550 
18.200000 18.147303 -1.202071 
18.200000 18.247303 -1.201525 
18.200000 18.347303 -1.200973 
18.200000 18.447303 -1.200480 
18.200000 18.547303 -1.200105 
18.200000 18.647303 -1.199897 
18.200000 18.747303 -1.199881 
18.200000 18.847303 -1.200060 
18.200000 18.947303 -1.200411 
18.200000 19.047303 -1.200891 
18.200000 19.147303 -1.201441 
18.200000 19.247303 -1.201996 
18.200000 19.347303 -1.202494 
18.200000 19.447303 -1.202886 
18.200000 19.547303 -1.203142 
18.200000 19.647303 -1.203254 
18.200000 19.747303 -1.203234 
18.200000 19.847303 -1.203117 
18.200000 19.947303 -1.202948 
18.200000 20.047303 -1.202775 
18.200000 20.147303 -1.202642 
18.200000 20.247303 -1.202582 
18.200000 20.347303 -1.202609 
18.200000 20.447303 -1.202715 
18.200000 20.547303 -1.202875 
18.200000 20.647303 -1.203048 
18.200000 20.747303 -1.203186 
18.200000 20.847303 -1.203241 
18.200000 20.947303 -1.203175 
18.200000 21.047303 -1.202967 
18.200000 21.147303 -1.202617 
18.200000 21.247303 -1.202148 
18.200000 21.347303 -1.201604 
18.200000 21.447303 -1.201041 
18.200000 21.547303 -1.200526 
18.200000 21.647303 -1.200119 
18.200000 21.747303 -1.199872 
18.300000 17.147303 -1.202061 
18.300000 17.247303 -1.202119 
18.300000 17.347303 -1.202272 
18.300000 17.447303 -1.202491 
18.300000 17.547303 -1.202730 
18.300000 17.647303 -1.202938 
18.300000 17.747303 -1.203065 
18.300000 17.847303 -1.203074 
18.300000 17.947303 -1.202941 
18.300000 18.047303 -1.202669 
18.300000 18.147303 -1.202279 
18.300000 18.247303 -1.201814 
18.300000 18.347303 -1.201332 
18.300000 18.447303 -1.200894 
18.300000 18.547303 -1.200558 
18.300000 18.647303 -1.200370 
18.300000 18.747303 -1.200356 
18.300000 18.847303 -1.200518 
18.300000 18.947303 -1.200833 
18.300000 19.047303 -1.201260 
18.300000 19.147303 -1.201743 
18.300000 19.247303 -1.202218 
18.300000 19.347303 -1.202628 
18.300000 19.447303 -1.202927 
18.300000 19.547303 -1.203089 
18.300000 19.647303 -1.203108 
18.300000 19.747303 -1.203002 
18.300000 19.847303 -1.202808 
18.300000 19.947303 -1.202575 
18.300000 20.047303 -1.202352 
18.300000 20.147303 -1.202188 
18.300000 20.247303 -1.202116 
18.300000 20.347303 -1.202148 
18.300000 20.447303 -1.202280 
18.300000 20.547303 -1.202483 
18.300000 20.647303 -1.202715 
18.300000 20.747303 -1.202925 
18.300000 20.847303 -1.203064 
18.300000 20.947303 -1.203089 
18.300000 21.047303 -1.202975 
18.300000 21.147303 -1.202719 
18.300000 21.247303 -1.202341 
18.300000 21.347303 -1.201879 
18.300000 21.447303 -1.201388 
18.300000 21.547303 -1.200931 
18.300000 21.647303 -1.200567 
18.300000 21.747303 -1.200343 
18.400000 17.147303 -1.201486 
18.400000 17.247303 -1.201556 
18.400000 17.347303 -1.201745 
18.400000 17.447303 -1.202019 
18.400000 17.547303 -1.202334 
18.400000 17.647303 -1.202634 
18.400000 17.747303 -1.202866 
18.400000 17.847303 -1.202986 
18.400000 17.947303 -1.202970 
18.400000 18.047303 -1.202812 
18.400000 18.147303 -1.202532 
18.400000 18.247303 -1.202167 
18.400000 18.347303 -1.201770 
18.400000 18.447303 -1.201400 
18.400000 18.547303 -1.201112 
18.400000 18.647303 -1.200950 
18.400000 18.747303 -1.200937 
18.400000 18.847303 -1.201078 
18.400000 18.947303 -1.201350 
18.400000 19.047303 -1.201712 
18.400000 19.147303 -1.202112 
18.400000 19.247303 -1.202490 
18.400000 19.347303 -1.202792 
18.400000 19.447303 -1.202977 
18.400000 19.547303 -1.203022 
18.400000 19.647303 -1.202927 
18.400000 19.747303 -1.202716 
18.400000 19.847303 -1.202428 
18.400000 19.947303 -1.202115 
18.400000 20.047303 -1.201833 
18.400000 20.147303 -1.201631 
18.400000 20.247303 -1.201542 
18.400000 20.347303 -1.201582 
18.400000 20.447303 -1.201744 
18.400000 20.547303 -1.202000 
18.400000 20.647303 -1.202305 
18.400000 20.747303 -1.202604 
18.400000 20.847303 -1.202845 
18.400000 20.947303 -1.202981 
18.400000 21.047303 -1.202983 
18.400000 21.147303 -1.202843 
18.400000 21.247303 -1.202575 
18.400000 21.347303 -1.202215 
18.400000 21.447303 -1.201813 
18.400000 21.547303 -1.201427 
18.400000 21.647303 -1.201114 
18.400000 21.747303 -1.200920 
18.500000 17.147303 -1.200875 
18.500000 17.247303 -1.200957 
18.500000 17.347303 -1.201182 
18.500000 17.447303 -1.201517 
18.500000 17.547303 -1.201912 
18.500000 17.647303 -1.202309 
18.500000 17.747303 -1.202652 
18.500000 17.847303 -1.202893 
18.500000 17.947303 -1.203000 
18.500000 18.047303 -1.202965 
18.500000 18.147303 -1.202801 
18.500000 18.247303 -1.202542 
18.500000 18.347303 -1.202236 
18.500000 18.447303 -1.201938 
18.500000 18.547303 -1.201701 
18.500000 18.647303 -1.201566 
18.500000 18.747303 -1.201556 
18.500000 18.847303 -1.201673 
18.500000 18.947303 -1.201898 
18.500000 19.047303 -1.202192 
18.500000 19.147303 -1.202504 
18.500000 19.247303 -1.202778 
18.500000 19.347303 -1.202965 
18.500000 19.447303 -1.203028 
18.500000 19.547303 -1.202950 
18.500000 19.647303 -1.202735 
18.500000 19.747303 -1.202410 
18.500000 19.847303 -1.202022 
18.500000 19.947303 -1.201626 
18.500000 20.047303 -1.201280 
18.500000 20.147303 -1.201036 
18.500000 20.247303 -1.200931 
18.500000 20.347303 -1.200979 
18.500000 20.447303 -1.201174 
18.500000 20.547303 -1.201486 
18.500000 20.647303 -1.201867 
18.500000 20.747303 -1.202262 
18.500000 20.847303 -1.202611 
18.500000 20.947303 -1.202866 
18.500000 21.047303 -1.202991 
18.500000 21.147303 -1.202974 
18.500000 21.247303 -1.202824 
18.500000 21.347303 -1.202572 
18.500000 21.447303 -1.202264 
18.500000 21.547303 -1.201954 
18.500000 21.647303 -1.201695 
18.500000 21.747303 -1.201533 
18.600000 17.147303 -1.200300 
18.600000 17.247303 -1.200394 
18.600000 17.347303 -1.200654 
18.600000 17.447303 -1.201045 
18.600000 17.547303 -1.201516 
18.600000 17.647303 -1.202005 
18.600000 17.747303 -1.202452 
18.600000 17.847303 -1.202804 
18.600000 17.947303 -1.203028 
18.600000 18.047303 -1.203108 
18.600000 18.147303 -1.203053 
18.600000 18.247303 -1.202894 
18.600000 18.347303 -1.202673 
18.600000 18.447303 -1.202444 
18.600000 18.547303 -1.202254 
18.600000 18.647303 -1.202144 
18.600000 18.747303 -1.202136 
18.600000 18.847303 -1.202233 
18.600000 18.947303 -1.202414 
18.600000 19.047303 -1.202643 
18.600000 19.147303 -1.202872 
18.600000 19.247303 -1.203049 
18.600000 19.347303 -1.203128 
18.600000 19.447303 -1.203077 
18.600000 19.547303 -1.202882 
18.600000 19.647303 -1.202553 
18.600000 19.747303 -1.202123 
18.600000 19.847303 -1.201641 
18.600000 19.947303 -1.201166 
18.600000 20.047303 -1.200760 
18.600000 20.147303 -1.200478 
18.600000 20.247303 -1.200356 
18.600000 20.347303 -1.200412 
18.600000 20.447303 -1.200638 
18.600000 20.547303 -1.201002 
18.600000 20.647303 -1.201456 
18.600000 20.747303 -1.201940 
18.600000 20.847303 -1.202391 
18.600000 20.947303 -1.202757 
18.600000 21.047303 -1.202998 
18.600000 21.147303 -1.203097 
18.600000 21.247303 -1.203058 
18.600000 21.347303 -1.202907 
18.600000 21.447303 -1.202687 
18.600000 21.547303 -1.202449 
18.600000 21.647303 -1.202242 
18.600000 21.747303 -1.202109 
18.700000 17.147303 -1.199831 
18.700000 17.247303 -1.199935 
18.700000 17.347303 -1.200224 
18.700000 17.447303 -1.200661 
18.700000 17.547303 -1.201193 
18.700000 17.647303 -1.201757 
18.700000 17.747303 -1.202289 
18.700000 17.847303 -1.202733 
18.700000 17.947303 -1.203051 
18.700000 18.047303 -1.203225 
18.700000 18.147303 -1.203259 
18.700000 18.247303 -1.203181 
18.700000 18.347303 -1.203031 
18.700000 18.447303 -1.202856 
18.700000 18.547303 -1.202706 
18.700000 18.647303 -1.202616 
18.700000 18.747303 -1.202610 
18.700000 18.847303 -1.202689 
18.700000 18.947303 -1.202835 
18.700000 19.047303 -1.203011 
18.700000 19.147303 -1.203173 
18.700000 19.247303 -1.203271 
18.700000 19.347303 -1.203262 
18.700000 19.447303 -1.203117 
18.700000 19.547303 -1.202827 
18.700000 19.647303 -1.202406 
18.700000 19.747303 -1.201890 
18.700000 19.847303 -1.201330 
18.700000 19.947303 -1.200791 
18.700000 20.047303 -1.200337 
18.700000 20.147303 -1.200023 
18.700000 20.247303 -1.199888 
18.700000 20.347303 -1.199950 
18.700000 20.447303 -1.200201 
18.700000 20.547303 -1.200608 
18.700000 20.647303 -1.201121 
18.700000 20.747303 -1.201678 
18.700000 20.847303 -1.202213 
18.700000 20.947303 -1.202669 
18.700000 21.047303 -1.203005 
18.700000 21.147303 -1.203197 
18.700000 21.247303 -1.203249 
18.700000 21.347303 -1.203181 
18.700000 21.447303 -1.203033 
18.700000 21.547303 -1.202852 
18.700000 21.647303 -1.202688 
18.700000 21.747303 -1.202578 
18.800000 17.147303 -1.199527 
18.800000 17.247303 -1.199637 
18.800000 17.347303 -1.199944 
18.800000 17.447303 -1.200411 
18.800000 17.547303 -1.200983 
18.800000 17.647303 -1.201596 
18.800000 17.747303 -1.202183 
18.800000 17.847303 -1.202687 
18.800000 17.947303 -1.203067 
18.800000 18.047303 -1.203302 
18.800000 18.147303 -1.203395 
18.800000 18.247303 -1.203370 
18.800000 18.347303 -1.203265 
18.800000 18.447303 -1.203127 
18.800000 18.547303 -1.203001 
18.800000 18.647303 -1.202926 
18.800000 18.747303 -1.202921 
18.800000 18.847303 -1.202988 
18.800000 18.947303 -1.203110 
18.800000 19.047303 -1.203253 
18.800000 19.147303 -1.203370 
18.800000 19.247303 -1.203416 
18.800000 19.347303 -1.203350 
18.800000 19.447303 -1.203144 
18.800000 19.547303 -1.202792 
18.800000 19.647303 -1.202311 
18.800000 19.747303 -1.201738 
18.800000 19.847303 -1.201129 
18.800000 19.947303 -1.200548 
18.800000 20.047303 -1.200061 
18.800000 20.147303 -1.199727 
18.800000 20.247303 -1.199584 
18.800000 20.347303 -1.199650 
18.800000 20.447303 -1.199917 
18.800000 20.547303 -1.200353 
18.800000 20.647303 -1.200904 
18.800000 20.747303 -1.201508 
18.800000 20.847303 -1.202097 
18.800000 20.947303 -1.202613 
18.800000 21.047303 -1.203010 
18.800000 21.147303 -1.203264 
18.800000 21.247303 -1.203375 
18.800000 21.347303 -1.203361 
18.800000 21.447303 -1.203260 
18.800000 21.547303 -1.203117 
18.800000 21.647303 -1.202980 
18.800000 21.747303 -1.202886 
18.900000 17.147303 -1.199423 
18.900000 17.247303 -1.199536 
18.900000 17.347303 -1.199849 
18.900000 17.447303 -1.200326 
18.900000 17.547303 -1.200913 
18.900000 17.647303 -1.201543 
18.900000 17.747303 -1.202149 
18.900000 17.847303 -1.202674 
18.900000 17.947303 -1.203075 
18.900000 18.047303 -1.203331 
18.900000 18.147303 -1.203445 
18.900000 18.247303 -1.203438 
18.900000 18.347303 -1.203348 
18.900000 18.447303 -1.203223 
18.900000 18.547303 -1.203106 
18.900000 18.647303 -1.203035 
18.900000 18.747303 -1.203031 
18.900000 18.847303 -1.203094 
18.900000 18.947303 -1.203208 
18.900000 19.047303 -1.203339 
18.900000 19.147303 -1.203441 
18.900000 19.247303 -1.203469 
18.900000 19.347303 -1.203383 
18.900000 19.447303 -1.203156 
18.900000 19.547303 -1.202783 
18.900000 19.647303 -1.202281 
18.900000 19.747303 -1.201688 
18.900000 19.847303 -1.201061 
18.900000 19.947303 -1.200466 
18.900000 20.047303 -1.199968 
18.900000 20.147303 -1.199626 
18.900000 20.247303 -1.199480 
18.900000 20.347303 -1.199548 
18.900000 20.447303 -1.199821 
18.900000 20.547303 -1.200266 
18.900000 20.647303 -1.200831 
18.900000 20.747303 -1.201451 
18.900000 20.847303 -1.202059 
18.900000 20.947303 -1.202596 
18.900000 21.047303 -1.203014 
18.900000 21.147303 -1.203290 
18.900000 21.247303 -1.203420 
18.900000 21.347303 -1.203426 
18.900000 21.447303 -1.203341 
18.900000 21.547303 -1.203211 
18.900000 21.647303 -1.203083 
18.900000 21.747303 -1.202995 
19.000000 17.147303 -1.199534 
19.000000 17.247303 -1.199644 
19.000000 17.347303 -1.199951 
19.000000 17.447303 -1.200418 
19.000000 17.547303 -1.200990 
19.000000 17.647303 -1.201603 
19.000000 17.747303 -1.202190 
19.000000 17.847303 -1.202694 
19.000000 17.947303 -1.203074 
19.000000 18.047303 -1.203309 
19.000000 18.147303 -1.203402 
19.000000 18.247303 -1.203377 
19.000000 18.347303 -1.203272 
19.000000 18.447303 -1.203134 
19.000000 18.547303 -1.203008 
19.000000 18.647303 -1.202933 
19.000000 18.747303 -1.202928 
19.000000 18.847303 -1.202995 
19.000000 18.947303 -1.203117 
19.000000 19.047303 -1.203260 
19.000000 19.147303 -1.203377 
19.000000 19.247303 -1.203423 
19.000000 19.347303 -1.203357 
19.000000 19.447303 -1.203151 
19.000000 19.547303 -1.202799 
19.000000 19.647303 -1.202318 
19.000000 19.747303 -1.201745 
19.000000 19.847303 -1.201136 
19.000000 19.947303 -1.200555 
19.000000 20.047303 -1.200068 
19.000000 20.147303 -1.199734 
19.000000 20.247303 -1.199591 
19.000000 20.347303 -1.199657 
19.000000 20.447303 -1.199924 
19.000000 20.547303 -1.200359 
19.000000 20.647303 -1.200911 
19.000000 20.747303 -1.201515 
19.000000 20.847303 -1.202104 
19.000000 20.947303 -1.202620 
19.000000 21.047303 -1.203017 
19.000000 21.147303 -1.203271 
19.000000 21.247303 -1.203381 
19.000000 21.347303 -1.203368 
19.000000 21.447303 -1.203267 
19.000000 21.547303 -1.203124 
19.000000 21.647303 -1.202987 
19.000000 21.747303 -1.202893 
19.100000 17.147303 -1.199845 
19.100000 17.247303 -1.199949 
19.100000 17.347303 -1.200237 
19.100000 17.447303 -1.200674 
19.100000 17.547303 -1.201207 
19.100000 17.647303 -1.201771 
19.100000 17.747303 -1.202302 
19.100000 17.847303 -1.202747 
19.100000 17.947303 -1.203065 
19.100000 18.047303 -1.203238 
19.100000 18.147303 -1.203273 
19.100000 18.247303 -1.203195 
19.100000 18.347303 -1.203044 
19.100000 18.447303 -1.202870 
19.100000 18.547303 -1.202719 
19.100000 18.647303 -1.202630 
19.100000 18.747303 -1.202624 
19.100000 18.847303 -1.202703 
19.100000 18.947303 -1.202848 
19.100000 19.047303 -1.203025 
19.100000 19.147303 -1.203187 
19.100000 19.247303 -1.203285 
19.100000 19.347303 -1.203275 
19.100000 19.447303 -1.203131 
19.100000 19.547303 -1.202841 
19.100000 19.647303 -1.202420 
19.100000 19.747303 -1.201904 
19.100000 19.847303 -1.201344 
19.100000 19.947303 -1.200805 
19.100000 20.047303 -1.200351 
19.100000 20.147303 -1.200036 
19.100000 20.247303 -1.199902 
19.100000 20.347303 -1.199964 
19.100000 20.447303 -1.200215 
19.100000 20.547303 -1.200622 
19.100000 20.647303 -1.201135 
19.100000 20.747303 -1.201692 
19.100000 20.847303 -1.202227 
19.100000 20.947303 -1.202683 
19.100000 21.047303 -1.203018 
19.100000 21.147303 -1.203211 
19.100000 21.247303 -1.203263 
19.100000 21.347303 -1.203195 
19.100000 21.447303 -1.203047 
19.100000 21.547303 -1.202866 
19.100000 21.647303 -1.202701 
19.100000 21.747303 -1.202592 
19.200000 17.147303 -1.200320 
19.200000 17.247303 -1.200415 
19.200000 17.347303 -1.200675 
19.200000 17.447303 -1.201066 
19.200000 17.547303 -1.201536 
19.200000 17.647303 -1.202026 
19.200000 17.747303 -1.202472 
19.200000 17.847303 -1.202825 
19.200000 17.947303 -1.203048 
19.200000 18.047303 -1.203128 
19.200000 18.147303 -1.203074 
19.200000 18.247303 -1.202914 
19.200000 18.347303 -1.202694 
19.200000 18.447303 -1.202464 
19.200000 18.547303 -1.202275 
19.200000 18.647303 -1.202165 
19.200000 18.747303 -1.202157 
19.200000 18.847303 -1.202253 
19.200000 18.947303 -1.202435 
19.200000 19.047303 -1.202664 
19.200000 19.147303 -1.202893 
19.200000 19.247303 -1.203070 
19.200000 19.347303 -1.203149 
19.200000 19.447303 -1.203098 
19.200000 19.547303 -1.202903 
19.200000 19.647303 -1.202574 
19.200000 19.747303 -1.202144 
19.200000 19.847303 -1.201662 
19.200000 19.947303 -1.201187 
19.200000 20.047303 -1.200781 
19.200000 20.147303 -1.200498 
19.200000 20.247303 -1.200377 
19.200000 20.347303 -1.200433 
19.200000 20.447303 -1.200658 
19.200000 20.547303 -1.201023 
19.200000 20.647303 -1.201477 
19.200000 20.747303 -1.201960 
19.200000 20.847303 -1.202412 
19.200000 20.947303 -1.202778 
19.200000 21.047303 -1.203019 
19.200000 21.147303 -1.203118 
19.200000 21.247303 -1.203078 
19.200000 21.347303 -1.202928 
19.200000 21.447303 -1.202708 
19.200000 21.547303 -1.202469 
19.200000 21.647303 -1.202262 
19.200000 21.747303 -1.202129 
19.300000 17.147303 -1.200902 
19.300000 17.247303 -1.200985 
19.300000 17.347303 -1.201210 
19.300000 17.447303 -1.201545 
19.300000 17.547303 -1.201940 
19.300000 17.647303 -1.202337 
19.300000 17.747303 -1.202680 
19.300000 17.847303 -1.202920 
19.300000 17.947303 -1.203027 
19.300000 18.047303 -1.202992 
19.300000 18.147303 -1.202828 
19.300000 18.247303 -1.202569 
19.300000 18.347303 -1.202264 
19.300000 18.447303 -1.201966 
19.300000 18.547303 -1.201729 
19.300000 18.647303 -1.201593 
19.300000 18.747303 -1.201583 
19.300000 18.847303 -1.201701 
19.300000 18.947303 -1.201926 
19.300000 19.047303 -1.202220 
19.300000 19.147303 -1.202532 
19.300000 19.247303 -1.202806 
19.300000 19.347303 -1.202993 
19.300000 19.447303 -1.203056 
19.300000 19.547303 -1.202977 
19.300000 19.647303 -1.202762 
19.300000 19.747303 -1.202438 
19.300000 19.847303 -1.202050 
19.300000 19.947303 -1.201654 
19.300000 20.047303 -1.201308 
19.300000 20.147303 -1.201064 
19.300000 20.247303 -1.200958 
19.300000 20.347303 -1.201007 
19.300000 20.447303 -1.201202 
19.300000 20.547303 -1.201513 
19.300000 20.647303 -1.201895 
19.300000 20.747303 -1.202289 
19.300000 20.847303 -1.202639 
19.300000 20.947303 -1.202893 
19.300000 21.047303 -1.203019 
19.300000 21.147303 -1.203002 
19.300000 21.247303 -1.202852 
19.300000 21.347303 -1.202599 
19.300000 21.447303 -1.202291 
19.300000 21.547303 -1.201981 
19.300000 21.647303 -1.201723 
19.300000 21.747303 -1.201560 
19.400000 17.147303 -1.201521 
19.400000 17.247303 -1.201591 
19.400000 17.347303 -1.201779 
19.400000 17.447303 -1.202054 
19.400000 17.547303 -1.202369 
19.400000 17.647303 -1.202668 
19.400000 17.747303 -1.202900 
19.400000 17.847303 -1.203021 
19.400000 17.947303 -1.203005 
19.400000 18.047303 -1.202847 
19.400000 18.147303 -1.202566 
19.400000 18.247303 -1.202202 
19.400000 18.347303 -1.201805 
19.400000 18.447303 -1.201435 
19.400000 18.547303 -1.201147 
19.400000 18.647303 -1.200984 
19.400000 18.747303 -1.200972 
19.400000 18.847303 -1.201112 
19.400000 18.947303 -1.201384 
19.400000 19.047303 -1.201747 
19.400000 19.147303 -1.202147 
19.400000 19.247303 -1.202525 
19.400000 19.347303 -1.202827 
19.400000 19.447303 -1.203011 
19.400000 19.547303 -1.203056 
19.400000 19.647303 -1.202962 
19.400000 19.747303 -1.202751 
19.400000 19.847303 -1.202463 
19.400000 19.947303 -1.202150 
19.400000 20.047303 -1.201868 
19.400000 20.147303 -1.201665 
19.400000 20.247303 -1.201577 
19.400000 20.347303 -1.201617 
19.400000 20.447303 -1.201779 
19.400000 20.547303 -1.202035 
19.400000 20.647303 -1.202339 
19.400000 20.747303 -1.202639 
19.400000 20.847303 -1.202880 
19.400000 20.947303 -1.203016 
19.400000 21.047303 -1.203018 
19.400000 21.147303 -1.202878 
19.400000 21.247303 -1.202610 
19.400000 21.347303 -1.202249 
19.400000 21.447303 -1.201847 
19.400000 21.547303 -1.201461 
19.400000 21.647303 -1.201148 
19.400000 21.747303 -1.200954 
19.500000 17.147303 -1.202102 
19.500000 17.247303 -1.202160 
19.500000 17.347303 -1.202314 
19.500000 17.447303 -1.202532 
19.500000 17.547303 -1.202771 
19.500000 17.647303 -1.202979 
19.500000 17.747303 -1.203107 
19.500000 17.847303 -1.203115 
19.500000 17.947303 -1.202983 
19.500000 18.047303 -1.202710 
19.500000 18.147303 -1.202320 
19.500000 18.247303 -1.201856 
19.500000 18.347303 -1.201373 
19.500000 18.447303 -1.200935 
19.500000 18.547303 -1.200600 
19.500000 18.647303 -1.200412 
19.500000 18.747303 -1.200398 
19.500000 18.847303 -1.200559 
19.500000 18.947303 -1.200875 
19.500000 19.047303 -1.201302 
19.500000 19.147303 -1.201785 
19.500000 19.247303 -1.202260 
19.500000 19.347303 -1.202670 
19.500000 19.447303 -1.202969 
19.500000 19.547303 -1.203130 
19.500000 19.647303 -1.203149 
19.500000 19.747303 -1.203044 
19.500000 19.847303 -1.202850 
19.500000 19.947303 -1.202616 
19.500000 20.047303 -1.202394 
19.500000 20.147303 -1.202230 
19.500000 20.247303 -1.202157 
19.500000 20.347303 -1.202190 
19.500000 20.447303 -1.202322 
19.500000 20.547303 -1.202525 
19.500000 20.647303 -1.202757 
19.500000 20.747303 -1.202967 
19.500000 20.847303 -1.203106 
19.500000 20.947303 -1.203130 
19.500000 21.047303 -1.203017 
19.500000 21.147303 -1.202761 
19.500000 21.247303 -1.202382 
19.500000 21.347303 -1.201920 
19.500000 21.447303 -1.201430 
19.500000 21.547303 -1.200973 
19.500000 21.647303 -1.200608 
19.500000 21.747303 -1.200385 
19.600000 17.147303 -1.202576 
19.600000 17.247303 -1.202625 
19.600000 17.347303 -1.202750 
19.600000 17.447303 -1.202922 
19.600000 17.547303 -1.203100 
19.600000 17.647303 -1.203233 
19.600000 17.747303 -1.203276 
19.600000 17.847303 -1.203193 
19.600000 17.947303 -1.202966 
19.600000 18.047303 -1.202599 
19.600000 18.147303 -1.202120 
19.600000 18.247303 -1.201574 
19.600000 18.347303 -1.201022 
19.600000 18.447303 -1.200529 
19.600000 18.547303 -1.200154 
19.600000 18.647303 -1.199945 
19.600000 18.747303 -1.199930 
19.600000 18.847303 -1.200109 
19.600000 18.947303 -1.200460 
19.600000 19.047303 -1.200940 
19.600000 19.147303 -1.201490 
19.600000 19.247303 -1.202044 
19.600000 19.347303 -1.202543 
19.600000 19.447303 -1.202935 
19.600000 19.547303 -1.203191 
19.600000 19.647303 -1.203302 
19.600000 19.747303 -1.203283 
19.600000 19.847303 -1.203166 
19.600000 19.947303 -1.202997 
19.600000 20.047303 -1.202823 
19.600000 20.147303 -1.202691 
19.600000 20.247303 -1.202631 
19.600000 20.347303 -1.202658 
19.600000 20.447303 -1.202764 
19.600000 20.547303 -1.202924 
19.600000 20.647303 -1.203097 
19.600000 20.747303 -1.203235 
19.600000 20.847303 -1.203290 
19.600000 20.947303 -1.203224 
19.600000 21.047303 -1.203016 
19.600000 21.147303 -1.202666 
19.600000 21.247303 -1.202197 
19.600000 21.347303 -1.201652 
19.600000 21.447303 -1.201090 
19.600000 21.547303 -1.200575 
19.600000 21.647303 -1.200168 
19.600000 21.747303 -1.199921 
19.700000 17.147303 -1.202886 
19.700000 17.247303 -1.202929 
19.700000 17.347303 -1.203035 
19.700000 17.447303 -1.203178 
19.700000 17.547303 -1.203315 
19.700000 17.647303 -1.203399 
19.700000 17.747303 -1.203387 
19.700000 17.847303 -1.203244 
19.700000 17.947303 -1.202955 
19.700000 18.047303 -1.202527 
19.700000 18.147303 -1.201989 
19.700000 18.247303 -1.201391 
19.700000 18.347303 -1.200793 
19.700000 18.447303 -1.200264 
19.700000 18.547303 -1.199864 
19.700000 18.647303 -1.199642 
19.700000 18.747303 -1.199625 
19.700000 18.847303 -1.199815 
19.700000 18.947303 -1.200190 
19.700000 19.047303 -1.200704 
19.700000 19.147303 -1.201298 
19.700000 19.247303 -1.201904 
19.700000 19.347303 -1.202460 
19.700000 19.447303 -1.202913 
19.700000 19.547303 -1.203231 
19.700000 19.647303 -1.203403 
19.700000 19.747303 -1.203440 
19.700000 19.847303 -1.203373 
19.700000 19.947303 -1.203246 
19.700000 20.047303 -1.203104 
19.700000 20.147303 -1.202992 
19.700000 20.247303 -1.202941 
19.700000 20.347303 -1.202963 
19.700000 20.447303 -1.203053 
19.700000 20.547303 -1.203185 
19.700000 20.647303 -1.203320 
19.700000 20.747303 -1.203410 
19.700000 20.847303 -1.203411 
19.700000 20.947303 -1.203286 
19.700000 21.047303 -1.203016 
19.700000 21.147303 -1.202605 
19.700000 21.247303 -1.202077 
19.700000 21.347303 -1.201478 
19.700000 21.447303 -1.200869 
19.700000 21.547303 -1.200315 
19.700000 21.647303 -1.199881 
19.700000 21.747303 -1.199618 
19.800000 17.147303 -1.202995 
19.800000 17.247303 -1.203035 
19.800000 17.347303 -1.203135 
19.800000 17.447303 -1.203268 
19.800000 17.547303 -1.203391 
19.800000 17.647303 -1.203458 
19.800000 17.747303 -1.203426 
19.800000 17.847303 -1.203263 
19.800000 17.947303 -1.202952 
19.800000 18.047303 -1.202503 
19.800000 18.147303 -1.201946 
19.800000 18.247303 -1.201329 
19.800000 18.347303 -1.200715 
19.800000 18.447303 -1.200173 
19.800000 18.547303 -1.199764 
19.800000 18.647303 -1.199537 
19.800000 18.747303 -1.199520 
19.800000 18.847303 -1.199714 
19.800000 18.947303 -1.200097 
19.800000 19.047303 -1.200623 
19.800000 19.147303 -1.201232 
19.800000 19.247303 -1.201857 
19.800000 19.347303 -1.202433 
19.800000 19.447303 -1.202907 
19.800000 19.547303 -1.203247 
19.800000 19.647303 -1.203439 
19.800000 19.747303 -1.203496 
19.800000 19.847303 -1.203446 
19.800000 19.947303 -1.203333 
19.800000 20.047303 -1.203203 
19.800000 20.147303 -1.203098 
19.800000 20.247303 -1.203050 
19.800000 20.347303 -1.203071 
19.800000 20.447303 -1.203155 
19.800000 20.547303 -1.203277 
19.800000 20.647303 -1.203399 
19.800000 20.747303 -1.203473 
19.800000 20.847303 -1.203454 
19.800000 20.947303 -1.203309 
19.800000 21.047303 -1.203018 
19.800000 21.147303 -1.202585 
19.800000 21.247303 -1.202036 
19.800000 21.347303 -1.201419 
19.800000 21.447303 -1.200793 
19.800000 21.547303 -1.200226 
19.800000 21.647303 -1.199783 
19.800000 21.747303 -1.199515 
19.900000 17.147303 -1.202890 
19.900000 17.247303 -1.202932 
19.900000 17.347303 -1.203039 
19.900000 17.447303 -1.203182 
19.900000 17.547303 -1.203319 
19.900000 17.647303 -1.203403 
19.900000 17.747303 -1.203391 
19.900000 17.847303 -1.203248 
19.900000 17.947303 -1.202959 
19.900000 18.047303 -1.202531 
19.900000 18.147303 -1.201993 
19.900000 18.247303 -1.201395 
19.900000 18.347303 -1.200797 
19.900000 18.447303 -1.200268 
19.900000 18.547303 -1.199868 
19.900000 18.647303 -1.199646 
19.900000 18.747303 -1.199629 
19.900000 18.847303 -1.199819 
19.900000 18.947303 -1.200194 
19.900000 19.047303 -1.200708 
19.900000 19.147303 -1.201302 
19.900000 19.247303 -1.201908 
19.900000 19.347303 -1.202464 
19.900000 19.447303 -1.202917 
19.900000 19.547303 -1.203235 
19.900000 19.647303 -1.203407 
19.900000 19.747303 -1.203444 
19.900000 19.847303 -1.203377 
19.900000 19.947303 -1.203249 
19.900000 20.047303 -1.203108 
19.900000 20.147303 -1.202996 
19.900000 20.247303 -1.202945 
19.900000 20.347303 -1.202967 
19.900000 20.447303 -1.203057 
19.900000 20.547303 -1.203189 
19.900000 20.647303 -1.203324 
19.900000 20.747303 -1.203414 
19.900000 20.847303 -1.203415 
19.900000 20.947303 -1.203290 
19.900000 21.047303 -1.203020 
19.900000 21.147303 -1.202609 
19.900000 21.247303 -1.202081 
19.900000 21.347303 -1.201482 
19.900000 21.447303 -1.200873 
19.900000 21.547303 -1.200319 
19.900000 21.647303 -1.199885 
19.900000 21.747303 -1.199622 
20.000000 17.147303 -1.202584 
20.000000 17.247303 -1.202633 
20.000000 17.347303 -1.202758 
20.000000 17.447303 -1.202930 
20.000000 17.547303 -1.203108 
20.000000 17.647303 -1.203241 
20.000000 17.747303 -1.203284 
20.000000 17.847303 -1.203201 
20.000000 17.947303 -1.202974 
20.000000 18.047303 -1.202607 
20.000000 18.147303 -1.202128 
20.000000 18.247303 -1.201582 
20.000000 18.347303 -1.201030 
20.000000 18.447303 -1.200536 
20.000000 18.547303 -1.200162 
20.000000 18.647303 -1.199953 
20.000000 18.747303 -1.199937 
20.000000 18.847303 -1.200117 
20.000000 18.947303 -1.200468 
20.000000 19.047303 -1.200948 
20.000000 19.147303 -1.201498 
20.000000 19.247303 -1.202052 
20.000000 19.347303 -1.202551 
20.000000 19.447303 -1.202943 
20.000000 19.547303 -1.203199 
20.000000 19.647303 -1.203310 
20.000000 19.747303 -1.203291 
20.000000 19.847303 -1.203174 
20.000000 19.947303 -1.203005 
20.000000 20.047303 -1.202831 
20.000000 20.147303 -1.202699 
20.000000 20.247303 -1.202639 
20.000000 20.347303 -1.202666 
20.000000 20.447303 -1.202772 
20.000000 20.547303 -1.202932 
20.000000 20.647303 -1.203105 
20.000000 20.747303 -1.203243 
20.000000 20.847303 -1.203298 
20.000000 20.947303 -1.203232 
20.000000 21.047303 -1.203024 
20.000000 21.147303 -1.202674 
20.000000 21.247303 -1.202205 
20.000000 21.347303 -1.201660 
20.000000 21.447303 -1.201098 
20.000000 21.547303 -1.200582 
20.000000 21.647303 -1.200176 
20.000000 21.747303 -1.199929 
20.100000 17.147303 -1.202114 
20.100000 17.247303 -1.202172 
20.100000 17.347303 -1.202326 
20.100000 17.447303 -1.202544 
20.100000 17.547303 -1.202783 
20.100000 17.647303 -1.202991 
20.100000 17.747303 -1.203119 
20.100000 17.847303 -1.203127 
20.100000 17.947303 -1.202995 
20.100000 18.047303 -1.202722 
20.100000 18.147303 -1.202332 
20.100000 18.247303 -1.201868 
20.100000 18.347303 -1.201385 
20.100000 18.447303 -1.200947 
20.100000 18.547303 -1.200612 
20.100000 18.647303 -1.200424 
20.100000 18.747303 -1.200410 
20.100000 18.847303 -1.200571 
20.100000 18.947303 -1.200887 
20.100000 19.047303 -1.201314 
20.100000 19.147303 -1.201796 
20.100000 19.247303 -1.202272 
20.100000 19.347303 -1.202682 
20.100000 19.447303 -1.202981 
20.100000 19.547303 -1.203142 
20.100000 19.647303 -1.203161 
20.100000 19.747303 -1.203056 
20.100000 19.847303 -1.202862 
20.100000 19.947303 -1.202628 
20.100000 20.047303 -1.202406 
20.100000 20.147303 -1.202242 
20.100000 20.247303 -1.202169 
20.100000 20.347303 -1.202202 
20.100000 20.447303 -1.202333 
20.100000 20.547303 -1.202536 
20.100000 20.647303 -1.202769 
20.100000 20.747303 -1.202979 
20.100000 20.847303 -1.203117 
20.100000 20.947303 -1.203142 
20.100000 21.047303 -1.203029 
20.100000 21.147303 -1.202773 
20.100000 21.247303 -1.202394 
20.100000 21.347303 -1.201932 
20.100000 21.447303 -1.201442 
20.100000 21.547303 -1.200985 
20.100000 21.647303 -1.200620 
20.100000 21.747303 -1.200397 
20.200000 17.147303 -1.201537 
20.200000 17.247303 -1.201607 
20.200000 17.347303 -1.201795 
20.200000 17.447303 -1.202070 
20.200000 17.547303 -1.202384 
20.200000 17.647303 -1.202684 
20.200000 17.747303 -1.202916 
20.200000 17.847303 -1.203037 
20.200000 17.947303 -1.203020 
20.200000 18.047303 -1.202863 
20.200000 18.147303 -1.202582 
20.200000 18.247303 -1.202217 
20.200000 18.347303 -1.201821 
20.200000 18.447303 -1.201451 
20.200000 18.547303 -1.201163 
20.200000 18.647303 -1.201000 
20.200000 18.747303 -1.200988 
20.200000 18.847303 -1.201128 
20.200000 18.947303 -1.201400 
20.200000 19.047303 -1.201763 
20.200000 19.147303 -1.202162 
20.200000 19.247303 -1.202540 
20.200000 19.347303 -1.202843 
20.200000 19.447303 -1.203027 
20.200000 19.547303 -1.203072 
20.200000 19.647303 -1.202978 
20.200000 19.747303 -1.202766 
20.200000 19.847303 -1.202478 
20.200000 19.947303 -1.202166 
20.200000 20.047303 -1.201884 
20.200000 20.147303 -1.201681 
20.200000 20.247303 -1.201593 
20.200000 20.347303 -1.201633 
20.200000 20.447303 -1.201795 
20.200000 20.547303 -1.202051 
20.200000 20.647303 -1.202355 
20.200000 20.747303 -1.202655 
20.200000 20.847303 -1.202895 
20.200000 20.947303 -1.203031 
20.200000 21.047303 -1.203034 
20.200000 21.147303 -1.202893 
20.200000 21.247303 -1.202626 
20.200000 21.347303 -1.202265 
20.200000 21.447303 -1.201863 
20.200000 21.547303 -1.201477 
20.200000 21.647303 -1.201164 
20.200000 21.747303 -1.200970 
20.300000 17.147303 -1.200922 
20.300000 17.247303 -1.201005 
20.300000 17.347303 -1.201230 
20.300000 17.447303 -1.201565 
20.300000 17.547303 -1.201960 
20.300000 17.647303 -1.202357 
20.300000 17.747303 -1.202700 
20.300000 17.847303 -1.202940 
20.300000 17.947303 -1.203047 
20.300000 18.047303 -1.203012 
20.300000 18.147303 -1.202848 
20.300000 18.247303 -1.202589 
20.300000 18.347303 -1.202283 
20.300000 18.447303 -1.201986 
20.300000 18.547303 -1.201748 
20.300000 18.647303 -1.201613 
20.300000 18.747303 -1.201603 
20.300000 18.847303 -1.201721 
20.300000 18.947303 -1.201946 
20.300000 19.047303 -1.202240 
20.300000 19.147303 -1.202552 
20.300000 19.247303 -1.202826 
20.300000 19.347303 -1.203013 
20.300000 19.447303 -1.203076 
20.300000 19.547303 -1.202997 
20.300000 19.647303 -1.202782 
20.300000 19.747303 -1.202458 
20.300000 19.847303 -1.202070 
20.300000 19.947303 -1.201674 
20.300000 20.047303 -1.201328 
20.300000 20.147303 -1.201084 
20.300000 20.247303 -1.200978 
20.300000 20.347303 -1.201027 
20.300000 20.447303 -1.201221 
20.300000 20.547303 -1.201533 
20.300000 20.647303 -1.201915 
20.300000 20.747303 -1.202309 
20.300000 20.847303 -1.202659 
20.300000 20.947303 -1.202913 
20.300000 21.047303 -1.203038 
20.300000 21.147303 -1.203021 
20.300000 21.247303 -1.202872 
20.300000 21.347303 -1.202619 
20.300000 21.447303 -1.202311 
20.300000 21.547303 -1.202001 
20.300000 21.647303 -1.201743 
20.300000 21.747303 -1.201580 
20.400000 17.147303 -1.200344 
20.400000 17.247303 -1.200438 
20.400000 17.347303 -1.200698 
20.400000 17.447303 -1.201090 
20.400000 17.547303 -1.201560 
20.400000 17.647303 -1.202049 
20.400000 17.747303 -1.202496 
20.400000 17.847303 -1.202849 
20.400000 17.947303 -1.203072 
20.400000 18.047303 -1.203152 
20.400000 18.147303 -1.203098 
20.400000 18.247303 -1.202938 
20.400000 18.347303 -1.202718 
20.400000 18.447303 -1.202488 
20.400000 18.547303 -1.202299 
20.400000 18.647303 -1.202189 
20.400000 18.747303 -1.202181 
20.400000 18.847303 -1.202277 
20.400000 18.947303 -1.202459 
20.400000 19.047303 -1.202688 
20.400000 19.147303 -1.202917 
20.400000 19.247303 -1.203094 
20.400000 19.347303 -1.203173 
20.400000 19.447303 -1.203121 
20.400000 19.547303 -1.202927 
20.400000 19.647303 -1.202598 
20.400000 19.747303 -1.202168 
20.400000 19.847303 -1.201686 
20.400000 19.947303 -1.201211 
20.400000 20.047303 -1.200805 
20.400000 20.147303 -1.200522 
20.400000 20.247303 -1.200401 
20.400000 20.347303 -1.200457 
20.400000 20.447303 -1.200682 
20.400000 20.547303 -1.201047 
20.400000 20.647303 -1.201501 
20.400000 20.747303 -1.201984 
20.400000 20.847303 -1.202436 
20.400000 20.947303 -1.202802 
20.400000 21.047303 -1.203043 
20.400000 21.147303 -1.203141 
20.400000 21.247303 -1.203102 
20.400000 21.347303 -1.202952 
20.400000 21.447303 -1.202732 
20.400000 21.547303 -1.202493 
20.400000 21.647303 -1.202286 
20.400000 21.747303 -1.202153 
20.500000 17.147303 -1.199873 
20.500000 17.247303 -1.199977 
20.500000 17.347303 -1.200265 
20.500000 17.447303 -1.200702 
20.500000 17.547303 -1.201235 
20.500000 17.647303 -1.201799 
20.500000 17.747303 -1.202330 
20.500000 17.847303 -1.202775 
20.500000 17.947303 -1.203093 
20.500000 18.047303 -1.203266 
20.500000 18.147303 -1.203301 
20.500000 18.247303 -1.203223 
20.500000 18.347303 -1.203072 
20.500000 18.447303 -1.202898 
20.500000 18.547303 -1.202747 
20.500000 18.647303 -1.202658 
20.500000 18.747303 -1.202652 
20.500000 18.847303 -1.202731 
20.500000 18.947303 -1.202876 
20.500000 19.047303 -1.203053 
20.500000 19.147303 -1.203215 
20.500000 19.247303 -1.203312 
20.500000 19.347303 -1.203303 
20.500000 19.447303 -1.203159 
20.500000 19.547303 -1.202869 
20.500000 19.647303 -1.202448 
20.500000 19.747303 -1.201932 
20.500000 19.847303 -1.201372 
20.500000 19.947303 -1.200833 
20.500000 20.047303 -1.200379 
20.500000 20.147303 -1.200064 
20.500000 20.247303 -1.199930 
20.500000 20.347303 -1.199992 
20.500000 20.447303 -1.200243 
20.500000 20.547303 -1.200650 
20.500000 20.647303 -1.201163 
20.500000 20.747303 -1.201719 
20.500000 20.847303 -1.202255 
20.500000 20.947303 -1.202711 
20.500000 21.047303 -1.203046 
20.500000 21.147303 -1.203239 
20.500000 21.247303 -1.203290 
20.500000 21.347303 -1.203223 
20.500000 21.447303 -1.203075 
20.500000 21.547303 -1.202894 
20.500000 21.647303 -1.202729 
20.500000 21.747303 -1.202620 
20.600000 17.147303 -1.199566 
20.600000 17.247303 -1.199676 
20.600000 17.347303 -1.199983 
20.600000 17.447303 -1.200450 
20.600000 17.547303 -1.201022 
20.600000 17.647303 -1.201635 
20.600000 17.747303 -1.202222 
20.600000 17.847303 -1.202726 
20.600000 17.947303 -1.203106 
20.600000 18.047303 -1.203341 
20.600000 18.147303 -1.203434 
20.600000 18.247303 -1.203409 
20.600000 18.347303 -1.203304 
20.600000 18.447303 -1.203166 
20.600000 18.547303 -1.203040 
20.600000 18.647303 -1.202965 
20.600000 18.747303 -1.202960 
20.600000 18.847303 -1.203027 
20.600000 18.947303 -1.203149 
20.600000 19.047303 -1.203292 
20.600000 19.147303 -1.203409 
20.600000 19.247303 -1.203455 
20.600000 19.347303 -1.203389 
20.600000 19.447303 -1.203183 
20.600000 19.547303 -1.202831 
20.600000 19.647303 -1.202350 
20.600000 19.747303 -1.201777 
20.600000 19.847303 -1.201168 
20.600000 19.947303 -1.200587 
20.600000 20.047303 -1.200100 
20.600000 20.147303 -1.199766 
20.600000 20.247303 -1.199623 
20.600000 20.347303 -1.199689 
20.600000 20.447303 -1.199956 
20.600000 20.547303 -1.200391 
20.600000 20.647303 -1.200943 
20.600000 20.747303 -1.201547 
20.600000 20.847303 -1.202136 
20.600000 20.947303 -1.202652 
20.600000 21.047303 -1.203049 
20.600000 21.147303 -1.203303 
20.600000 21.247303 -1.203413 
20.600000 21.347303 -1.203400 
20.600000 21.447303 -1.203299 
20.600000 21.547303 -1.203156 
20.600000 21.647303 -1.203019 
20.600000 21.747303 -1.202925 
20.700000 17.147303 -1.199459 
20.700000 17.247303 -1.199572 
20.700000 17.347303 -1.199885 
20.700000 17.447303 -1.200362 
20.700000 17.547303 -1.200949 
20.700000 17.647303 -1.201579 
20.700000 17.747303 -1.202185 
20.700000 17.847303 -1.202710 
20.700000 17.947303 -1.203111 
20.700000 18.047303 -1.203367 
20.700000 18.147303 -1.203481 
20.700000 18.247303 -1.203474 
20.700000 18.347303 -1.203384 
20.700000 18.447303 -1.203259 
20.700000 18.547303 -1.203142 
20.700000 18.647303 -1.203071 
20.700000 18.747303 -1.203067 
20.700000 18.847303 -1.203130 
20.700000 18.947303 -1.203244 
20.700000 19.047303 -1.203375 
20.700000 19.147303 -1.203477 
20.700000 19.247303 -1.203505 
20.700000 19.347303 -1.203419 
20.700000 19.447303 -1.203192 
20.700000 19.547303 -1.202819 
20.700000 19.647303 -1.202317 
20.700000 19.747303 -1.201724 
20.700000 19.847303 -1.201097 
20.700000 19.947303 -1.200502 
20.700000 20.047303 -1.200004 
20.700000 20.147303 -1.199662 
20.700000 20.247303 -1.199516 
20.700000 20.347303 -1.199584 
20.700000 20.447303 -1.199857 
20.700000 20.547303 -1.200302 
20.700000 20.647303 -1.200867 
20.700000 20.747303 -1.201487 
20.700000 20.847303 -1.202096 
20.700000 20.947303 -1.202632 
20.700000 21.047303 -1.203050 
20.700000 21.147303 -1.203326 
20.700000 21.247303 -1.203457 
20.700000 21.347303 -1.203462 
20.700000 21.447303 -1.203377 
20.700000 21.547303 -1.203247 
20.700000 21.647303 -1.203119 
20.700000 21.747303 -1.203031 
20.800000 17.147303 -1.199567 
20.800000 17.247303 -1.199677 
20.800000 17.347303 -1.199984 
20.800000 17.447303 -1.200451 
20.800000 17.547303 -1.201023 
20.800000 17.647303 -1.201636 
20.800000 17.747303 -1.202223 
20.800000 17.847303 -1.202728 
20.800000 17.947303 -1.203107 
20.800000 18.047303 -1.203342 
20.800000 18.147303 -1.203435 
20.800000 18.247303 -1.203410 
20.800000 18.347303 -1.203305 
20.800000 18.447303 -1.203167 
20.800000 18.547303 -1.203042 
20.800000 18.647303 -1.202966 
20.800000 18.747303 -1.202961 
20.800000 18.847303 -1.203028 
20.800000 18.947303 -1.203151 
20.800000 19.047303 -1.203293 
20.800000 19.147303 -1.203411 
20.800000 19.247303 -1.203457 
20.800000 19.347303 -1.203390 
20.800000 19.447303 -1.203184 
20.800000 19.547303 -1.202833 
20.800000 19.647303 -1.202352 
20.800000 19.747303 -1.201779 
20.800000 19.847303 -1.201169 
20.800000 19.947303 -1.200588 
20.800000 20.047303 -1.200102 
20.800000 20.147303 -1.199767 
20.800000 20.247303 -1.199624 
20.800000 20.347303 -1.199690 
20.800000 20.447303 -1.199957 
20.800000 20.547303 -1.200393 
20.800000 20.647303 -1.200944 
20.800000 20.747303 -1.201548 
20.800000 20.847303 -1.202138 
20.800000 20.947303 -1.202653 
20.800000 21.047303 -1.203050 
20.800000 21.147303 -1.203304 
20.800000 21.247303 -1.203415 
20.800000 21.347303 -1.203401 
20.800000 21.447303 -1.203300 
20.800000 21.547303 -1.203157 
20.800000 21.647303 -1.203020 
20.800000 21.747303 -1.202926 
20.900000 17.147303 -1.199876 
20.900000 17.247303 -1.199979 
20.900000 17.347303 -1.200268 
20.900000 17.447303 -1.200705 
20.900000 17.547303 -1.201237 
20.900000 17.647303 -1.201801 
20.900000 17.747303 -1.202333 
20.900000 17.847303 -1.202777 
20.900000 17.947303 -1.203095 
20.900000 18.047303 -1.203269 
20.900000 18.147303 -1.203304 
20.900000 18.247303 -1.203225 
20.900000 18.347303 -1.203075 
20.900000 18.447303 -1.202901 
20.900000 18.547303 -1.202750 
20.900000 18.647303 -1.202661 
20.900000 18.747303 -1.202655 
20.900000 18.847303 -1.202733 
20.900000 18.947303 -1.202879 
20.900000 19.047303 -1.203056 
20.900000 19.147303 -1.203217 
20.900000 19.247303 -1.203315 
20.900000 19.347303 -1.203306 
20.900000 19.447303 -1.203161 
20.900000 19.547303 -1.202871 
20.900000 19.647303 -1.202451 
20.900000 19.747303 -1.201934 
20.900000 19.847303 -1.201375 
20.900000 19.947303 -1.200836 
20.900000 20.047303 -1.200381 
20.900000 20.147303 -1.200067 
20.900000 20.247303 -1.199932 
20.900000 20.347303 -1.199995 
20.900000 20.447303 -1.200245 
20.900000 20.547303 -1.200653 
20.900000 20.647303 -1.201166 
20.900000 20.747303 -1.201722 
20.900000 20.847303 -1.202257 
20.900000 20.947303 -1.202714 
20.900000 21.047303 -1.203049 
20.900000 21.147303 -1.203242 
20.900000 21.247303 -1.203293 
20.900000 21.347303 -1.203225 
20.900000 21.447303 -1.203077 
20.900000 21.547303 -1.202897 
20.900000 21.647303 -1.202732 
20.900000 21.747303 -1.202623 
21.000000 17.147303 -1.200348 
21.000000 17.247303 -1.200442 
21.000000 17.347303 -1.200702 
21.000000 17.447303 -1.201093 
21.000000 17.547303 -1.201564 
21.000000 17.647303 -1.202053 
21.000000 17.747303 -1.202500 
21.000000 17.847303 -1.202853 
21.000000 17.947303 -1.203076 
21.000000 18.047303 -1.203156 
21.000000 18.147303 -1.203102 
21.000000 18.247303 -1.202942 
21.000000 18.347303 -1.202722 
21.000000 18.447303 -1.202492 
21.000000 18.547303 -1.202303 
21.000000 18.647303 -1.202193 
21.000000 18.747303 -1.202185 
21.000000 18.847303 -1.202281 
21.000000 18.947303 -1.202462 
21.000000 19.047303 -1.202692 
21.000000 19.147303 -1.202921 
21.000000 19.247303 -1.203098 
21.000000 19.347303 -1.203177 
21.000000 19.447303 -1.203125 
21.000000 19.547303 -1.202930 
21.000000 19.647303 -1.202602 
21.000000 19.747303 -1.202172 
21.000000 19.847303 -1.201689 
21.000000 19.947303 -1.201214 
21.000000 20.047303 -1.200809 
21.000000 20.147303 -1.200526 
21.000000 20.247303 -1.200405 
21.000000 20.347303 -1.200461 
21.000000 20.447303 -1.200686 
21.000000 20.547303 -1.201051 
21.000000 20.647303 -1.201505 
21.000000 20.747303 -1.201988 
21.000000 20.847303 -1.202440 
21.000000 20.947303 -1.202806 
21.000000 21.047303 -1.203047 
21.000000 21.147303 -1.203145 
21.000000 21.247303 -1.203106 
21.000000 21.347303 -1.202956 
21.000000 21.447303 -1.202736 
21.000000 21.547303 -1.202497 
21.000000 21.647303 -1.202290 
21.000000 21.747303 -1.202157 
21.100000 17.147303 -1.200927 
21.100000 17.247303 -1.201010 
21.100000 17.347303 -1.201235 
21.100000 17.447303 -1.201570 
21.100000 17.547303 -1.201965 
21.100000 17.647303 -1.202362 
21.100000 17.747303 -1.202705 
21.100000 17.847303 -1.202945 
21.100000 17.947303 -1.203052 
21.100000 18.047303 -1.203017 
21.100000 18.147303 -1.202853 
21.100000 18.247303 -1.202594 
21.100000 18.347303 -1.202289 
21.100000 18.447303 -1.201991 
21.100000 18.547303 -1.201754 
21.100000 18.647303 -1.201618 
21.100000 18.747303 -1.201608 
21.100000 18.847303 -1.201726 
21.100000 18.947303 -1.201951 
21.100000 19.047303 -1.202245 
21.100000 19.147303 -1.202557 
21.100000 19.247303 -1.202831 
21.100000 19.347303 -1.203018 
21.100000 19.447303 -1.203081 
21.100000 19.547303 -1.203002 
21.100000 19.647303 -1.202787 
21.100000 19.747303 -1.202463 
21.100000 19.847303 -1.202075 
21.100000 19.947303 -1.201679 
21.100000 20.047303 -1.201333 
21.100000 20.147303 -1.201089 
21.100000 20.247303 -1.200983 
21.100000 20.347303 -1.201032 
21.100000 20.447303 -1.201227 
21.100000 20.547303 -1.201538 
21.100000 20.647303 -1.201920 
21.100000 20.747303 -1.202314 
21.100000 20.847303 -1.202664 
21.100000 20.947303 -1.202918 
21.100000 21.047303 -1.203044 
21.100000 21.147303 -1.203027 
21.100000 21.247303 -1.202877 
21.100000 21.347303 -1.202624 
21.100000 21.447303 -1.202316 
21.100000 21.547303 -1.202006 
21.100000 21.647303 -1.201748 
21.100000 21.747303 -1.201585 
21.200000 17.147303 -1.201543 
21.200000 17.247303 -1.201613 
21.200000 17.347303 -1.201801 
21.200000 17.447303 -1.202076 
21.200000 17.547303 -1.202391 
21.200000 17.647303 -1.202691 
21.200000 17.747303 -1.202922 
21.200000 17.847303 -1.203043 
21.200000 17.947303 -1.203027 
21.200000 18.047303 -1.202869 
21.200000 18.147303 -1.202589 
21.200000 18.247303 -1.202224 
21.200000 18.347303 -1.201827 
21.200000 18.447303 -1.201457 
21.200000 18.547303 -1.201169 
21.200000 18.647303 -1.201007 
21.200000 18.747303 -1.200995 
21.200000 18.847303 -1.201135 
21.200000 18.947303 -1.201407 
21.200000 19.047303 -1.201769 
21.200000 19.147303 -1.202169 
21.200000 19.247303 -1.202547 
21.200000 19.347303 -1.202849 
21.200000 19.447303 -1.203034 
21.200000 19.547303 -1.203079 
21.200000 19.647303 -1.202984 
21.200000 19.747303 -1.202773 
21.200000 19.847303 -1.202485 
21.200000 19.947303 -1.202172 
21.200000 20.047303 -1.201890 
21.200000 20.147303 -1.201688 
21.200000 20.247303 -1.201599 
21.200000 20.347303 -1.201639 
21.200000 20.447303 -1.201801 
21.200000 20.547303 -1.202057 
21.200000 20.647303 -1.202362 
21.200000 20.747303 -1.202661 
21.200000 20.847303 -1.202902 
21.200000 20.947303 -1.203038 
21.200000 21.047303 -1.203040 
21.200000 21.147303 -1.202900 
21.200000 21.247303 -1.202632 
21.200000 21.347303 -1.202272 
21.200000 21.447303 -1.201870 
21.200000 21.547303 -1.201484 
21.200000 21.647303 -1.201171 
21.200000 21.747303 -1.200977 
21.300000 17.147303 -1.202122 
21.300000 17.247303 -1.202180 
21.300000 17.347303 -1.202333 
21.300000 17.447303 -1.202552 
21.300000 17.547303 -1.202791 
21.300000 17.647303 -1.202999 
21.300000 17.747303 -1.203127 
21.300000 17.847303 -1.203135 
21.300000 17.947303 -1.203003 
21.300000 18.047303 -1.202730 
21.300000 18.147303 -1.202340 
21.300000 18.247303 -1.201875 
21.300000 18.347303 -1.201393 
21.300000 18.447303 -1.200955 
21.300000 18.547303 -1.200619 
21.300000 18.647303 -1.200432 
21.300000 18.747303 -1.200417 
21.300000 18.847303 -1.200579 
21.300000 18.947303 -1.200895 
21.300000 19.047303 -1.201322 
21.300000 19.147303 -1.201804 
21.300000 19.247303 -1.202280 
21.300000 19.347303 -1.202690 
21.300000 19.447303 -1.202989 
21.300000 19.547303 -1.203150 
21.300000 19.647303 -1.203169 
21.300000 19.747303 -1.203064 
21.300000 19.847303 -1.202870 
21.300000 19.947303 -1.202636 
21.300000 20.047303 -1.202414 
21.300000 20.147303 -1.202250 
21.300000 20.247303 -1.202177 
21.300000 20.347303 -1.202210 
21.300000 20.447303 -1.202341 
21.300000 20.547303 -1.202544 
21.300000 20.647303 -1.202776 
21.300000 20.747303 -1.202987 
21.300000 20.847303 -1.203125 
21.300000 20.947303 -1.203150 
21.300000 21.047303 -1.203036 
21.300000 21.147303 -1.202781 
21.300000 21.247303 -1.202402 
21.300000 21.347303 -1.201940 
21.300000 21.447303 -1.201450 
21.300000 21.547303 -1.200992 
21.300000 21.647303 -1.200628 
21.300000 21.747303 -1.200404 
21.400000 17.147303 -1.202593 
21.400000 17.247303 -1.202642 
21.400000 17.347303 -1.202767 
21.400000 17.447303 -1.202939 
21.400000 17.547303 -1.203117 
21.400000 17.647303 -1.203250 
21.400000 17.747303 -1.203293 
21.400000 17.847303 -1.203210 
21.400000 17.947303 -1.202983 
21.400000 18.047303 -1.202616 
21.400000 18.147303 -1.202137 
21.400000 18.247303 -1.201591 
21.400000 18.347303 -1.201039 
21.400000 18.447303 -1.200546 
21.400000 18.547303 -1.200171 
21.400000 18.647303 -1.199962 
21.400000 18.747303 -1.199947 
21.400000 18.847303 -1.200126 
21.400000 18.947303 -1.200477 
21.400000 19.047303 -1.200957 
21.400000 19.147303 -1.201507 
21.400000 19.247303 -1.202061 
21.400000 19.347303 -1.202560 
21.400000 19.447303 -1.202952 
21.400000 19.547303 -1.203208 
21.400000 19.647303 -1.203320 
21.400000 19.747303 -1.203300 
21.400000 19.847303 -1.203183 
21.400000 19.947303 -1.203014 
21.400000 20.047303 -1.202840 
21.400000 20.147303 -1.202708 
21.400000 20.247303 -1.202648 
21.400000 20.347303 -1.202675 
21.400000 20.447303 -1.202781 
21.400000 20.547303 -1.202941 
21.400000 20.647303 -1.203114 
21.400000 20.747303 -1.203252 
21.400000 20.847303 -1.203307 
21.400000 20.947303 -1.203241 
21.400000 21.047303 -1.203033 
21.400000 21.147303 -1.202683 
21.400000 21.247303 -1.202214 
21.400000 21.347303 -1.201669 
21.400000 21.447303 -1.201107 
21.400000 21.547303 -1.200592 
21.400000 21.647303 -1.200185 
21.400000 21.747303 -1.199938 
21.500000 17.147303 -1.202900 
21.500000 17.247303 -1.202943 
21.500000 17.347303 -1.203049 
21.500000 17.447303 -1.203192 
21.500000 17.547303 -1.203329 
21.500000 17.647303 -1.203414 
21.500000 17.747303 -1.203401 
21.500000 17.847303 -1.203258 
21.500000 17.947303 -1.202969 
21.500000 18.047303 -1.202541 
21.500000 18.147303 -1.202004 
21.500000 18.247303 -1.201405 
21.500000 18.347303 -1.200808 
21.500000 18.447303 -1.200278 
21.500000 18.547303 -1.199878 
21.500000 18.647303 -1.199656 
21.500000 18.747303 -1.199639 
21.500000 18.847303 -1.199829 
21.500000 18.947303 -1.200204 
21.500000 19.047303 -1.200718 
21.500000 19.147303 -1.201312 
21.500000 19.247303 -1.201919 
21.500000 19.347303 -1.202474 
21.500000 19.447303 -1.202928 
21.500000 19.547303 -1.203246 
21.500000 19.647303 -1.203417 
21.500000 19.747303 -1.203455 
21.500000 19.847303 -1.203388 
21.500000 19.947303 -1.203260 
21.500000 20.047303 -1.203119 
21.500000 20.147303 -1.203007 
21.500000 20.247303 -1.202955 
21.500000 20.347303 -1.202978 
21.500000 20.447303 -1.203068 
21.500000 20.547303 -1.203200 
21.500000 20.647303 -1.203334 
21.500000 20.747303 -1.203425 
21.500000 20.847303 -1.203425 
21.500000 20.947303 -1.203300 
21.500000 21.047303 -1.203031 
21.500000 21.147303 -1.202619 
21.500000 21.247303 -1.202091 
21.500000 21.347303 -1.201492 
21.500000 21.447303 -1.200883 
21.500000 21.547303 -1.200330 
21.500000 21.647303 -1.199896 
21.500000 21.747303 -1.199633 
21.600000 17.147303 -1.203007 
21.600000 17.247303 -1.203047 
21.600000 17.347303 -1.203147 
21.600000 17.447303 -1.203279 
21.600000 17.547303 -1.203402 
21.600000 17.647303 -1.203470 
21.600000 17.747303 -1.203438 
21.600000 17.847303 -1.203274 
21.600000 17.947303 -1.202964 
21.600000 18.047303 -1.202515 
21.600000 18.147303 -1.201957 
21.600000 18.247303 -1.201340 
21.600000 18.347303 -1.200727 
21.600000 18.447303 -1.200185 
21.600000 18.547303 -1.199776 
21.600000 18.647303 -1.199549 
21.600000 18.747303 -1.199532 
21.600000 18.847303 -1.199726 
21.600000 18.947303 -1.200109 
21.600000 19.047303 -1.200635 
21.600000 19.147303 -1.201244 
21.600000 19.247303 -1.201869 
21.600000 19.347303 -1.202444 
21.600000 19.447303 -1.202919 
21.600000 19.547303 -1.203258 
21.600000 19.647303 -1.203451 
21.600000 19.747303 -1.203508 
21.600000 19.847303 -1.203458 
21.600000 19.947303 -1.203345 
21.600000 20.047303 -1.203215 
21.600000 20.147303 -1.203110 
21.600000 20.247303 -1.203062 
21.600000 20.347303 -1.203083 
21.600000 20.447303 -1.203167 
21.600000 20.547303 -1.203289 
21.600000 20.647303 -1.203410 
21.600000 20.747303 -1.203484 
21.600000 20.847303 -1.203466 
21.600000 20.947303 -1.203320 
21.600000 21.047303 -1.203029 
21.600000 21.147303 -1.202597 
21.600000 21.247303 -1.202048 
21.600000 21.347303 -1.201430 
21.600000 21.447303 -1.200805 
21.600000 21.547303 -1.200238 
21.600000 21.647303 -1.199795 
21.600000 21.747303 -1.199526 
21.700000 17.147303 -1.202899 
21.700000 17.247303 -1.202942 
21.700000 17.347303 -1.203048 
21.700000 17.447303 -1.203191 
21.700000 17.547303 -1.203328 
21.700000 17.647303 -1.203412 
21.700000 17.747303 -1.203400 
21.700000 17.847303 -1.203257 
21.700000 17.947303 -1.202968 
21.700000 18.047303 -1.202540 
21.700000 18.147303 -1.202003 
21.700000 18.247303 -1.201404 
21.700000 18.347303 -1.200806 
21.700000 18.447303 -1.200277 
21.700000 18.547303 -1.199877 
21.700000 18.647303 -1.199655 
21.700000 18.747303 -1.199638 
21.700000 18.847303 -1.199828 
21.700000 18.947303 -1.200203 
21.700000 19.047303 -1.200717 
21.700000 19.147303 -1.201311 
21.700000 19.247303 -1.201917 
21.700000 19.347303 -1.202473 
21.700000 19.447303 -1.202926 
21.700000 19.547303 -1.203244 
21.700000 19.647303 -1.203416 
21.700000 19.747303 -1.203453 
21.700000 19.847303 -1.203386 
21.700000 19.947303 -1.203259 
21.700000 20.047303 -1.203117 
21.700000 20.147303 -1.203005 
21.700000 20.247303 -1.202954 
21.700000 20.347303 -1.202977 
21.700000 20.447303 -1.203066 
21.700000 20.547303 -1.203198 
21.700000 20.647303 -1.203333 
21.700000 20.747303 -1.203423 
21.700000 20.847303 -1.203424 
21.700000 20.947303 -1.203299 
21.700000 21.047303 -1.203029 
21.700000 21.147303 -1.202618 
21.700000 21.247303 -1.202090 
21.700000 21.347303 -1.201491 
21.700000 21.447303 -1.200882 
21.700000 21.547303 -1.200328 
21.700000 21.647303 -1.199895 
21.700000 21.747303 -1.199631 
21.800000 17.147303 -1.202590 
21.800000 17.247303 -1.202639 
21.800000 17.347303 -1.202764 
21.800000 17.447303 -1.202937 
21.800000 17.547303 -1.203114 
21.800000 17.647303 -1.203247 
21.800000 17.747303 -1.203290 
21.800000 17.847303 -1.203207 
21.800000 17.947303 -1.202980 
21.800000 18.047303 -1.202613 
21.800000 18.147303 -1.202134 
21.800000 18.247303 -1.201589 
21.800000 18.347303 -1.201036 
21.800000 18.447303 -1.200543 
21.800000 18.547303 -1.200168 
21.800000 18.647303 -1.199960 
21.800000 18.747303 -1.199944 
21.800000 18.847303 -1.200123 
21.800000 18.947303 -1.200474 
21.800000 19.047303 -1.200954 
21.800000 19.147303 -1.201504 
21.800000 19.247303 -1.202059 
21.800000 19.347303 -1.202557 
21.800000 19.447303 -1.202949 
21.800000 19.547303 -1.203206 
21.800000 19.647303 -1.203317 
21.800000 19.747303 -1.203298 
21.800000 19.847303 -1.203181 
21.800000 19.947303 -1.203011 
21.800000 20.047303 -1.202838 
21.800000 20.147303 -1.202705 
21.800000 20.247303 -1.202646 
21.800000 20.347303 -1.202672 
21.800000 20.447303 -1.202778 
21.800000 20.547303 -1.202938 
21.800000 20.647303 -1.203112 
21.800000 20.747303 -1.203249 
21.800000 20.847303 -1.203304 
21.800000 20.947303 -1.203239 
21.800000 21.047303 -1.203031 
21.800000 21.147303 -1.202681 
21.800000 21.247303 -1.202212 
21.800000 21.347303 -1.201667 
21.800000 21.447303 -1.201104 
21.800000 21.547303 -1.200589 
21.800000 21.647303 -1.200183 
21.800000 21.747303 -1.199935 
21.900000 17.147303 -1.202118 
21.900000 17.247303 -1.202176 
21.900000 17.347303 -1.202330 
21.900000 17.447303 -1.202548 
21.900000 17.547303 -1.202787 
21.900000 17.647303 -1.202995 
21.900000 17.747303 -1.203123 
21.900000 17.847303 -1.203131 
21.900000 17.947303 -1.202999 
21.900000 18.047303 -1.202726 
21.900000 18.147303 -1.202336 
21.900000 18.247303 -1.201872 
21.900000 18.347303 -1.201389 
21.900000 18.447303 -1.200951 
21.900000 18.547303 -1.200615 
21.900000 18.647303 -1.200428 
21.900000 18.747303 -1.200413 
21.900000 18.847303 -1.200575 
21.900000 18.947303 -1.200891 
21.900000 19.047303 -1.201318 
21.900000 19.147303 -1.201800 
21.900000 19.247303 -1.202276 
21.900000 19.347303 -1.202686 
21.900000 19.447303 -1.202985 
21.900000 19.547303 -1.203146 
21.900000 19.647303 -1.203165 
21.900000 19.747303 -1.203060 
21.900000 19.847303 -1.202866 
21.900000 19.947303 -1.202632 
21.900000 20.047303 -1.202410 
21.900000 20.147303 -1.202246 
21.900000 20.247303 -1.202173 
21.900000 20.347303 -1.202206 
21.900000 20.447303 -1.202337 
21.900000 20.547303 -1.202540 
21.900000 20.647303 -1.202772 
21.900000 20.747303 -1.202983 
21.900000 20.847303 -1.203121 
21.900000 20.947303 -1.203146 
21.900000 21.047303 -1.203033 
21.900000 21.147303 -1.202777 
21.900000 21.247303 -1.202398 
21.900000 21.347303 -1.201936 
21.900000 21.447303 -1.201446 
21.900000 21.547303 -1.200989 
21.900000 21.647303 -1.200624 
21.900000 21.747303 -1.200401 
22.000000 17.147303 -1.201538 
22.000000 17.247303 -1.201608 
22.000000 17.347303 -1.201796 
22.000000 17.447303 -1.202071 
22.000000 17.547303 -1.202386 
22.000000 17.647303 -1.202685 
22.000000 17.747303 -1.202917 
22.000000 17.847303 -1.203038 
22.000000 17.947303 -1.203022 
22.000000 18.047303 -1.202864 
22.000000 18.147303 -1.202584 
22.000000 18.247303 -1.202219 
22.000000 18.347303 -1.201822 
22.000000 18.447303 -1.201452 
22.000000 18.547303 -1.201164 
22.000000 18.647303 -1.201001 
22.000000 18.747303 -1.200989 
22.000000 18.847303 -1.201130 
22.000000 18.947303 -1.201401 
22.000000 19.047303 -1.201764 
22.000000 19.147303 -1.202164 
22.000000 19.247303 -1.202542 
22.000000 19.347303 -1.202844 
22.000000 19.447303 -1.203029 
22.000000 19.547303 -1.203074 
22.000000 19.647303 -1.202979 
22.000000 19.747303 -1.202768 
22.000000 19.847303 -1.202480 
22.000000 19.947303 -1.202167 
22.000000 20.047303 -1.201885 
22.000000 20.147303 -1.201682 
22.000000 20.247303 -1.201594 
22.000000 20.347303 -1.201634 
22.000000 20.447303 -1.201796 
22.000000 20.547303 -1.202052 
22.000000 20.647303 -1.202356 
22.000000 20.747303 -1.202656 
22.000000 20.847303 -1.202897 
22.000000 20.947303 -1.203033 
22.000000 21.047303 -1.203035 
22.000000 21.147303 -1.202895 
22.000000 21.247303 -1.202627 
22.000000 21.347303 -1.202267 
22.000000 21.447303 -1.201864 
22.000000 21.547303 -1.201479 
22.000000 21.647303 -1.201166 
22.000000 21.747303 -1.200972 
22.100000 17.147303 -1.200921 
22.100000 17.247303 -1.201003 
22.100000 17.347303 -1.201228 
22.100000 17.447303 -1.201563 
22.100000 17.547303 -1.201958 
22.100000 17.647303 -1.202356 
22.100000 17.747303 -1.202698 
22.100000 17.847303 -1.202939 
22.100000 17.947303 -1.203046 
22.100000 18.047303 -1.203011 
22.100000 18.147303 -1.202847 
22.100000 18.247303 -1.202588 
22.100000 18.347303 -1.202282 
22.100000 18.447303 -1.201984 
22.100000 18.547303 -1.201747 
22.100000 18.647303 -1.201612 
22.100000 18.747303 -1.201602 
22.100000 18.847303 -1.201720 
22.100000 18.947303 -1.201945 
22.100000 19.047303 -1.202238 
22.100000 19.147303 -1.202550 
22.100000 19.247303 -1.202825 
22.100000 19.347303 -1.203012 
22.100000 19.447303 -1.203075 
22.100000 19.547303 -1.202996 
22.100000 19.647303 -1.202781 
22.100000 19.747303 -1.202457 
22.100000 19.847303 -1.202068 
22.100000 19.947303 -1.201672 
22.100000 20.047303 -1.201326 
22.100000 20.147303 -1.201083 
22.100000 20.247303 -1.200977 
22.100000 20.347303 -1.201025 
22.100000 20.447303 -1.201220 
22.100000 20.547303 -1.201532 
22.100000 20.647303 -1.201913 
22.100000 20.747303 -1.202308 
22.100000 20.847303 -1.202657 
22.100000 20.947303 -1.202912 
22.100000 21.047303 -1.203037 
22.100000 21.147303 -1.203020 
22.100000 21.247303 -1.202870 
22.100000 21.347303 -1.202618 
22.100000 21.447303 -1.202310 
22.100000 21.547303 -1.202000 
22.100000 21.647303 -1.201742 
22.100000 21.747303 -1.201579 
22.200000 17.147303 -1.200340 
22.200000 17.247303 -1.200435 
22.200000 17.347303 -1.200695 
22.200000 17.447303 -1.201086 
22.200000 17.547303 -1.201556 
22.200000 17.647303 -1.202045 
22.200000 17.747303 -1.202492 
22.200000 17.847303 -1.202845 
22.200000 17.947303 -1.203068 
22.200000 18.047303 -1.203148 
22.200000 18.147303 -1.203094 
22.200000 18.247303 -1.202934 
22.200000 18.347303 -1.202714 
22.200000 18.447303 -1.202484 
22.200000 18.547303 -1.202295 
22.200000 18.647303 -1.202185 
22.200000 18.747303 -1.202177 
22.200000 18.847303 -1.202273 
22.200000 18.947303 -1.202455 
22.200000 19.047303 -1.202684 
22.200000 19.147303 -1.202913 
22.200000 19.247303 -1.203090 
22.200000 19.347303 -1.203169 
22.200000 19.447303 -1.203118 
22.200000 19.547303 -1.202923 
22.200000 19.647303 -1.202594 
22.200000 19.747303 -1.202164 
22.200000 19.847303 -1.201682 
22.200000 19.947303 -1.201207 
22.200000 20.047303 -1.200801 
22.200000 20.147303 -1.200518 
22.200000 20.247303 -1.200397 
22.200000 20.347303 -1.200453 
22.200000 20.447303 -1.200678 
22.200000 20.547303 -1.201043 
22.200000 20.647303 -1.201497 
22.200000 20.747303 -1.201980 
22.200000 20.847303 -1.202432 
22.200000 20.947303 -1.202798 
22.200000 21.047303 -1.203039 
22.200000 21.147303 -1.203137 
22.200000 21.247303 -1.203098 
22.200000 21.347303 -1.202948 
22.200000 21.447303 -1.202728 
22.200000 21.547303 -1.202489 
22.200000 21.647303 -1.202282 
22.200000 21.747303 -1.202149 
22.300000 17.147303 -1.199867 
22.300000 17.247303 -1.199970 
22.300000 17.347303 -1.200259 
22.300000 17.447303 -1.200696 
22.300000 17.547303 -1.201228 
22.300000 17.647303 -1.201792 
22.300000 17.747303 -1.202324 
22.300000 17.847303 -1.202768 
22.300000 17.947303 -1.203086 
22.300000 18.047303 -1.203260 
22.300000 18.147303 -1.203295 
22.300000 18.247303 -1.203216 
22.300000 18.347303 -1.203066 
22.300000 18.447303 -1.202892 
22.300000 18.547303 -1.202741 
22.300000 18.647303 -1.202652 
22.300000 18.747303 -1.202646 
22.300000 18.847303 -1.202724 
22.300000 18.947303 -1.202870 
22.300000 19.047303 -1.203047 
22.300000 19.147303 -1.203208 
22.300000 19.247303 -1.203306 
22.300000 19.347303 -1.203297 
22.300000 19.447303 -1.203152 
22.300000 19.547303 -1.202862 
22.300000 19.647303 -1.202442 
22.300000 19.747303 -1.201925 
22.300000 19.847303 -1.201366 
22.300000 19.947303 -1.200827 
22.300000 20.047303 -1.200372 
22.300000 20.147303 -1.200058 
22.300000 20.247303 -1.199923 
22.300000 20.347303 -1.199986 
22.300000 20.447303 -1.200236 
22.300000 20.547303 -1.200644 
22.300000 20.647303 -1.201157 
22.300000 20.747303 -1.201713 
22.300000 20.847303 -1.202248 
22.300000 20.947303 -1.202704 
22.300000 21.047303 -1.203040 
22.300000 21.147303 -1.203233 
22.300000 21.247303 -1.203284 
22.300000 21.347303 -1.203216 
22.300000 21.447303 -1.203068 
22.300000 21.547303 -1.202888 
22.300000 21.647303 -1.202723 
22.300000 21.747303 -1.202614 
22.400000 17.147303 -1.199557 
22.400000 17.247303 -1.199667 
22.400000 17.347303 -1.199973 
22.400000 17.447303 -1.200441 
22.400000 17.547303 -1.201013 
22.400000 17.647303 -1.201626 
22.400000 17.747303 -1.202213 
22.400000 17.847303 -1.202717 
22.400000 17.947303 -1.203097 
22.400000 18.047303 -1.203332 
22.400000 18.147303 -1.203425 
22.400000 18.247303 -1.203400 
22.400000 18.347303 -1.203295 
22.400000 18.447303 -1.203156 
22.400000 18.547303 -1.203031 
22.400000 18.647303 -1.202955 
22.400000 18.747303 -1.202950 
22.400000 18.847303 -1.203018 
22.400000 18.947303 -1.203140 
22.400000 19.047303 -1.203282 
22.400000 19.147303 -1.203400 
22.400000 19.247303 -1.203446 
22.400000 19.347303 -1.203380 
22.400000 19.447303 -1.203174 
22.400000 19.547303 -1.202822 
22.400000 19.647303 -1.202341 
22.400000 19.747303 -1.201768 
22.400000 19.847303 -1.201159 
22.400000 19.947303 -1.200578 
22.400000 20.047303 -1.200091 
22.400000 20.147303 -1.199756 
22.400000 20.247303 -1.199614 
22.400000 20.347303 -1.199680 
22.400000 20.447303 -1.199947 
22.400000 20.547303 -1.200382 
22.400000 20.647303 -1.200934 
22.400000 20.747303 -1.201538 
22.400000 20.847303 -1.202127 
22.400000 20.947303 -1.202643 
22.400000 21.047303 -1.203040 
22.400000 21.147303 -1.203294 
22.400000 21.247303 -1.203404 
22.400000 21.347303 -1.203391 
22.400000 21.447303 -1.203290 
22.400000 21.547303 -1.203147 
22.400000 21.647303 -1.203010 
22.400000 21.747303 -1.202916 
22.500000 17.147303 -1.199448 
22.500000 17.247303 -1.199560 
22.500000 17.347303 -1.199873 
22.500000 17.447303 -1.200351 
22.500000 17.547303 -1.200937 
22.500000 17.647303 -1.201567 
22.500000 17.747303 -1.202173 
22.500000 17.847303 -1.202698 
22.500000 17.947303 -1.203099 
22.500000 18.047303 -1.203356 
22.500000 18.147303 -1.203469 
22.500000 18.247303 -1.203462 
22.500000 18.347303 -1.203373 
22.500000 18.447303 -1.203247 
22.500000 18.547303 -1.203131 
22.500000 18.647303 -1.203060 
22.500000 18.747303 -1.203055 
22.500000 18.847303 -1.203119 
22.500000 18.947303 -1.203233 
22.500000 19.047303 -1.203363 
22.500000 19.147303 -1.203465 
22.500000 19.247303 -1.203493 
22.500000 19.347303 -1.203407 
22.500000 19.447303 -1.203180 
22.500000 19.547303 -1.202807 
22.500000 19.647303 -1.202305 
22.500000 19.747303 -1.201712 
22.500000 19.847303 -1.201086 
22.500000 19.947303 -1.200490 
22.500000 20.047303 -1.199992 
22.500000 20.147303 -1.199651 
22.500000 20.247303 -1.199505 
22.500000 20.347303 -1.199572 
22.500000 20.447303 -1.199845 
22.500000 20.547303 -1.200290 
22.500000 20.647303 -1.200855 
22.500000 20.747303 -1.201475 
22.500000 20.847303 -1.202084 
22.500000 20.947303 -1.202620 
22.500000 21.047303 -1.203038 
22.500000 21.147303 -1.203314 
22.500000 21.247303 -1.203445 
22.500000 21.347303 -1.203450 
22.500000 21.447303 -1.203365 
22.500000 21.547303 -1.203236 
22.500000 21.647303 -1.203108 
22.500000 21.747303 -1.203020 
22.600000 17.147303 -1.199553 
22.600000 17.247303 -1.199663 
22.600000 17.347303 -1.199970 
22.600000 17.447303 -1.200437 
22.600000 17.547303 -1.201009 
22.600000 17.647303 -1.201622 
22.600000 17.747303 -1.202209 
22.600000 17.847303 -1.202713 
22.600000 17.947303 -1.203093 
22.600000 18.047303 -1.203328 
22.600000 18.147303 -1.203421 
22.600000 18.247303 -1.203396 
22.600000 18.347303 -1.203291 
22.600000 18.447303 -1.203152 
22.600000 18.547303 -1.203027 
22.600000 18.647303 -1.202952 
22.600000 18.747303 -1.202947 
22.600000 18.847303 -1.203014 
22.600000 18.947303 -1.203136 
22.600000 19.047303 -1.203278 
22.600000 19.147303 -1.203396 
22.600000 19.247303 -1.203442 
22.600000 19.347303 -1.203376 
22.600000 19.447303 -1.203170 
22.600000 19.547303 -1.202818 
22.600000 19.647303 -1.202337 
22.600000 19.747303 -1.201764 
22.600000 19.847303 -1.201155 
22.600000 19.947303 -1.200574 
22.600000 20.047303 -1.200087 
22.600000 20.147303 -1.199753 
22.600000 20.247303 -1.199610 
22.600000 20.347303 -1.199676 
22.600000 20.447303 -1.199943 
22.600000 20.547303 -1.200378 
22.600000 20.647303 -1.200930 
22.600000 20.747303 -1.201534 
22.600000 20.847303 -1.202123 
22.600000 20.947303 -1.202639 
22.600000 21.047303 -1.203036 
22.600000 21.147303 -1.203290 
22.600000 21.247303 -1.203400 
22.600000 21.347303 -1.203387 
22.600000 21.447303 -1.203286 
22.600000 21.547303 -1.203143 
22.600000 21.647303 -1.203006 
22.600000 21.747303 -1.202912 
22.700000 17.147303 -1.199859 
22.700000 17.247303 -1.199962 
22.700000 17.347303 -1.200251 
22.700000 17.447303 -1.200688 
22.700000 17.547303 -1.201220 
22.700000 17.647303 -1.201784 
22.700000 17.747303 -1.202316 
22.700000 17.847303 -1.202760 
22.700000 17.947303 -1.203078 
22.700000 18.047303 -1.203252 
22.700000 18.147303 -1.203287 
22.700000 18.247303 -1.203208 
22.700000 18.347303 -1.203058 
22.700000 18.447303 -1.202884 
22.700000 18.547303 -1.202733 
22.700000 18.647303 -1.202644 
22.700000 18.747303 -1.202638 
22.700000 18.847303 -1.202716 
22.700000 18.947303 -1.202862 
22.700000 19.047303 -1.203039 
22.700000 19.147303 -1.203200 
22.700000 19.247303 -1.203298 
22.700000 19.347303 -1.203289 
22.700000 19.447303 -1.203144 
22.700000 19.547303 -1.202854 
22.700000 19.647303 -1.202434 
22.700000 19.747303 -1.201917 
22.700000 19.847303 -1.201358 
22.700000 19.947303 -1.200819 
22.700000 20.047303 -1.200364 
22.700000 20.147303 -1.200050 
22.700000 20.247303 -1.199915 
22.700000 20.347303 -1.199978 
22.700000 20.447303 -1.200228 
22.700000 20.547303 -1.200636 
22.700000 20.647303 -1.201149 
22.700000 20.747303 -1.201705 
22.700000 20.847303 -1.202240 
22.700000 20.947303 -1.202697 
22.700000 21.047303 -1.203032 
22.700000 21.147303 -1.203225 
22.700000 21.247303 -1.203276 
22.700000 21.347303 -1.203208 
22.700000 21.447303 -1.203060 
22.700000 21.547303 -1.202880 
22.700000 21.647303 -1.202715 
22.700000 21.747303 -1.202606 
22.800000 17.147303 -1.200328 
22.800000 17.247303 -1.200423 
22.800000 17.347303 -1.200683 
22.800000 17.447303 -1.201074 
22.800000 17.547303 -1.201544 
22.800000 17.647303 -1.202034 
22.800000 17.747303 -1.202480 
22.800000 17.847303 -1.202833 
22.800000 17.947303 -1.203056 
22.800000 18.047303 -1.203136 
22.800000 18.147303 -1.203082 
22.800000 18.247303 -1.202922 
22.800000 18.347303 -1.202702 
22.800000 18.447303 -1.202473 
22.800000 18.547303 -1.202283 
22.800000 18.647303 -1.202173 
22.800000 18.747303 -1.202165 
22.800000 18.847303 -1.202261 
22.800000 18.947303 -1.202443 
22.800000 19.047303 -1.202672 
22.800000 19.147303 -1.202901 
22.800000 19.247303 -1.203078 
22.800000 19.347303 -1.203157 
22.800000 19.447303 -1.203106 
22.800000 19.547303 -1.202911 
22.800000 19.647303 -1.202582 
22.800000 19.747303 -1.202152 
22.800000 19.847303 -1.201670 
22.800000 19.947303 -1.201195 
22.800000 20.047303 -1.200789 
22.800000 20.147303 -1.200506 
22.800000 20.247303 -1.200385 
22.800000 20.347303 -1.200441 
22.800000 20.447303 -1.200667 
22.800000 20.547303 -1.201031 
22.800000 20.647303 -1.201485 
22.800000 20.747303 -1.201969 
22.800000 20.847303 -1.202420 
22.800000 20.947303 -1.202786 
22.800000 21.047303 -1.203027 
22.800000 21.147303 -1.203126 
22.800000 21.247303 -1.203087 
22.800000 21.347303 -1.202936 
22.800000 21.447303 -1.202716 
22.800000 21.547303 -1.202477 
22.800000 21.647303 -1.202271 
22.800000 21.747303 -1.202137 
22.900000 17.147303 -1.200905 
22.900000 17.247303 -1.200987 
22.900000 17.347303 -1.201213 
22.900000 17.447303 -1.201547 
22.900000 17.547303 -1.201942 
22.900000 17.647303 -1.202340 
22.900000 17.747303 -1.202683 
22.900000 17.847303 -1.202923 
22.900000 17.947303 -1.203030 
22.900000 18.047303 -1.202995 
22.900000 18.147303 -1.202831 
22.900000 18.247303 -1.202572 
22.900000 18.347303 -1.202266 
22.900000 18.447303 -1.201968 
22.900000 18.547303 -1.201731 
22.900000 18.647303 -1.201596 
22.900000 18.747303 -1.201586 
22.900000 18.847303 -1.201704 
22.900000 18.947303 -1.201929 
22.900000 19.047303 -1.202223 
22.900000 19.147303 -1.202534 
22.900000 19.247303 -1.202809 
22.900000 19.347303 -1.202996 
22.900000 19.447303 -1.203059 
22.900000 19.547303 -1.202980 
22.900000 19.647303 -1.202765 
22.900000 19.747303 -1.202441 
22.900000 19.847303 -1.202053 
22.900000 19.947303 -1.201656 
22.900000 20.047303 -1.201311 
22.900000 20.147303 -1.201067 
22.900000 20.247303 -1.200961 
22.900000 20.347303 -1.201009 
22.900000 20.447303 -1.201204 
22.900000 20.547303 -1.201516 
22.900000 20.647303 -1.201898 
22.900000 20.747303 -1.202292 
22.900000 20.847303 -1.202642 
22.900000 20.947303 -1.202896 
22.900000 21.047303 -1.203021 
22.900000 21.147303 -1.203004 
22.900000 21.247303 -1.202854 
22.900000 21.347303 -1.202602 
22.900000 21.447303 -1.202294 
22.900000 21.547303 -1.201984 
22.900000 21.647303 -1.201726 
22.900000 21.747303 -1.201563 
23.000000 17.147303 -1.201518 
23.000000 17.247303 -1.201588 
23.000000 17.347303 -1.201776 
23.000000 17.447303 -1.202051 
23.000000 17.547303 -1.202366 
23.000000 17.647303 -1.202666 
23.000000 17.747303 -1.202897 
23.000000 17.847303 -1.203018 
23.000000 17.947303 -1.203002 
23.000000 18.047303 -1.202844 
23.000000 18.147303 -1.202564 
23.000000 18.247303 -1.202199 
23.000000 18.347303 -1.201802 
23.000000 18.447303 -1.201432 
23.000000 18.547303 -1.201144 
23.000000 18.647303 -1.200982 
23.000000 18.747303 -1.200969 
23.000000 18.847303 -1.201110 
23.000000 18.947303 -1.201382 
23.000000 19.047303 -1.201744 
23.000000 19.147303 -1.202144 
23.000000 19.247303 -1.202522 
23.000000 19.347303 -1.202824 
23.000000 19.447303 -1.203009 
23.000000 19.547303 -1.203054 
23.000000 19.647303 -1.202959 
23.000000 19.747303 -1.202748 
23.000000 19.847303 -1.202460 
23.000000 19.947303 -1.202147 
23.000000 20.047303 -1.201865 
23.000000 20.147303 -1.201663 
23.000000 20.247303 -1.201574 
23.000000 20.347303 -1.201614 
23.000000 20.447303 -1.201776 
23.000000 20.547303 -1.202032 
23.000000 20.647303 -1.202337 
23.000000 20.747303 -1.202636 
23.000000 20.847303 -1.202877 
23.000000 20.947303 -1.203013 
23.000000 21.047303 -1.203015 
23.000000 21.147303 -1.202875 
23.000000 21.247303 -1.202607 
23.000000 21.347303 -1.202247 
23.000000 21.447303 -1.201845 
23.000000 21.547303 -1.201459 
23.000000 21.647303 -1.201146 
23.000000 21.747303 -1.200952 
23.100000 17.147303 -1.202094 
23.100000 17.247303 -1.202152 
23.100000 17.347303 -1.202306 
23.100000 17.447303 -1.202524 
23.100000 17.547303 -1.202763 
23.100000 17.647303 -1.202971 
23.100000 17.747303 -1.203099 
23.100000 17.847303 -1.203107 
23.100000 17.947303 -1.202975 
23.100000 18.047303 -1.202702 
23.100000 18.147303 -1.202312 
23.100000 18.247303 -1.201848 
23.100000 18.347303 -1.201365 
23.100000 18.447303 -1.200927 
23.100000 18.547303 -1.200592 
23.100000 18.647303 -1.200404 
23.100000 18.747303 -1.200390 
23.100000 18.847303 -1.200551 
23.100000 18.947303 -1.200867 
23.100000 19.047303 -1.201294 
23.100000 19.147303 -1.201776 
23.100000 19.247303 -1.202252 
23.100000 19.347303 -1.202662 
23.100000 19.447303 -1.202961 
23.100000 19.547303 -1.203122 
23.100000 19.647303 -1.203141 
23.100000 19.747303 -1.203036 
23.100000 19.847303 -1.202842 
23.100000 19.947303 -1.202608 
23.100000 20.047303 -1.202386 
23.100000 20.147303 -1.202222 
23.100000 20.247303 -1.202149 
23.100000 20.347303 -1.202182 
23.100000 20.447303 -1.202313 
23.100000 20.547303 -1.202516 
23.100000 20.647303 -1.202749 
23.100000 20.747303 -1.202959 
23.100000 20.847303 -1.203098 
23.100000 20.947303 -1.203122 
23.100000 21.047303 -1.203009 
23.100000 21.147303 -1.202753 
23.100000 21.247303 -1.202374 
23.100000 21.347303 -1.201912 
23.100000 21.447303 -1.201422 
23.100000 21.547303 -1.200965 
23.100000 21.647303 -1.200600 
23.100000 21.747303 -1.200377 
23.200000 17.147303 -1.202563 
23.200000 17.247303 -1.202611 
23.200000 17.347303 -1.202736 
23.200000 17.447303 -1.202909 
23.200000 17.547303 -1.203086 
23.200000 17.647303 -1.203220 
23.200000 17.747303 -1.203262 
23.200000 17.847303 -1.203179 
23.200000 17.947303 -1.202952 
23.200000 18.047303 -1.202586 
23.200000 18.147303 -1.202106 
23.200000 18.247303 -1.201561 
23.200000 18.347303 -1.201009 
23.200000 18.447303 -1.200515 
23.200000 18.547303 -1.200140 
23.200000 18.647303 -1.199932 
23.200000 18.747303 -1.199916 
23.200000 18.847303 -1.200095 
23.200000 18.947303 -1.200446 
23.200000 19.047303 -1.200926 
23.200000 19.147303 -1.201476 
23.200000 19.247303 -1.202031 
23.200000 19.347303 -1.202529 
23.200000 19.447303 -1.202922 
23.200000 19.547303 -1.203178 
23.200000 19.647303 -1.203289 
23.200000 19.747303 -1.203270 
23.200000 19.847303 -1.203153 
23.200000 19.947303 -1.202983 
23.200000 20.047303 -1.202810 
23.200000 20.147303 -1.202678 
23.200000 20.247303 -1.202618 
23.200000 20.347303 -1.202644 
23.200000 20.447303 -1.202750 
23.200000 20.547303 -1.202911 
23.200000 20.647303 -1.203084 
23.200000 20.747303 -1.203222 
23.200000 20.847303 -1.203277 
23.200000 20.947303 -1.203211 
23.200000 21.047303 -1.203003 
23.200000 21.147303 -1.202653 
23.200000 21.247303 -1.202184 
23.200000 21.347303 -1.201639 
23.200000 21.447303 -1.201077 
23.200000 21.547303 -1.200561 
23.200000 21.647303 -1.200155 
23.200000 21.747303 -1.199907 
23.300000 17.147303 -1.202867 
23.300000 17.247303 -1.202910 
23.300000 17.347303 -1.203016 
23.300000 17.447303 -1.203159 
23.300000 17.547303 -1.203296 
23.300000 17.647303 -1.203380 
23.300000 17.747303 -1.203368 
23.300000 17.847303 -1.203225 
23.300000 17.947303 -1.202936 
23.300000 18.047303 -1.202508 
23.300000 18.147303 -1.201971 
23.300000 18.247303 -1.201372 
23.300000 18.347303 -1.200774 
23.300000 18.447303 -1.200245 
23.300000 18.547303 -1.199845 
23.300000 18.647303 -1.199623 
23.300000 18.747303 -1.199606 
23.300000 18.847303 -1.199796 
23.300000 18.947303 -1.200171 
23.300000 19.047303 -1.200685 
23.300000 19.147303 -1.201279 
23.300000 19.247303 -1.201885 
23.300000 19.347303 -1.202441 
23.300000 19.447303 -1.202894 
23.300000 19.547303 -1.203212 
23.300000 19.647303 -1.203384 
23.300000 19.747303 -1.203421 
23.300000 19.847303 -1.203354 
23.300000 19.947303 -1.203227 
23.300000 20.047303 -1.203085 
23.300000 20.147303 -1.202973 
23.300000 20.247303 -1.202922 
23.300000 20.347303 -1.202945 
23.300000 20.447303 -1.203034 
23.300000 20.547303 -1.203166 
23.300000 20.647303 -1.203301 
23.300000 20.747303 -1.203392 
23.300000 20.847303 -1.203392 
23.300000 20.947303 -1.203267 
23.300000 21.047303 -1.202998 
23.300000 21.147303 -1.202586 
23.300000 21.247303 -1.202058 
23.300000 21.347303 -1.201459 
23.300000 21.447303 -1.200850 
23.300000 21.547303 -1.200296 
23.300000 21.647303 -1.199863 
23.300000 21.747303 -1.199600 
23.400000 17.147303 -1.202971 
23.400000 17.247303 -1.203011 
23.400000 17.347303 -1.203111 
23.400000 17.447303 -1.203243 
23.400000 17.547303 -1.203366 
23.400000 17.647303 -1.203434 
23.400000 17.747303 -1.203402 
23.400000 17.847303 -1.203238 
23.400000 17.947303 -1.202928 
23.400000 18.047303 -1.202479 
23.400000 18.147303 -1.201921 
23.400000 18.247303 -1.201304 
23.400000 18.347303 -1.200691 
23.400000 18.447303 -1.200149 
23.400000 18.547303 -1.199740 
23.400000 18.647303 -1.199513 
23.400000 18.747303 -1.199496 
23.400000 18.847303 -1.199690 
23.400000 18.947303 -1.200073 
23.400000 19.047303 -1.200599 
23.400000 19.147303 -1.201208 
23.400000 19.247303 -1.201833 
23.400000 19.347303 -1.202408 
23.400000 19.447303 -1.202883 
23.400000 19.547303 -1.203222 
23.400000 19.647303 -1.203415 
23.400000 19.747303 -1.203472 
23.400000 19.847303 -1.203422 
23.400000 19.947303 -1.203309 
23.400000 20.047303 -1.203179 
23.400000 20.147303 -1.203074 
23.400000 20.247303 -1.203025 
23.400000 20.347303 -1.203047 
23.400000 20.447303 -1.203131 
23.400000 20.547303 -1.203253 
23.400000 20.647303 -1.203374 
23.400000 20.747303 -1.203448 
23.400000 20.847303 -1.203430 
23.400000 20.947303 -1.203284 
23.400000 21.047303 -1.202993 
23.400000 21.147303 -1.202561 
23.400000 21.247303 -1.202012 
23.400000 21.347303 -1.201394 
23.400000 21.447303 -1.200769 
23.400000 21.547303 -1.200202 
23.400000 21.647303 -1.199759 
23.400000 21.747303 -1.199490 
23.500000 17.147303 -1.202860 
23.500000 17.247303 -1.202903 
23.500000 17.347303 -1.203009 
23.500000 17.447303 -1.203152 
23.500000 17.547303 -1.203289 
23.500000 17.647303 -1.203373 
23.500000 17.747303 -1.203361 
23.500000 17.847303 -1.203218 
23.500000 17.947303 -1.202929 
23.500000 18.047303 -1.202501 
23.500000 18.147303 -1.201964 
23.500000 18.247303 -1.201365 
23.500000 18.347303 -1.200767 
23.500000 18.447303 -1.200238 
23.500000 18.547303 -1.199838 
23.500000 18.647303 -1.199616 
23.500000 18.747303 -1.199599 
23.500000 18.847303 -1.199789 
23.500000 18.947303 -1.200164 
23.500000 19.047303 -1.200678 
23.500000 19.147303 -1.201272 
23.500000 19.247303 -1.201878 
23.500000 19.347303 -1.202434 
23.500000 19.447303 -1.202888 
23.500000 19.547303 -1.203205 
23.500000 19.647303 -1.203377 
23.500000 19.747303 -1.203414 
23.500000 19.847303 -1.203347 
23.500000 19.947303 -1.203220 
23.500000 20.047303 -1.203078 
23.500000 20.147303 -1.202967 
23.500000 20.247303 -1.202915 
23.500000 20.347303 -1.202938 
23.500000 20.447303 -1.203028 
23.500000 20.547303 -1.203160 
23.500000 20.647303 -1.203294 
23.500000 20.747303 -1.203385 
23.500000 20.847303 -1.203385 
23.500000 20.947303 -1.203260 
23.500000 21.047303 -1.202991 
23.500000 21.147303 -1.202579 
23.500000 21.247303 -1.202051 
23.500000 21.347303 -1.201452 
23.500000 21.447303 -1.200843 
23.500000 21.547303 -1.200290 
23.500000 21.647303 -1.199856 
23.500000 21.747303 -1.199593 
23.600000 17.147303 -1.202549 
23.600000 17.247303 -1.202597 
23.600000 17.347303 -1.202723 
23.600000 17.447303 -1.202895 
23.600000 17.547303 -1.203072 
23.600000 17.647303 -1.203206 
23.600000 17.747303 -1.203249 
23.600000 17.847303 -1.203165 
23.600000 17.947303 -1.202938 
23.600000 18.047303 -1.202572 
23.600000 18.147303 -1.202092 
23.600000 18.247303 -1.201547 
23.600000 18.347303 -1.200995 
23.600000 18.447303 -1.200501 
23.600000 18.547303 -1.200127 
23.600000 18.647303 -1.199918 
23.600000 18.747303 -1.199902 
23.600000 18.847303 -1.200081 
23.600000 18.947303 -1.200433 
23.600000 19.047303 -1.200913 
23.600000 19.147303 -1.201462 
23.600000 19.247303 -1.202017 
23.600000 19.347303 -1.202515 
23.600000 19.447303 -1.202908 
23.600000 19.547303 -1.203164 
23.600000 19.647303 -1.203275 
23.600000 19.747303 -1.203256 
23.600000 19.847303 -1.203139 
23.600000 19.947303 -1.202969 
23.600000 20.047303 -1.202796 
23.600000 20.147303 -1.202664 
23.600000 20.247303 -1.202604 
23.600000 20.347303 -1.202630 
23.600000 20.447303 -1.202737 
23.600000 20.547303 -1.202897 
23.600000 20.647303 -1.203070 
23.600000 20.747303 -1.203208 
23.600000 20.847303 -1.203263 
23.600000 20.947303 -1.203197 
23.600000 21.047303 -1.202989 
23.600000 21.147303 -1.202639 
23.600000 21.247303 -1.202170 
23.600000 21.347303 -1.201625 
23.600000 21.447303 -1.201063 
23.600000 21.547303 -1.200547 
23.600000 21.647303 -1.200141 
23.600000 21.747303 -1.199894 
23.700000 17.147303 -1.202073 
23.700000 17.247303 -1.202132 
23.700000 17.347303 -1.202285 
23.700000 17.447303 -1.202503 
23.700000 17.547303 -1.202742 
23.700000 17.647303 -1.202950 
23.700000 17.747303 -1.203078 
23.700000 17.847303 -1.203087 
23.700000 17.947303 -1.202954 
23.700000 18.047303 -1.202681 
23.700000 18.147303 -1.202291 
23.700000 18.247303 -1.201827 
23.700000 18.347303 -1.201345 
23.700000 18.447303 -1.200906 
23.700000 18.547303 -1.200571 
23.700000 18.647303 -1.200383 
23.700000 18.747303 -1.200369 
23.700000 18.847303 -1.200530 
23.700000 18.947303 -1.200846 
23.700000 19.047303 -1.201273 
23.700000 19.147303 -1.201756 
23.700000 19.247303 -1.202231 
23.700000 19.347303 -1.202641 
23.700000 19.447303 -1.202940 
23.700000 19.547303 -1.203102 
23.700000 19.647303 -1.203121 
23.700000 19.747303 -1.203015 
23.700000 19.847303 -1.202821 
23.700000 19.947303 -1.202587 
23.700000 20.047303 -1.202365 
23.700000 20.147303 -1.202201 
23.700000 20.247303 -1.202129 
23.700000 20.347303 -1.202161 
23.700000 20.447303 -1.202293 
23.700000 20.547303 -1.202496 
23.700000 20.647303 -1.202728 
23.700000 20.747303 -1.202938 
23.700000 20.847303 -1.203077 
23.700000 20.947303 -1.203102 
23.700000 21.047303 -1.202988 
23.700000 21.147303 -1.202732 
23.700000 21.247303 -1.202354 
23.700000 21.347303 -1.201892 
23.700000 21.447303 -1.201401 
23.700000 21.547303 -1.200944 
23.700000 21.647303 -1.200580 
23.700000 21.747303 -1.200356 
23.800000 17.147303 -1.201491 
23.800000 17.247303 -1.201561 
23.800000 17.347303 -1.201749 
23.800000 17.447303 -1.202024 
23.800000 17.547303 -1.202338 
23.800000 17.647303 -1.202638 
23.800000 17.747303 -1.202870 
23.800000 17.847303 -1.202990 
23.800000 17.947303 -1.202974 
23.800000 18.047303 -1.202817 
23.800000 18.147303 -1.202536 
23.800000 18.247303 -1.202171 
23.800000 18.347303 -1.201774 
23.800000 18.447303 -1.201404 
23.800000 18.547303 -1.201116 
23.800000 18.647303 -1.200954 
23.800000 18.747303 -1.200942 
23.800000 18.847303 -1.201082 
23.800000 18.947303 -1.201354 
23.800000 19.047303 -1.201716 
23.800000 19.147303 -1.202116 
23.800000 19.247303 -1.202494 
23.800000 19.347303 -1.202796 
23.800000 19.447303 -1.202981 
23.800000 19.547303 -1.203026 
23.800000 19.647303 -1.202932 
23.800000 19.747303 -1.202720 
23.800000 19.847303 -1.202432 
23.800000 19.947303 -1.202120 
23.800000 20.047303 -1.201838 
23.800000 20.147303 -1.201635 
23.800000 20.247303 -1.201546 
23.800000 20.347303 -1.201587 
23.800000 20.447303 -1.201749 
23.800000 20.547303 -1.202004 
23.800000 20.647303 -1.202309 
23.800000 20.747303 -1.202609 
23.800000 20.847303 -1.202849 
23.800000 20.947303 -1.202985 
23.800000 21.047303 -1.202987 
23.800000 21.147303 -1.202847 
23.800000 21.247303 -1.202579 
23.800000 21.347303 -1.202219 
23.800000 21.447303 -1.201817 
23.800000 21.547303 -1.201431 
23.800000 21.647303 -1.201118 
23.800000 21.747303 -1.200924 
23.900000 17.147303 -1.200870 
23.900000 17.247303 -1.200953 
23.900000 17.347303 -1.201178 
23.900000 17.447303 -1.201513 
23.900000 17.547303 -1.201908 
23.900000 17.647303 -1.202305 
23.900000 17.747303 -1.202648 
23.900000 17.847303 -1.202888 
23.900000 17.947303 -1.202995 
23.900000 18.047303 -1.202960 
23.900000 18.147303 -1.202796 
23.900000 18.247303 -1.202537 
23.900000 18.347303 -1.202231 
23.900000 18.447303 -1.201934 
23.900000 18.547303 -1.201697 
23.900000 18.647303 -1.201561 
23.900000 18.747303 -1.201551 
23.900000 18.847303 -1.201669 
23.900000 18.947303 -1.201894 
23.900000 19.047303 -1.202188 
23.900000 19.147303 -1.202500 
23.900000 19.247303 -1.202774 
23.900000 19.347303 -1.202961 
23.900000 19.447303 -1.203024 
23.900000 19.547303 -1.202945 
23.900000 19.647303 -1.202730 
23.900000 19.747303 -1.202406 
23.900000 19.847303 -1.202018 
23.900000 19.947303 -1.201622 
23.900000 20.047303 -1.201276 
23.900000 20.147303 -1.201032 
23.900000 20.247303 -1.200926 
23.900000 20.347303 -1.200975 
23.900000 20.447303 -1.201170 
23.900000 20.547303 -1.201481 
23.900000 20.647303 -1.201863 
23.900000 20.747303 -1.202257 
23.900000 20.847303 -1.202607 
23.900000 20.947303 -1.202861 
23.900000 21.047303 -1.202987 
23.900000 21.147303 -1.202970 
23.900000 21.247303 -1.202820 
23.900000 21.347303 -1.202568 
23.900000 21.447303 -1.202259 
23.900000 21.547303 -1.201949 
23.900000 21.647303 -1.201691 
23.900000 21.747303 -1.201529 
24.000000 17.147303 -1.200287 
24.000000 17.247303 -1.200381 
24.000000 17.347303 -1.200641 
24.000000 17.447303 -1.201032 
24.000000 17.547303 -1.201503 
24.000000 17.647303 -1.201992 
24.000000 17.747303 -1.202439 
24.000000 17.847303 -1.202791 
24.000000 17.947303 -1.203015 
24.000000 18.047303 -1.203095 
24.000000 18.147303 -1.203040 
24.000000 18.247303 -1.202881 
24.000000 18.347303 -1.202660 
24.000000 18.447303 -1.202431 
24.000000 18.547303 -1.202241 
24.000000 18.647303 -1.202131 
24.000000 18.747303 -1.202123 
24.000000 18.847303 -1.202220 
24.000000 18.947303 -1.202401 
24.000000 19.047303 -1.202630 
24.000000 19.147303 -1.202859 
24.000000 19.247303 -1.203036 
24.000000 19.347303 -1.203115 
24.000000 19.447303 -1.203064 
24.000000 19.547303 -1.202869 
24.000000 19.647303 -1.202541 
24.000000 19.747303 -1.202110 
24.000000 19.847303 -1.201628 
24.000000 19.947303 -1.201153 
24.000000 20.047303 -1.200747 
24.000000 20.147303 -1.200465 
24.000000 20.247303 -1.200343 
24.000000 20.347303 -1.200399 
24.000000 20.447303 -1.200625 
24.000000 20.547303 -1.200989 
24.000000 20.647303 -1.201443 
24.000000 20.747303 -1.201927 
24.000000 20.847303 -1.202379 
24.000000 20.947303 -1.202744 
24.000000 21.047303 -1.202985 
24.000000 21.147303 -1.203084 
24.000000 21.247303 -1.203045 
24.000000 21.347303 -1.202894 
24.000000 21.447303 -1.202674 
24.000000 21.547303 -1.202436 
24.000000 21.647303 -1.202229 
24.000000 21.747303 -1.202096 
24.100000 17.147303 -1.199810 
24.100000 17.247303 -1.199914 
24.100000 17.347303 -1.200202 
24.100000 17.447303 -1.200639 
24.100000 17.547303 -1.201171 
24.100000 17.647303 -1.201735 
24.100000 17.747303 -1.202267 
24.100000 17.847303 -1.202711 
24.100000 17.947303 -1.203029 
24.100000 18.047303 -1.203203 
24.100000 18.147303 -1.203238 
24.100000 18.247303 -1.203160 
24.100000 18.347303 -1.203009 
24.100000 18.447303 -1.202835 
24.100000 18.547303 -1.202684 
24.100000 18.647303 -1.202595 
24.100000 18.747303 -1.202589 
24.100000 18.847303 -1.202668 
24.100000 18.947303 -1.202813 
24.100000 19.047303 -1.202990 
24.100000 19.147303 -1.203151 
24.100000 19.247303 -1.203249 
24.100000 19.347303 -1.203240 
24.100000 19.447303 -1.203095 
24.100000 19.547303 -1.202806 
24.100000 19.647303 -1.202385 
24.100000 19.747303 -1.201868 
24.100000 19.847303 -1.201309 
24.100000 19.947303 -1.200770 
24.100000 20.047303 -1.200315 
24.100000 20.147303 -1.200001 
24.100000 20.247303 -1.199867 
24.100000 20.347303 -1.199929 
24.100000 20.447303 -1.200180 
24.100000 20.547303 -1.200587 
24.100000 20.647303 -1.201100 
24.100000 20.747303 -1.201656 
24.100000 20.847303 -1.202191 
24.100000 20.947303 -1.202648 
24.100000 21.047303 -1.202983 
24.100000 21.147303 -1.203176 
24.100000 21.247303 -1.203227 
24.100000 21.347303 -1.203160 
24.100000 21.447303 -1.203012 
24.100000 21.547303 -1.202831 
24.100000 21.647303 -1.202666 
24.100000 21.747303 -1.202557 
24.200000 17.147303 -1.199497 
24.200000 17.247303 -1.199607 
24.200000 17.347303 -1.199914 
24.200000 17.447303 -1.200381 
24.200000 17.547303 -1.200953 
24.200000 17.647303 -1.201566 
24.200000 17.747303 -1.202153 
24.200000 17.847303 -1.202657 
24.200000 17.947303 -1.203037 
24.200000 18.047303 -1.203272 
24.200000 18.147303 -1.203365 
24.200000 18.247303 -1.203340 
24.200000 18.347303 -1.203235 
24.200000 18.447303 -1.203097 
24.200000 18.547303 -1.202971 
24.200000 18.647303 -1.202896 
24.200000 18.747303 -1.202891 
24.200000 18.847303 -1.202958 
24.200000 18.947303 -1.203080 
24.200000 19.047303 -1.203223 
24.200000 19.147303 -1.203340 
24.200000 19.247303 -1.203386 
24.200000 19.347303 -1.203320 
24.200000 19.447303 -1.203114 
24.200000 19.547303 -1.202762 
24.200000 19.647303 -1.202281 
24.200000 19.747303 -1.201708 
24.200000 19.847303 -1.201099 
24.200000 19.947303 -1.200518 
24.200000 20.047303 -1.200031 
24.200000 20.147303 -1.199697 
24.200000 20.247303 -1.199554 
24.200000 20.347303 -1.199620 
24.200000 20.447303 -1.199887 
24.200000 20.547303 -1.200323 
24.200000 20.647303 -1.200874 
24.200000 20.747303 -1.201478 
24.200000 20.847303 -1.202067 
24.200000 20.947303 -1.202583 
24.200000 21.047303 -1.202980 
24.200000 21.147303 -1.203234 
24.200000 21.247303 -1.203345 
24.200000 21.347303 -1.203331 
24.200000 21.447303 -1.203230 
24.200000 21.547303 -1.203087 
24.200000 21.647303 -1.202950 
24.200000 21.747303 -1.202856 
