18.200000 16.974098 -1.986732 
18.200000 17.074098 -1.986758 
18.200000 17.174098 -1.986812 
18.200000 17.274098 -1.986885 
18.200000 17.374098 -1.986966 
18.200000 17.474098 -1.987042 
18.200000 17.574098 -1.987102 
18.200000 17.674098 -1.987141 
18.200000 17.774098 -1.987159 
18.200000 17.874098 -1.987159 
18.200000 17.974098 -1.987151 
18.200000 18.074098 -1.987142 
18.200000 18.174098 -1.987141 
18.200000 18.274098 -1.987149 
18.200000 18.374098 -1.987166 
18.200000 18.474098 -1.987184 
18.200000 18.574098 -1.987196 
18.200000 18.674098 -1.987193 
18.200000 18.774098 -1.987169 
18.200000 18.874098 -1.987123 
18.200000 18.974098 -1.987060 
18.200000 19.074098 -1.986988 
18.200000 19.174098 -1.986922 
18.200000 19.274098 -1.986872 
18.200000 19.374098 -1.986848 
18.200000 19.474098 -1.986856 
18.200000 19.574098 -1.986894 
18.200000 19.674098 -1.986954 
18.200000 19.774098 -1.987025 
18.200000 19.874098 -1.987093 
18.200000 19.974098 -1.987149 
18.200000 20.074098 -1.987184 
18.200000 20.174098 -1.987197 
18.200000 20.274098 -1.987191 
18.200000 20.374098 -1.987175 
18.200000 20.474098 -1.987156 
18.200000 20.574098 -1.987144 
18.200000 20.674098 -1.987140 
18.200000 20.774098 -1.987146 
18.200000 20.874098 -1.987155 
18.200000 20.974098 -1.987160 
18.200000 21.074098 -1.987152 
18.200000 21.174098 -1.987125 
18.200000 21.274098 -1.987075 
18.200000 21.374098 -1.987005 
18.200000 21.474098 -1.986925 
18.200000 21.574098 -1.986847 
18.200000 21.674098 -1.986782 
18.200000 21.774098 -1.986741 
18.300000 16.974098 -1.986756 
18.300000 17.074098 -1.986781 
18.300000 17.174098 -1.986833 
18.300000 17.274098 -1.986904 
18.300000 17.374098 -1.986982 
18.300000 17.474098 -1.987054 
18.300000 17.574098 -1.987110 
18.300000 17.674098 -1.987145 
18.300000 17.774098 -1.987158 
18.300000 17.874098 -1.987155 
18.300000 17.974098 -1.987144 
18.300000 18.074098 -1.987134 
18.300000 18.174098 -1.987132 
18.300000 18.274098 -1.987141 
18.300000 18.374098 -1.987159 
18.300000 18.474098 -1.987180 
18.300000 18.574098 -1.987195 
18.300000 18.674098 -1.987195 
18.300000 18.774098 -1.987175 
18.300000 18.874098 -1.987134 
18.300000 18.974098 -1.987074 
18.300000 19.074098 -1.987006 
18.300000 19.174098 -1.986942 
18.300000 19.274098 -1.986894 
18.300000 19.374098 -1.986872 
18.300000 19.474098 -1.986879 
18.300000 19.574098 -1.986916 
18.300000 19.674098 -1.986973 
18.300000 19.774098 -1.987041 
18.300000 19.874098 -1.987106 
18.300000 19.974098 -1.987157 
18.300000 20.074098 -1.987188 
18.300000 20.174098 -1.987197 
18.300000 20.274098 -1.987188 
18.300000 20.374098 -1.987169 
18.300000 20.474098 -1.987149 
18.300000 20.574098 -1.987135 
18.300000 20.674098 -1.987132 
18.300000 20.774098 -1.987139 
18.300000 20.874098 -1.987150 
18.300000 20.974098 -1.987158 
18.300000 21.074098 -1.987154 
18.300000 21.174098 -1.987130 
18.300000 21.274098 -1.987084 
18.300000 21.374098 -1.987019 
18.300000 21.474098 -1.986943 
18.300000 21.574098 -1.986867 
18.300000 21.674098 -1.986804 
18.300000 21.774098 -1.986764 
18.400000 16.974098 -1.986807 
18.400000 17.074098 -1.986831 
18.400000 17.174098 -1.986879 
18.400000 17.274098 -1.986943 
18.400000 17.374098 -1.987011 
18.400000 17.474098 -1.987073 
18.400000 17.574098 -1.987118 
18.400000 17.674098 -1.987141 
18.400000 17.774098 -1.987144 
18.400000 17.874098 -1.987132 
18.400000 17.974098 -1.987113 
18.400000 18.074098 -1.987098 
18.400000 18.174098 -1.987094 
18.400000 18.274098 -1.987104 
18.400000 18.374098 -1.987126 
18.400000 18.474098 -1.987154 
18.400000 18.574098 -1.987178 
18.400000 18.674098 -1.987189 
18.400000 18.774098 -1.987180 
18.400000 18.874098 -1.987150 
18.400000 18.974098 -1.987101 
18.400000 19.074098 -1.987043 
18.400000 19.174098 -1.986986 
18.400000 19.274098 -1.986943 
18.400000 19.374098 -1.986923 
18.400000 19.474098 -1.986930 
18.400000 19.574098 -1.986963 
18.400000 19.674098 -1.987014 
18.400000 19.774098 -1.987073 
18.400000 19.874098 -1.987128 
18.400000 19.974098 -1.987168 
18.400000 20.074098 -1.987187 
18.400000 20.174098 -1.987185 
18.400000 20.274098 -1.987167 
18.400000 20.374098 -1.987140 
18.400000 20.474098 -1.987114 
18.400000 20.574098 -1.987098 
18.400000 20.674098 -1.987095 
18.400000 20.774098 -1.987105 
18.400000 20.874098 -1.987123 
18.400000 20.974098 -1.987139 
18.400000 21.074098 -1.987145 
18.400000 21.174098 -1.987132 
18.400000 21.274098 -1.987098 
18.400000 21.374098 -1.987043 
18.400000 21.474098 -1.986977 
18.400000 21.574098 -1.986909 
18.400000 21.674098 -1.986852 
18.400000 21.774098 -1.986816 
18.500000 16.974098 -1.986878 
18.500000 17.074098 -1.986900 
18.500000 17.174098 -1.986941 
18.500000 17.274098 -1.986995 
18.500000 17.374098 -1.987051 
18.500000 17.474098 -1.987097 
18.500000 17.574098 -1.987125 
18.500000 17.674098 -1.987132 
18.500000 17.774098 -1.987119 
18.500000 17.874098 -1.987094 
18.500000 17.974098 -1.987065 
18.500000 18.074098 -1.987043 
18.500000 18.174098 -1.987037 
18.500000 18.274098 -1.987048 
18.500000 18.374098 -1.987076 
18.500000 18.474098 -1.987113 
18.500000 18.574098 -1.987150 
18.500000 18.674098 -1.987176 
18.500000 18.774098 -1.987184 
18.500000 18.874098 -1.987170 
18.500000 18.974098 -1.987137 
18.500000 19.074098 -1.987093 
18.500000 19.174098 -1.987047 
18.500000 19.274098 -1.987011 
18.500000 19.374098 -1.986994 
18.500000 19.474098 -1.987000 
18.500000 19.574098 -1.987027 
18.500000 19.674098 -1.987069 
18.500000 19.774098 -1.987116 
18.500000 19.874098 -1.987156 
18.500000 19.974098 -1.987180 
18.500000 20.074098 -1.987182 
18.500000 20.174098 -1.987165 
18.500000 20.274098 -1.987132 
18.500000 20.374098 -1.987094 
18.500000 20.474098 -1.987060 
18.500000 20.574098 -1.987040 
18.500000 20.674098 -1.987038 
18.500000 20.774098 -1.987053 
18.500000 20.874098 -1.987079 
18.500000 20.974098 -1.987108 
18.500000 21.074098 -1.987128 
18.500000 21.174098 -1.987131 
18.500000 21.274098 -1.987114 
18.500000 21.374098 -1.987075 
18.500000 21.474098 -1.987023 
18.500000 21.574098 -1.986967 
18.500000 21.674098 -1.986918 
18.500000 21.774098 -1.986886 
18.600000 16.974098 -1.986956 
18.600000 17.074098 -1.986975 
18.600000 17.174098 -1.987010 
18.600000 17.274098 -1.987052 
18.600000 17.374098 -1.987093 
18.600000 17.474098 -1.987123 
18.600000 17.574098 -1.987133 
18.600000 17.674098 -1.987121 
18.600000 17.774098 -1.987091 
18.600000 17.874098 -1.987051 
18.600000 17.974098 -1.987010 
18.600000 18.074098 -1.986981 
18.600000 18.174098 -1.986971 
18.600000 18.274098 -1.986985 
18.600000 18.374098 -1.987019 
18.600000 18.474098 -1.987067 
18.600000 18.574098 -1.987118 
18.600000 18.674098 -1.987161 
18.600000 18.774098 -1.987187 
18.600000 18.874098 -1.987191 
18.600000 18.974098 -1.987176 
18.600000 19.074098 -1.987146 
18.600000 19.174098 -1.987113 
18.600000 19.274098 -1.987085 
18.600000 19.374098 -1.987072 
18.600000 19.474098 -1.987076 
18.600000 19.574098 -1.987098 
18.600000 19.674098 -1.987130 
18.600000 19.774098 -1.987162 
18.600000 19.874098 -1.987186 
18.600000 19.974098 -1.987192 
18.600000 20.074098 -1.987176 
18.600000 20.174098 -1.987141 
18.600000 20.274098 -1.987092 
18.600000 20.374098 -1.987042 
18.600000 20.474098 -1.986999 
18.600000 20.574098 -1.986975 
18.600000 20.674098 -1.986973 
18.600000 20.774098 -1.986994 
18.600000 20.874098 -1.987030 
18.600000 20.974098 -1.987072 
18.600000 21.074098 -1.987108 
18.600000 21.174098 -1.987130 
18.600000 21.274098 -1.987130 
18.600000 21.374098 -1.987110 
18.600000 21.474098 -1.987074 
18.600000 21.574098 -1.987030 
18.600000 21.674098 -1.986991 
18.600000 21.774098 -1.986963 
18.700000 16.974098 -1.987026 
18.700000 17.074098 -1.987043 
18.700000 17.174098 -1.987071 
18.700000 17.274098 -1.987104 
18.700000 17.374098 -1.987132 
18.700000 17.474098 -1.987146 
18.700000 17.574098 -1.987140 
18.700000 17.674098 -1.987112 
18.700000 17.774098 -1.987066 
18.700000 17.874098 -1.987012 
18.700000 17.974098 -1.986961 
18.700000 18.074098 -1.986925 
18.700000 18.174098 -1.986913 
18.700000 18.274098 -1.986928 
18.700000 18.374098 -1.986968 
18.700000 18.474098 -1.987025 
18.700000 18.574098 -1.987089 
18.700000 18.674098 -1.987147 
18.700000 18.774098 -1.987189 
18.700000 18.874098 -1.987211 
18.700000 18.974098 -1.987211 
18.700000 19.074098 -1.987195 
18.700000 19.174098 -1.987173 
18.700000 19.274098 -1.987152 
18.700000 19.374098 -1.987142 
18.700000 19.474098 -1.987145 
18.700000 19.574098 -1.987162 
18.700000 19.674098 -1.987184 
18.700000 19.774098 -1.987205 
18.700000 19.874098 -1.987213 
18.700000 19.974098 -1.987203 
18.700000 20.074098 -1.987170 
18.700000 20.174098 -1.987119 
18.700000 20.274098 -1.987057 
18.700000 20.374098 -1.986995 
18.700000 20.474098 -1.986945 
18.700000 20.574098 -1.986917 
18.700000 20.674098 -1.986916 
18.700000 20.774098 -1.986941 
18.700000 20.874098 -1.986986 
18.700000 20.974098 -1.987040 
18.700000 21.074098 -1.987091 
18.700000 21.174098 -1.987128 
18.700000 21.274098 -1.987146 
18.700000 21.374098 -1.987141 
18.700000 21.474098 -1.987119 
18.700000 21.574098 -1.987088 
18.700000 21.674098 -1.987056 
18.700000 21.774098 -1.987033 
18.800000 16.974098 -1.987076 
18.800000 17.074098 -1.987092 
18.800000 17.174098 -1.987116 
18.800000 17.274098 -1.987142 
18.800000 17.374098 -1.987160 
18.800000 17.474098 -1.987164 
18.800000 17.574098 -1.987146 
18.800000 17.674098 -1.987106 
18.800000 17.774098 -1.987050 
18.800000 17.874098 -1.986987 
18.800000 17.974098 -1.986929 
18.800000 18.074098 -1.986888 
18.800000 18.174098 -1.986874 
18.800000 18.274098 -1.986890 
18.800000 18.374098 -1.986934 
18.800000 18.474098 -1.986998 
18.800000 18.574098 -1.987071 
18.800000 18.674098 -1.987139 
18.800000 18.774098 -1.987193 
18.800000 18.874098 -1.987226 
18.800000 18.974098 -1.987237 
18.800000 19.074098 -1.987231 
18.800000 19.174098 -1.987215 
18.800000 19.274098 -1.987200 
18.800000 19.374098 -1.987192 
18.800000 19.474098 -1.987195 
18.800000 19.574098 -1.987207 
18.800000 19.674098 -1.987224 
18.800000 19.774098 -1.987235 
18.800000 19.874098 -1.987234 
18.800000 19.974098 -1.987212 
18.800000 20.074098 -1.987168 
18.800000 20.174098 -1.987106 
18.800000 20.274098 -1.987034 
18.800000 20.374098 -1.986964 
18.800000 20.474098 -1.986909 
18.800000 20.574098 -1.986878 
18.800000 20.674098 -1.986877 
18.800000 20.774098 -1.986906 
18.800000 20.874098 -1.986957 
18.800000 20.974098 -1.987019 
18.800000 21.074098 -1.987080 
18.800000 21.174098 -1.987129 
18.800000 21.274098 -1.987158 
18.800000 21.374098 -1.987164 
18.800000 21.474098 -1.987152 
18.800000 21.574098 -1.987129 
18.800000 21.674098 -1.987103 
18.800000 21.774098 -1.987083 
18.900000 16.974098 -1.987098 
18.900000 17.074098 -1.987113 
18.900000 17.174098 -1.987135 
18.900000 17.274098 -1.987158 
18.900000 17.374098 -1.987174 
18.900000 17.474098 -1.987173 
18.900000 17.574098 -1.987151 
18.900000 17.674098 -1.987108 
18.900000 17.774098 -1.987048 
18.900000 17.874098 -1.986981 
18.900000 17.974098 -1.986921 
18.900000 18.074098 -1.986878 
18.900000 18.174098 -1.986863 
18.900000 18.274098 -1.986880 
18.900000 18.374098 -1.986925 
18.900000 18.474098 -1.986992 
18.900000 18.574098 -1.987067 
18.900000 18.674098 -1.987140 
18.900000 18.774098 -1.987197 
18.900000 18.874098 -1.987234 
18.900000 18.974098 -1.987249 
18.900000 19.074098 -1.987247 
18.900000 19.174098 -1.987234 
18.900000 19.274098 -1.987220 
18.900000 19.374098 -1.987213 
18.900000 19.474098 -1.987216 
18.900000 19.574098 -1.987227 
18.900000 19.674098 -1.987241 
18.900000 19.774098 -1.987250 
18.900000 19.874098 -1.987244 
18.900000 19.974098 -1.987218 
18.900000 20.074098 -1.987171 
18.900000 20.174098 -1.987105 
18.900000 20.274098 -1.987029 
18.900000 20.374098 -1.986956 
18.900000 20.474098 -1.986899 
18.900000 20.574098 -1.986868 
18.900000 20.674098 -1.986867 
18.900000 20.774098 -1.986897 
18.900000 20.874098 -1.986950 
18.900000 20.974098 -1.987015 
18.900000 21.074098 -1.987080 
18.900000 21.174098 -1.987132 
18.900000 21.274098 -1.987165 
18.900000 21.374098 -1.987176 
18.900000 21.474098 -1.987168 
18.900000 21.574098 -1.987147 
18.900000 21.674098 -1.987123 
18.900000 21.774098 -1.987104 
19.000000 16.974098 -1.987087 
19.000000 17.074098 -1.987102 
19.000000 17.174098 -1.987126 
19.000000 17.274098 -1.987152 
19.000000 17.374098 -1.987171 
19.000000 17.474098 -1.987174 
19.000000 17.574098 -1.987156 
19.000000 17.674098 -1.987117 
19.000000 17.774098 -1.987060 
19.000000 17.874098 -1.986997 
19.000000 17.974098 -1.986939 
19.000000 18.074098 -1.986898 
19.000000 18.174098 -1.986884 
19.000000 18.274098 -1.986900 
19.000000 18.374098 -1.986944 
19.000000 18.474098 -1.987008 
19.000000 18.574098 -1.987081 
19.000000 18.674098 -1.987149 
19.000000 18.774098 -1.987203 
19.000000 18.874098 -1.987236 
19.000000 18.974098 -1.987247 
19.000000 19.074098 -1.987241 
19.000000 19.174098 -1.987226 
19.000000 19.274098 -1.987210 
19.000000 19.374098 -1.987202 
19.000000 19.474098 -1.987205 
19.000000 19.574098 -1.987217 
19.000000 19.674098 -1.987234 
19.000000 19.774098 -1.987246 
19.000000 19.874098 -1.987244 
19.000000 19.974098 -1.987222 
19.000000 20.074098 -1.987178 
19.000000 20.174098 -1.987116 
19.000000 20.274098 -1.987044 
19.000000 20.374098 -1.986974 
19.000000 20.474098 -1.986919 
19.000000 20.574098 -1.986888 
19.000000 20.674098 -1.986888 
19.000000 20.774098 -1.986916 
19.000000 20.874098 -1.986967 
19.000000 20.974098 -1.987029 
19.000000 21.074098 -1.987090 
19.000000 21.174098 -1.987139 
19.000000 21.274098 -1.987168 
19.000000 21.374098 -1.987175 
19.000000 21.474098 -1.987163 
19.000000 21.574098 -1.987139 
19.000000 21.674098 -1.987113 
19.000000 21.774098 -1.987093 
19.100000 16.974098 -1.987047 
19.100000 17.074098 -1.987064 
19.100000 17.174098 -1.987092 
19.100000 17.274098 -1.987125 
19.100000 17.374098 -1.987153 
19.100000 17.474098 -1.987166 
19.100000 17.574098 -1.987160 
19.100000 17.674098 -1.987132 
19.100000 17.774098 -1.987087 
19.100000 17.874098 -1.987033 
19.100000 17.974098 -1.986982 
19.100000 18.074098 -1.986946 
19.100000 18.174098 -1.986933 
19.100000 18.274098 -1.986948 
19.100000 18.374098 -1.986988 
19.100000 18.474098 -1.987046 
19.100000 18.574098 -1.987110 
19.100000 18.674098 -1.987167 
19.100000 18.774098 -1.987210 
19.100000 18.874098 -1.987231 
19.100000 18.974098 -1.987231 
19.100000 19.074098 -1.987216 
19.100000 19.174098 -1.987193 
19.100000 19.274098 -1.987173 
19.100000 19.374098 -1.987162 
19.100000 19.474098 -1.987166 
19.100000 19.574098 -1.987182 
19.100000 19.674098 -1.987205 
19.100000 19.774098 -1.987225 
19.100000 19.874098 -1.987234 
19.100000 19.974098 -1.987223 
19.100000 20.074098 -1.987191 
19.100000 20.174098 -1.987140 
19.100000 20.274098 -1.987078 
19.100000 20.374098 -1.987015 
19.100000 20.474098 -1.986965 
19.100000 20.574098 -1.986937 
19.100000 20.674098 -1.986936 
19.100000 20.774098 -1.986961 
19.100000 20.874098 -1.987006 
19.100000 20.974098 -1.987060 
19.100000 21.074098 -1.987111 
19.100000 21.174098 -1.987149 
19.100000 21.274098 -1.987166 
19.100000 21.374098 -1.987162 
19.100000 21.474098 -1.987140 
19.100000 21.574098 -1.987108 
19.100000 21.674098 -1.987077 
19.100000 21.774098 -1.987053 
19.200000 16.974098 -1.986987 
19.200000 17.074098 -1.987006 
19.200000 17.174098 -1.987040 
19.200000 17.274098 -1.987083 
19.200000 17.374098 -1.987124 
19.200000 17.474098 -1.987153 
19.200000 17.574098 -1.987163 
19.200000 17.674098 -1.987152 
19.200000 17.774098 -1.987122 
19.200000 17.874098 -1.987081 
19.200000 17.974098 -1.987041 
19.200000 18.074098 -1.987012 
19.200000 18.174098 -1.987002 
19.200000 18.274098 -1.987015 
19.200000 18.374098 -1.987050 
19.200000 18.474098 -1.987098 
19.200000 18.574098 -1.987148 
19.200000 18.674098 -1.987191 
19.200000 18.774098 -1.987217 
19.200000 18.874098 -1.987222 
19.200000 18.974098 -1.987207 
19.200000 19.074098 -1.987177 
19.200000 19.174098 -1.987144 
19.200000 19.274098 -1.987116 
19.200000 19.374098 -1.987102 
19.200000 19.474098 -1.987107 
19.200000 19.574098 -1.987128 
19.200000 19.674098 -1.987160 
19.200000 19.774098 -1.987193 
19.200000 19.874098 -1.987217 
19.200000 19.974098 -1.987222 
19.200000 20.074098 -1.987207 
19.200000 20.174098 -1.987171 
19.200000 20.274098 -1.987123 
19.200000 20.374098 -1.987072 
19.200000 20.474098 -1.987030 
19.200000 20.574098 -1.987006 
19.200000 20.674098 -1.987004 
19.200000 20.774098 -1.987024 
19.200000 20.874098 -1.987061 
19.200000 20.974098 -1.987102 
19.200000 21.074098 -1.987139 
19.200000 21.174098 -1.987160 
19.200000 21.274098 -1.987161 
19.200000 21.374098 -1.987141 
19.200000 21.474098 -1.987104 
19.200000 21.574098 -1.987061 
19.200000 21.674098 -1.987021 
19.200000 21.774098 -1.986994 
19.300000 16.974098 -1.986919 
19.300000 17.074098 -1.986940 
19.300000 17.174098 -1.986982 
19.300000 17.274098 -1.987036 
19.300000 17.374098 -1.987092 
19.300000 17.474098 -1.987138 
19.300000 17.574098 -1.987166 
19.300000 17.674098 -1.987173 
19.300000 17.774098 -1.987160 
19.300000 17.874098 -1.987135 
19.300000 17.974098 -1.987106 
19.300000 18.074098 -1.987084 
19.300000 18.174098 -1.987078 
19.300000 18.274098 -1.987089 
19.300000 18.374098 -1.987117 
19.300000 18.474098 -1.987154 
19.300000 18.574098 -1.987191 
19.300000 18.674098 -1.987217 
19.300000 18.774098 -1.987225 
19.300000 18.874098 -1.987211 
19.300000 18.974098 -1.987178 
19.300000 19.074098 -1.987134 
19.300000 19.174098 -1.987088 
19.300000 19.274098 -1.987052 
19.300000 19.374098 -1.987035 
19.300000 19.474098 -1.987041 
19.300000 19.574098 -1.987068 
19.300000 19.674098 -1.987110 
19.300000 19.774098 -1.987157 
19.300000 19.874098 -1.987197 
19.300000 19.974098 -1.987221 
19.300000 20.074098 -1.987223 
19.300000 20.174098 -1.987206 
19.300000 20.274098 -1.987173 
19.300000 20.374098 -1.987135 
19.300000 20.474098 -1.987101 
19.300000 20.574098 -1.987081 
19.300000 20.674098 -1.987079 
19.300000 20.774098 -1.987094 
19.300000 20.874098 -1.987120 
19.300000 20.974098 -1.987149 
19.300000 21.074098 -1.987169 
19.300000 21.174098 -1.987172 
19.300000 21.274098 -1.987155 
19.300000 21.374098 -1.987116 
19.300000 21.474098 -1.987064 
19.300000 21.574098 -1.987008 
19.300000 21.674098 -1.986959 
19.300000 21.774098 -1.986927 
19.400000 16.974098 -1.986858 
19.400000 17.074098 -1.986882 
19.400000 17.174098 -1.986930 
19.400000 17.274098 -1.986994 
19.400000 17.374098 -1.987063 
19.400000 17.474098 -1.987124 
19.400000 17.574098 -1.987169 
19.400000 17.674098 -1.987192 
19.400000 17.774098 -1.987195 
19.400000 17.874098 -1.987183 
19.400000 17.974098 -1.987165 
19.400000 18.074098 -1.987150 
19.400000 18.174098 -1.987146 
19.400000 18.274098 -1.987156 
19.400000 18.374098 -1.987178 
19.400000 18.474098 -1.987205 
19.400000 18.574098 -1.987229 
19.400000 18.674098 -1.987240 
19.400000 18.774098 -1.987232 
19.400000 18.874098 -1.987201 
19.400000 18.974098 -1.987153 
19.400000 19.074098 -1.987094 
19.400000 19.174098 -1.987038 
19.400000 19.274098 -1.986995 
19.400000 19.374098 -1.986974 
19.400000 19.474098 -1.986981 
19.400000 19.574098 -1.987014 
19.400000 19.674098 -1.987065 
19.400000 19.774098 -1.987124 
19.400000 19.874098 -1.987179 
19.400000 19.974098 -1.987219 
19.400000 20.074098 -1.987239 
19.400000 20.174098 -1.987237 
19.400000 20.274098 -1.987218 
19.400000 20.374098 -1.987191 
19.400000 20.474098 -1.987165 
19.400000 20.574098 -1.987149 
19.400000 20.674098 -1.987146 
19.400000 20.774098 -1.987156 
19.400000 20.874098 -1.987174 
19.400000 20.974098 -1.987190 
19.400000 21.074098 -1.987196 
19.400000 21.174098 -1.987183 
19.400000 21.274098 -1.987149 
19.400000 21.374098 -1.987095 
19.400000 21.474098 -1.987028 
19.400000 21.574098 -1.986960 
19.400000 21.674098 -1.986903 
19.400000 21.774098 -1.986867 
19.500000 16.974098 -1.986817 
19.500000 17.074098 -1.986842 
19.500000 17.174098 -1.986895 
19.500000 17.274098 -1.986966 
19.500000 17.374098 -1.987043 
19.500000 17.474098 -1.987115 
19.500000 17.574098 -1.987172 
19.500000 17.674098 -1.987206 
19.500000 17.774098 -1.987220 
19.500000 17.874098 -1.987217 
19.500000 17.974098 -1.987206 
19.500000 18.074098 -1.987196 
19.500000 18.174098 -1.987194 
19.500000 18.274098 -1.987203 
19.500000 18.374098 -1.987220 
19.500000 18.474098 -1.987241 
19.500000 18.574098 -1.987257 
19.500000 18.674098 -1.987257 
19.500000 18.774098 -1.987237 
19.500000 18.874098 -1.987195 
19.500000 18.974098 -1.987136 
19.500000 19.074098 -1.987068 
19.500000 19.174098 -1.987004 
19.500000 19.274098 -1.986956 
19.500000 19.374098 -1.986933 
19.500000 19.474098 -1.986941 
19.500000 19.574098 -1.986977 
19.500000 19.674098 -1.987035 
19.500000 19.774098 -1.987103 
19.500000 19.874098 -1.987168 
19.500000 19.974098 -1.987219 
19.500000 20.074098 -1.987250 
19.500000 20.174098 -1.987259 
19.500000 20.274098 -1.987250 
19.500000 20.374098 -1.987231 
19.500000 20.474098 -1.987211 
19.500000 20.574098 -1.987197 
19.500000 20.674098 -1.987193 
19.500000 20.774098 -1.987200 
19.500000 20.874098 -1.987212 
19.500000 20.974098 -1.987220 
19.500000 21.074098 -1.987216 
19.500000 21.174098 -1.987192 
19.500000 21.274098 -1.987146 
19.500000 21.374098 -1.987081 
19.500000 21.474098 -1.987004 
19.500000 21.574098 -1.986928 
19.500000 21.674098 -1.986865 
19.500000 21.774098 -1.986826 
19.600000 16.974098 -1.986804 
19.600000 17.074098 -1.986830 
19.600000 17.174098 -1.986884 
19.600000 17.274098 -1.986957 
19.600000 17.374098 -1.987038 
19.600000 17.474098 -1.987114 
19.600000 17.574098 -1.987174 
19.600000 17.674098 -1.987213 
19.600000 17.774098 -1.987231 
19.600000 17.874098 -1.987231 
19.600000 17.974098 -1.987223 
19.600000 18.074098 -1.987214 
19.600000 18.174098 -1.987213 
19.600000 18.274098 -1.987221 
19.600000 18.374098 -1.987238 
19.600000 18.474098 -1.987256 
19.600000 18.574098 -1.987268 
19.600000 18.674098 -1.987265 
19.600000 18.774098 -1.987241 
19.600000 18.874098 -1.987195 
19.600000 18.974098 -1.987132 
19.600000 19.074098 -1.987061 
19.600000 19.174098 -1.986994 
19.600000 19.274098 -1.986944 
19.600000 19.374098 -1.986921 
19.600000 19.474098 -1.986929 
19.600000 19.574098 -1.986966 
19.600000 19.674098 -1.987026 
19.600000 19.774098 -1.987097 
19.600000 19.874098 -1.987165 
19.600000 19.974098 -1.987221 
19.600000 20.074098 -1.987256 
19.600000 20.174098 -1.987269 
19.600000 20.274098 -1.987264 
19.600000 20.374098 -1.987247 
19.600000 20.474098 -1.987229 
19.600000 20.574098 -1.987216 
19.600000 20.674098 -1.987212 
19.600000 20.774098 -1.987218 
19.600000 20.874098 -1.987227 
19.600000 20.974098 -1.987233 
19.600000 21.074098 -1.987225 
19.600000 21.174098 -1.987197 
19.600000 21.274098 -1.987147 
19.600000 21.374098 -1.987077 
19.600000 21.474098 -1.986997 
19.600000 21.574098 -1.986919 
19.600000 21.674098 -1.986854 
19.600000 21.774098 -1.986813 
19.700000 16.974098 -1.986823 
19.700000 17.074098 -1.986848 
19.700000 17.174098 -1.986900 
19.700000 17.274098 -1.986971 
19.700000 17.374098 -1.987049 
19.700000 17.474098 -1.987121 
19.700000 17.574098 -1.987178 
19.700000 17.674098 -1.987212 
19.700000 17.774098 -1.987226 
19.700000 17.874098 -1.987223 
19.700000 17.974098 -1.987212 
19.700000 18.074098 -1.987202 
19.700000 18.174098 -1.987200 
19.700000 18.274098 -1.987208 
19.700000 18.374098 -1.987226 
19.700000 18.474098 -1.987247 
19.700000 18.574098 -1.987262 
19.700000 18.674098 -1.987263 
19.700000 18.774098 -1.987243 
19.700000 18.874098 -1.987201 
19.700000 18.974098 -1.987142 
19.700000 19.074098 -1.987074 
19.700000 19.174098 -1.987010 
19.700000 19.274098 -1.986962 
19.700000 19.374098 -1.986939 
19.700000 19.474098 -1.986947 
19.700000 19.574098 -1.986983 
19.700000 19.674098 -1.987041 
19.700000 19.774098 -1.987109 
19.700000 19.874098 -1.987174 
19.700000 19.974098 -1.987225 
19.700000 20.074098 -1.987256 
19.700000 20.174098 -1.987265 
19.700000 20.274098 -1.987256 
19.700000 20.374098 -1.987237 
19.700000 20.474098 -1.987217 
19.700000 20.574098 -1.987203 
19.700000 20.674098 -1.987199 
19.700000 20.774098 -1.987206 
19.700000 20.874098 -1.987218 
19.700000 20.974098 -1.987226 
19.700000 21.074098 -1.987222 
19.700000 21.174098 -1.987198 
19.700000 21.274098 -1.987152 
19.700000 21.374098 -1.987086 
19.700000 21.474098 -1.987010 
19.700000 21.574098 -1.986934 
19.700000 21.674098 -1.986871 
19.700000 21.774098 -1.986832 
19.800000 16.974098 -1.986870 
19.800000 17.074098 -1.986894 
19.800000 17.174098 -1.986942 
19.800000 17.274098 -1.987006 
19.800000 17.374098 -1.987074 
19.800000 17.474098 -1.987136 
19.800000 17.574098 -1.987181 
19.800000 17.674098 -1.987204 
19.800000 17.774098 -1.987207 
19.800000 17.874098 -1.987195 
19.800000 17.974098 -1.987176 
19.800000 18.074098 -1.987162 
19.800000 18.174098 -1.987158 
19.800000 18.274098 -1.987168 
19.800000 18.374098 -1.987190 
19.800000 18.474098 -1.987217 
19.800000 18.574098 -1.987241 
19.800000 18.674098 -1.987252 
19.800000 18.774098 -1.987244 
19.800000 18.874098 -1.987213 
19.800000 18.974098 -1.987165 
19.800000 19.074098 -1.987106 
19.800000 19.174098 -1.987050 
19.800000 19.274098 -1.987007 
19.800000 19.374098 -1.986986 
19.800000 19.474098 -1.986993 
19.800000 19.574098 -1.987026 
19.800000 19.674098 -1.987077 
19.800000 19.774098 -1.987136 
19.800000 19.874098 -1.987191 
19.800000 19.974098 -1.987231 
19.800000 20.074098 -1.987251 
19.800000 20.174098 -1.987249 
19.800000 20.274098 -1.987230 
19.800000 20.374098 -1.987203 
19.800000 20.474098 -1.987177 
19.800000 20.574098 -1.987161 
19.800000 20.674098 -1.987158 
19.800000 20.774098 -1.987168 
19.800000 20.874098 -1.987186 
19.800000 20.974098 -1.987202 
19.800000 21.074098 -1.987208 
19.800000 21.174098 -1.987195 
19.800000 21.274098 -1.987161 
19.800000 21.374098 -1.987107 
19.800000 21.474098 -1.987040 
19.800000 21.574098 -1.986972 
19.800000 21.674098 -1.986915 
19.800000 21.774098 -1.986879 
19.900000 16.974098 -1.986937 
19.900000 17.074098 -1.986958 
19.900000 17.174098 -1.987000 
19.900000 17.274098 -1.987054 
19.900000 17.374098 -1.987110 
19.900000 17.474098 -1.987156 
19.900000 17.574098 -1.987184 
19.900000 17.674098 -1.987191 
19.900000 17.774098 -1.987178 
19.900000 17.874098 -1.987153 
19.900000 17.974098 -1.987124 
19.900000 18.074098 -1.987102 
19.900000 18.174098 -1.987095 
19.900000 18.274098 -1.987107 
19.900000 18.374098 -1.987135 
19.900000 18.474098 -1.987172 
19.900000 18.574098 -1.987209 
19.900000 18.674098 -1.987235 
19.900000 18.774098 -1.987243 
19.900000 18.874098 -1.987229 
19.900000 18.974098 -1.987196 
19.900000 19.074098 -1.987152 
19.900000 19.174098 -1.987106 
19.900000 19.274098 -1.987070 
19.900000 19.374098 -1.987053 
19.900000 19.474098 -1.987059 
19.900000 19.574098 -1.987086 
19.900000 19.674098 -1.987128 
19.900000 19.774098 -1.987175 
19.900000 19.874098 -1.987215 
19.900000 19.974098 -1.987239 
19.900000 20.074098 -1.987241 
19.900000 20.174098 -1.987224 
19.900000 20.274098 -1.987191 
19.900000 20.374098 -1.987153 
19.900000 20.474098 -1.987119 
19.900000 20.574098 -1.987099 
19.900000 20.674098 -1.987097 
19.900000 20.774098 -1.987112 
19.900000 20.874098 -1.987138 
19.900000 20.974098 -1.987166 
19.900000 21.074098 -1.987187 
19.900000 21.174098 -1.987190 
19.900000 21.274098 -1.987172 
19.900000 21.374098 -1.987134 
19.900000 21.474098 -1.987082 
19.900000 21.574098 -1.987026 
19.900000 21.674098 -1.986977 
19.900000 21.774098 -1.986945 
20.000000 16.974098 -1.987010 
20.000000 17.074098 -1.987029 
20.000000 17.174098 -1.987064 
20.000000 17.274098 -1.987107 
20.000000 17.374098 -1.987148 
20.000000 17.474098 -1.987177 
20.000000 17.574098 -1.987187 
20.000000 17.674098 -1.987176 
20.000000 17.774098 -1.987146 
20.000000 17.874098 -1.987105 
20.000000 17.974098 -1.987065 
20.000000 18.074098 -1.987036 
20.000000 18.174098 -1.987026 
20.000000 18.274098 -1.987039 
20.000000 18.374098 -1.987074 
20.000000 18.474098 -1.987121 
20.000000 18.574098 -1.987172 
20.000000 18.674098 -1.987215 
20.000000 18.774098 -1.987241 
20.000000 18.874098 -1.987246 
20.000000 18.974098 -1.987230 
20.000000 19.074098 -1.987201 
20.000000 19.174098 -1.987167 
20.000000 19.274098 -1.987140 
20.000000 19.374098 -1.987126 
20.000000 19.474098 -1.987131 
20.000000 19.574098 -1.987152 
20.000000 19.674098 -1.987184 
20.000000 19.774098 -1.987217 
20.000000 19.874098 -1.987240 
20.000000 19.974098 -1.987246 
20.000000 20.074098 -1.987231 
20.000000 20.174098 -1.987195 
20.000000 20.274098 -1.987147 
20.000000 20.374098 -1.987096 
20.000000 20.474098 -1.987054 
20.000000 20.574098 -1.987030 
20.000000 20.674098 -1.987028 
20.000000 20.774098 -1.987048 
20.000000 20.874098 -1.987084 
20.000000 20.974098 -1.987126 
20.000000 21.074098 -1.987163 
20.000000 21.174098 -1.987184 
20.000000 21.274098 -1.987185 
20.000000 21.374098 -1.987164 
20.000000 21.474098 -1.987128 
20.000000 21.574098 -1.987085 
20.000000 21.674098 -1.987045 
20.000000 21.774098 -1.987018 
20.100000 16.974098 -1.987076 
20.100000 17.074098 -1.987093 
20.100000 17.174098 -1.987122 
20.100000 17.274098 -1.987154 
20.100000 17.374098 -1.987182 
20.100000 17.474098 -1.987196 
20.100000 17.574098 -1.987190 
20.100000 17.674098 -1.987162 
20.100000 17.774098 -1.987116 
20.100000 17.874098 -1.987062 
20.100000 17.974098 -1.987012 
20.100000 18.074098 -1.986976 
20.100000 18.174098 -1.986963 
20.100000 18.274098 -1.986978 
20.100000 18.374098 -1.987018 
20.100000 18.474098 -1.987076 
20.100000 18.574098 -1.987139 
20.100000 18.674098 -1.987197 
20.100000 18.774098 -1.987240 
20.100000 18.874098 -1.987261 
20.100000 18.974098 -1.987261 
20.100000 19.074098 -1.987246 
20.100000 19.174098 -1.987223 
20.100000 19.274098 -1.987203 
20.100000 19.374098 -1.987192 
20.100000 19.474098 -1.987196 
20.100000 19.574098 -1.987212 
20.100000 19.674098 -1.987235 
20.100000 19.774098 -1.987255 
20.100000 19.874098 -1.987264 
20.100000 19.974098 -1.987253 
20.100000 20.074098 -1.987221 
20.100000 20.174098 -1.987170 
20.100000 20.274098 -1.987107 
20.100000 20.374098 -1.987045 
20.100000 20.474098 -1.986995 
20.100000 20.574098 -1.986967 
20.100000 20.674098 -1.986966 
20.100000 20.774098 -1.986991 
20.100000 20.874098 -1.987036 
20.100000 20.974098 -1.987090 
20.100000 21.074098 -1.987141 
20.100000 21.174098 -1.987179 
20.100000 21.274098 -1.987196 
20.100000 21.374098 -1.987192 
20.100000 21.474098 -1.987170 
20.100000 21.574098 -1.987138 
20.100000 21.674098 -1.987106 
20.100000 21.774098 -1.987083 
20.200000 16.974098 -1.987122 
20.200000 17.074098 -1.987138 
20.200000 17.174098 -1.987162 
20.200000 17.274098 -1.987188 
20.200000 17.374098 -1.987206 
20.200000 17.474098 -1.987210 
20.200000 17.574098 -1.987192 
20.200000 17.674098 -1.987153 
20.200000 17.774098 -1.987096 
20.200000 17.874098 -1.987033 
20.200000 17.974098 -1.986975 
20.200000 18.074098 -1.986934 
20.200000 18.174098 -1.986920 
20.200000 18.274098 -1.986936 
20.200000 18.374098 -1.986980 
20.200000 18.474098 -1.987044 
20.200000 18.574098 -1.987117 
20.200000 18.674098 -1.987185 
20.200000 18.774098 -1.987239 
20.200000 18.874098 -1.987272 
20.200000 18.974098 -1.987283 
20.200000 19.074098 -1.987277 
20.200000 19.174098 -1.987262 
20.200000 19.274098 -1.987246 
20.200000 19.374098 -1.987238 
20.200000 19.474098 -1.987241 
20.200000 19.574098 -1.987253 
20.200000 19.674098 -1.987270 
20.200000 19.774098 -1.987282 
20.200000 19.874098 -1.987280 
20.200000 19.974098 -1.987258 
20.200000 20.074098 -1.987214 
20.200000 20.174098 -1.987152 
20.200000 20.274098 -1.987080 
20.200000 20.374098 -1.987010 
20.200000 20.474098 -1.986955 
20.200000 20.574098 -1.986924 
20.200000 20.674098 -1.986924 
20.200000 20.774098 -1.986952 
20.200000 20.874098 -1.987003 
20.200000 20.974098 -1.987065 
20.200000 21.074098 -1.987126 
20.200000 21.174098 -1.987175 
20.200000 21.274098 -1.987204 
20.200000 21.374098 -1.987210 
20.200000 21.474098 -1.987198 
20.200000 21.574098 -1.987175 
20.200000 21.674098 -1.987149 
20.200000 21.774098 -1.987129 
20.300000 16.974098 -1.987139 
20.300000 17.074098 -1.987154 
20.300000 17.174098 -1.987177 
20.300000 17.274098 -1.987200 
20.300000 17.374098 -1.987216 
20.300000 17.474098 -1.987215 
20.300000 17.574098 -1.987193 
20.300000 17.674098 -1.987150 
20.300000 17.774098 -1.987090 
20.300000 17.874098 -1.987023 
20.300000 17.974098 -1.986963 
20.300000 18.074098 -1.986920 
20.300000 18.174098 -1.986905 
20.300000 18.274098 -1.986922 
20.300000 18.374098 -1.986967 
20.300000 18.474098 -1.987034 
20.300000 18.574098 -1.987109 
20.300000 18.674098 -1.987182 
20.300000 18.774098 -1.987239 
20.300000 18.874098 -1.987276 
20.300000 18.974098 -1.987291 
20.300000 19.074098 -1.987289 
20.300000 19.174098 -1.987276 
20.300000 19.274098 -1.987262 
20.300000 19.374098 -1.987255 
20.300000 19.474098 -1.987258 
20.300000 19.574098 -1.987269 
20.300000 19.674098 -1.987283 
20.300000 19.774098 -1.987292 
20.300000 19.874098 -1.987286 
20.300000 19.974098 -1.987260 
20.300000 20.074098 -1.987213 
20.300000 20.174098 -1.987147 
20.300000 20.274098 -1.987071 
20.300000 20.374098 -1.986998 
20.300000 20.474098 -1.986941 
20.300000 20.574098 -1.986910 
20.300000 20.674098 -1.986909 
20.300000 20.774098 -1.986938 
20.300000 20.874098 -1.986991 
20.300000 20.974098 -1.987057 
20.300000 21.074098 -1.987122 
20.300000 21.174098 -1.987174 
20.300000 21.274098 -1.987207 
20.300000 21.374098 -1.987218 
20.300000 21.474098 -1.987209 
20.300000 21.574098 -1.987189 
20.300000 21.674098 -1.987165 
20.300000 21.774098 -1.987146 
20.400000 16.974098 -1.987124 
20.400000 17.074098 -1.987140 
20.400000 17.174098 -1.987164 
20.400000 17.274098 -1.987190 
20.400000 17.374098 -1.987208 
20.400000 17.474098 -1.987212 
20.400000 17.574098 -1.987194 
20.400000 17.674098 -1.987154 
20.400000 17.774098 -1.987098 
20.400000 17.874098 -1.987035 
20.400000 17.974098 -1.986977 
20.400000 18.074098 -1.986936 
20.400000 18.174098 -1.986922 
20.400000 18.274098 -1.986938 
20.400000 18.374098 -1.986982 
20.400000 18.474098 -1.987046 
20.400000 18.574098 -1.987119 
20.400000 18.674098 -1.987187 
20.400000 18.774098 -1.987241 
20.400000 18.874098 -1.987274 
20.400000 18.974098 -1.987285 
20.400000 19.074098 -1.987279 
20.400000 19.174098 -1.987264 
20.400000 19.274098 -1.987248 
20.400000 19.374098 -1.987240 
20.400000 19.474098 -1.987243 
20.400000 19.574098 -1.987255 
20.400000 19.674098 -1.987272 
20.400000 19.774098 -1.987284 
20.400000 19.874098 -1.987282 
20.400000 19.974098 -1.987260 
20.400000 20.074098 -1.987216 
20.400000 20.174098 -1.987154 
20.400000 20.274098 -1.987082 
20.400000 20.374098 -1.987012 
20.400000 20.474098 -1.986957 
20.400000 20.574098 -1.986926 
20.400000 20.674098 -1.986925 
20.400000 20.774098 -1.986954 
20.400000 20.874098 -1.987005 
20.400000 20.974098 -1.987067 
20.400000 21.074098 -1.987128 
20.400000 21.174098 -1.987177 
20.400000 21.274098 -1.987206 
20.400000 21.374098 -1.987212 
20.400000 21.474098 -1.987200 
20.400000 21.574098 -1.987177 
20.400000 21.674098 -1.987151 
20.400000 21.774098 -1.987131 
20.500000 16.974098 -1.987080 
20.500000 17.074098 -1.987097 
20.500000 17.174098 -1.987126 
20.500000 17.274098 -1.987158 
20.500000 17.374098 -1.987186 
20.500000 17.474098 -1.987200 
20.500000 17.574098 -1.987194 
20.500000 17.674098 -1.987166 
20.500000 17.774098 -1.987120 
20.500000 17.874098 -1.987066 
20.500000 17.974098 -1.987015 
20.500000 18.074098 -1.986979 
20.500000 18.174098 -1.986967 
20.500000 18.274098 -1.986982 
20.500000 18.374098 -1.987022 
20.500000 18.474098 -1.987080 
20.500000 18.574098 -1.987143 
20.500000 18.674098 -1.987201 
20.500000 18.774098 -1.987244 
20.500000 18.874098 -1.987265 
20.500000 18.974098 -1.987265 
20.500000 19.074098 -1.987250 
20.500000 19.174098 -1.987227 
20.500000 19.274098 -1.987206 
20.500000 19.374098 -1.987196 
20.500000 19.474098 -1.987200 
20.500000 19.574098 -1.987216 
20.500000 19.674098 -1.987239 
20.500000 19.774098 -1.987259 
20.500000 19.874098 -1.987267 
20.500000 19.974098 -1.987257 
20.500000 20.074098 -1.987225 
20.500000 20.174098 -1.987174 
20.500000 20.274098 -1.987111 
20.500000 20.374098 -1.987049 
20.500000 20.474098 -1.986999 
20.500000 20.574098 -1.986971 
20.500000 20.674098 -1.986970 
20.500000 20.774098 -1.986995 
20.500000 20.874098 -1.987040 
20.500000 20.974098 -1.987094 
20.500000 21.074098 -1.987145 
20.500000 21.174098 -1.987182 
20.500000 21.274098 -1.987200 
20.500000 21.374098 -1.987195 
20.500000 21.474098 -1.987173 
20.500000 21.574098 -1.987142 
20.500000 21.674098 -1.987110 
20.500000 21.774098 -1.987087 
20.600000 16.974098 -1.987016 
20.600000 17.074098 -1.987035 
20.600000 17.174098 -1.987070 
20.600000 17.274098 -1.987113 
20.600000 17.374098 -1.987154 
20.600000 17.474098 -1.987183 
20.600000 17.574098 -1.987193 
20.600000 17.674098 -1.987182 
20.600000 17.774098 -1.987152 
20.600000 17.874098 -1.987111 
20.600000 17.974098 -1.987071 
20.600000 18.074098 -1.987041 
20.600000 18.174098 -1.987032 
20.600000 18.274098 -1.987045 
20.600000 18.374098 -1.987079 
20.600000 18.474098 -1.987127 
20.600000 18.574098 -1.987178 
20.600000 18.674098 -1.987221 
20.600000 18.774098 -1.987247 
20.600000 18.874098 -1.987252 
20.600000 18.974098 -1.987236 
20.600000 19.074098 -1.987207 
20.600000 19.174098 -1.987173 
20.600000 19.274098 -1.987146 
20.600000 19.374098 -1.987132 
20.600000 19.474098 -1.987137 
20.600000 19.574098 -1.987158 
20.600000 19.674098 -1.987190 
20.600000 19.774098 -1.987223 
20.600000 19.874098 -1.987246 
20.600000 19.974098 -1.987252 
20.600000 20.074098 -1.987236 
20.600000 20.174098 -1.987201 
20.600000 20.274098 -1.987153 
20.600000 20.374098 -1.987102 
20.600000 20.474098 -1.987060 
20.600000 20.574098 -1.987036 
20.600000 20.674098 -1.987034 
20.600000 20.774098 -1.987054 
20.600000 20.874098 -1.987090 
20.600000 20.974098 -1.987132 
20.600000 21.074098 -1.987169 
20.600000 21.174098 -1.987190 
20.600000 21.274098 -1.987191 
20.600000 21.374098 -1.987170 
20.600000 21.474098 -1.987134 
20.600000 21.574098 -1.987091 
20.600000 21.674098 -1.987051 
20.600000 21.774098 -1.987023 
20.700000 16.974098 -1.986945 
20.700000 17.074098 -1.986966 
20.700000 17.174098 -1.987008 
20.700000 17.274098 -1.987062 
20.700000 17.374098 -1.987117 
20.700000 17.474098 -1.987163 
20.700000 17.574098 -1.987192 
20.700000 17.674098 -1.987199 
20.700000 17.774098 -1.987186 
20.700000 17.874098 -1.987160 
20.700000 17.974098 -1.987132 
20.700000 18.074098 -1.987110 
20.700000 18.174098 -1.987103 
20.700000 18.274098 -1.987115 
20.700000 18.374098 -1.987143 
20.700000 18.474098 -1.987180 
20.700000 18.574098 -1.987217 
20.700000 18.674098 -1.987243 
20.700000 18.774098 -1.987250 
20.700000 18.874098 -1.987237 
20.700000 18.974098 -1.987204 
20.700000 19.074098 -1.987159 
20.700000 19.174098 -1.987114 
20.700000 19.274098 -1.987078 
20.700000 19.374098 -1.987061 
20.700000 19.474098 -1.987067 
20.700000 19.574098 -1.987094 
20.700000 19.674098 -1.987136 
20.700000 19.774098 -1.987183 
20.700000 19.874098 -1.987222 
20.700000 19.974098 -1.987246 
20.700000 20.074098 -1.987249 
20.700000 20.174098 -1.987231 
20.700000 20.274098 -1.987199 
20.700000 20.374098 -1.987161 
20.700000 20.474098 -1.987127 
20.700000 20.574098 -1.987107 
20.700000 20.674098 -1.987104 
20.700000 20.774098 -1.987119 
20.700000 20.874098 -1.987146 
20.700000 20.974098 -1.987174 
20.700000 21.074098 -1.987195 
20.700000 21.174098 -1.987198 
20.700000 21.274098 -1.987180 
20.700000 21.374098 -1.987142 
20.700000 21.474098 -1.987090 
20.700000 21.574098 -1.987034 
20.700000 21.674098 -1.986985 
20.700000 21.774098 -1.986952 
20.800000 16.974098 -1.986880 
20.800000 17.074098 -1.986904 
20.800000 17.174098 -1.986951 
20.800000 17.274098 -1.987016 
20.800000 17.374098 -1.987084 
20.800000 17.474098 -1.987146 
20.800000 17.574098 -1.987191 
20.800000 17.674098 -1.987214 
20.800000 17.774098 -1.987217 
20.800000 17.874098 -1.987205 
20.800000 17.974098 -1.987186 
20.800000 18.074098 -1.987171 
20.800000 18.174098 -1.987167 
20.800000 18.274098 -1.987177 
20.800000 18.374098 -1.987199 
20.800000 18.474098 -1.987227 
20.800000 18.574098 -1.987251 
20.800000 18.674098 -1.987262 
20.800000 18.774098 -1.987253 
20.800000 18.874098 -1.987223 
20.800000 18.974098 -1.987174 
20.800000 19.074098 -1.987116 
20.800000 19.174098 -1.987060 
20.800000 19.274098 -1.987016 
20.800000 19.374098 -1.986996 
20.800000 19.474098 -1.987003 
20.800000 19.574098 -1.987036 
20.800000 19.674098 -1.987087 
20.800000 19.774098 -1.987146 
20.800000 19.874098 -1.987201 
20.800000 19.974098 -1.987241 
20.800000 20.074098 -1.987260 
20.800000 20.174098 -1.987258 
20.800000 20.274098 -1.987240 
20.800000 20.374098 -1.987213 
20.800000 20.474098 -1.987187 
20.800000 20.574098 -1.987171 
20.800000 20.674098 -1.987168 
20.800000 20.774098 -1.987178 
20.800000 20.874098 -1.987196 
20.800000 20.974098 -1.987212 
20.800000 21.074098 -1.987218 
20.800000 21.174098 -1.987205 
20.800000 21.274098 -1.987170 
20.800000 21.374098 -1.987116 
20.800000 21.474098 -1.987050 
20.800000 21.574098 -1.986982 
20.800000 21.674098 -1.986925 
20.800000 21.774098 -1.986888 
20.900000 16.974098 -1.986835 
20.900000 17.074098 -1.986860 
20.900000 17.174098 -1.986912 
20.900000 17.274098 -1.986983 
20.900000 17.374098 -1.987061 
20.900000 17.474098 -1.987133 
20.900000 17.574098 -1.987189 
20.900000 17.674098 -1.987224 
20.900000 17.774098 -1.987238 
20.900000 17.874098 -1.987235 
20.900000 17.974098 -1.987224 
20.900000 18.074098 -1.987214 
20.900000 18.174098 -1.987211 
20.900000 18.274098 -1.987220 
20.900000 18.374098 -1.987238 
20.900000 18.474098 -1.987259 
20.900000 18.574098 -1.987274 
20.900000 18.674098 -1.987275 
20.900000 18.774098 -1.987255 
20.900000 18.874098 -1.987213 
20.900000 18.974098 -1.987154 
20.900000 19.074098 -1.987086 
20.900000 19.174098 -1.987022 
20.900000 19.274098 -1.986974 
20.900000 19.374098 -1.986951 
20.900000 19.474098 -1.986959 
20.900000 19.574098 -1.986995 
20.900000 19.674098 -1.987053 
20.900000 19.774098 -1.987120 
20.900000 19.874098 -1.987185 
20.900000 19.974098 -1.987237 
20.900000 20.074098 -1.987268 
20.900000 20.174098 -1.987277 
20.900000 20.274098 -1.987268 
20.900000 20.374098 -1.987249 
20.900000 20.474098 -1.987228 
20.900000 20.574098 -1.987214 
20.900000 20.674098 -1.987211 
20.900000 20.774098 -1.987218 
20.900000 20.874098 -1.987230 
20.900000 20.974098 -1.987238 
20.900000 21.074098 -1.987233 
20.900000 21.174098 -1.987209 
20.900000 21.274098 -1.987163 
20.900000 21.374098 -1.987098 
20.900000 21.474098 -1.987022 
20.900000 21.574098 -1.986946 
20.900000 21.674098 -1.986883 
20.900000 21.774098 -1.986843 
21.000000 16.974098 -1.986818 
21.000000 17.074098 -1.986844 
21.000000 17.174098 -1.986898 
21.000000 17.274098 -1.986971 
21.000000 17.374098 -1.987052 
21.000000 17.474098 -1.987128 
21.000000 17.574098 -1.987188 
21.000000 17.674098 -1.987227 
21.000000 17.774098 -1.987244 
21.000000 17.874098 -1.987245 
21.000000 17.974098 -1.987236 
21.000000 18.074098 -1.987228 
21.000000 18.174098 -1.987226 
21.000000 18.274098 -1.987235 
21.000000 18.374098 -1.987251 
21.000000 18.474098 -1.987270 
21.000000 18.574098 -1.987282 
21.000000 18.674098 -1.987279 
21.000000 18.774098 -1.987255 
21.000000 18.874098 -1.987209 
21.000000 18.974098 -1.987146 
21.000000 19.074098 -1.987074 
21.000000 19.174098 -1.987008 
21.000000 19.274098 -1.986958 
21.000000 19.374098 -1.986934 
21.000000 19.474098 -1.986942 
21.000000 19.574098 -1.986980 
21.000000 19.674098 -1.987040 
21.000000 19.774098 -1.987110 
21.000000 19.874098 -1.987179 
21.000000 19.974098 -1.987235 
21.000000 20.074098 -1.987270 
21.000000 20.174098 -1.987283 
21.000000 20.274098 -1.987277 
21.000000 20.374098 -1.987261 
21.000000 20.474098 -1.987242 
21.000000 20.574098 -1.987229 
21.000000 20.674098 -1.987226 
21.000000 20.774098 -1.987232 
21.000000 20.874098 -1.987241 
21.000000 20.974098 -1.987246 
21.000000 21.074098 -1.987238 
21.000000 21.174098 -1.987210 
21.000000 21.274098 -1.987160 
21.000000 21.374098 -1.987091 
21.000000 21.474098 -1.987011 
21.000000 21.574098 -1.986932 
21.000000 21.674098 -1.986867 
21.000000 21.774098 -1.986827 
21.100000 16.974098 -1.986833 
21.100000 17.074098 -1.986858 
21.100000 17.174098 -1.986910 
21.100000 17.274098 -1.986981 
21.100000 17.374098 -1.987059 
21.100000 17.474098 -1.987131 
21.100000 17.574098 -1.987187 
21.100000 17.674098 -1.987222 
21.100000 17.774098 -1.987236 
21.100000 17.874098 -1.987233 
21.100000 17.974098 -1.987222 
21.100000 18.074098 -1.987212 
21.100000 18.174098 -1.987209 
21.100000 18.274098 -1.987218 
21.100000 18.374098 -1.987236 
21.100000 18.474098 -1.987257 
21.100000 18.574098 -1.987272 
21.100000 18.674098 -1.987273 
21.100000 18.774098 -1.987253 
21.100000 18.874098 -1.987211 
21.100000 18.974098 -1.987152 
21.100000 19.074098 -1.987084 
21.100000 19.174098 -1.987020 
21.100000 19.274098 -1.986972 
21.100000 19.374098 -1.986949 
21.100000 19.474098 -1.986957 
21.100000 19.574098 -1.986993 
21.100000 19.674098 -1.987051 
21.100000 19.774098 -1.987118 
21.100000 19.874098 -1.987183 
21.100000 19.974098 -1.987235 
21.100000 20.074098 -1.987266 
21.100000 20.174098 -1.987275 
21.100000 20.274098 -1.987266 
21.100000 20.374098 -1.987247 
21.100000 20.474098 -1.987226 
21.100000 20.574098 -1.987212 
21.100000 20.674098 -1.987209 
21.100000 20.774098 -1.987216 
21.100000 20.874098 -1.987228 
21.100000 20.974098 -1.987236 
21.100000 21.074098 -1.987231 
21.100000 21.174098 -1.987207 
21.100000 21.274098 -1.987161 
21.100000 21.374098 -1.987096 
21.100000 21.474098 -1.987020 
21.100000 21.574098 -1.986944 
21.100000 21.674098 -1.986881 
21.100000 21.774098 -1.986842 
21.200000 16.974098 -1.986876 
21.200000 17.074098 -1.986900 
21.200000 17.174098 -1.986948 
21.200000 17.274098 -1.987012 
21.200000 17.374098 -1.987080 
21.200000 17.474098 -1.987142 
21.200000 17.574098 -1.987187 
21.200000 17.674098 -1.987210 
21.200000 17.774098 -1.987213 
21.200000 17.874098 -1.987201 
21.200000 17.974098 -1.987182 
21.200000 18.074098 -1.987167 
21.200000 18.174098 -1.987163 
21.200000 18.274098 -1.987173 
21.200000 18.374098 -1.987195 
21.200000 18.474098 -1.987223 
21.200000 18.574098 -1.987247 
21.200000 18.674098 -1.987258 
21.200000 18.774098 -1.987249 
21.200000 18.874098 -1.987219 
21.200000 18.974098 -1.987171 
21.200000 19.074098 -1.987112 
21.200000 19.174098 -1.987056 
21.200000 19.274098 -1.987012 
21.200000 19.374098 -1.986992 
21.200000 19.474098 -1.986999 
21.200000 19.574098 -1.987032 
21.200000 19.674098 -1.987083 
21.200000 19.774098 -1.987142 
21.200000 19.874098 -1.987197 
21.200000 19.974098 -1.987237 
21.200000 20.074098 -1.987256 
21.200000 20.174098 -1.987255 
21.200000 20.274098 -1.987236 
21.200000 20.374098 -1.987209 
21.200000 20.474098 -1.987183 
21.200000 20.574098 -1.987167 
21.200000 20.674098 -1.987164 
21.200000 20.774098 -1.987174 
21.200000 20.874098 -1.987192 
21.200000 20.974098 -1.987208 
21.200000 21.074098 -1.987214 
21.200000 21.174098 -1.987201 
21.200000 21.274098 -1.987167 
21.200000 21.374098 -1.987112 
21.200000 21.474098 -1.987046 
21.200000 21.574098 -1.986978 
21.200000 21.674098 -1.986921 
21.200000 21.774098 -1.986884 
21.300000 16.974098 -1.986939 
21.300000 17.074098 -1.986960 
21.300000 17.174098 -1.987002 
21.300000 17.274098 -1.987056 
21.300000 17.374098 -1.987111 
21.300000 17.474098 -1.987158 
21.300000 17.574098 -1.987186 
21.300000 17.674098 -1.987193 
21.300000 17.774098 -1.987180 
21.300000 17.874098 -1.987154 
21.300000 17.974098 -1.987126 
21.300000 18.074098 -1.987104 
21.300000 18.174098 -1.987097 
21.300000 18.274098 -1.987109 
21.300000 18.374098 -1.987137 
21.300000 18.474098 -1.987174 
21.300000 18.574098 -1.987211 
21.300000 18.674098 -1.987237 
21.300000 18.774098 -1.987245 
21.300000 18.874098 -1.987231 
21.300000 18.974098 -1.987198 
21.300000 19.074098 -1.987153 
21.300000 19.174098 -1.987108 
21.300000 19.274098 -1.987072 
21.300000 19.374098 -1.987055 
21.300000 19.474098 -1.987061 
21.300000 19.574098 -1.987088 
21.300000 19.674098 -1.987130 
21.300000 19.774098 -1.987177 
21.300000 19.874098 -1.987217 
21.300000 19.974098 -1.987240 
21.300000 20.074098 -1.987243 
21.300000 20.174098 -1.987226 
21.300000 20.274098 -1.987193 
21.300000 20.374098 -1.987155 
21.300000 20.474098 -1.987121 
21.300000 20.574098 -1.987101 
21.300000 20.674098 -1.987099 
21.300000 20.774098 -1.987113 
21.300000 20.874098 -1.987140 
21.300000 20.974098 -1.987168 
21.300000 21.074098 -1.987189 
21.300000 21.174098 -1.987192 
21.300000 21.274098 -1.987174 
21.300000 21.374098 -1.987136 
21.300000 21.474098 -1.987084 
21.300000 21.574098 -1.987028 
21.300000 21.674098 -1.986979 
21.300000 21.774098 -1.986947 
21.400000 16.974098 -1.987008 
21.400000 17.074098 -1.987027 
21.400000 17.174098 -1.987062 
21.400000 17.274098 -1.987105 
21.400000 17.374098 -1.987146 
21.400000 17.474098 -1.987175 
21.400000 17.574098 -1.987185 
21.400000 17.674098 -1.987174 
21.400000 17.774098 -1.987144 
21.400000 17.874098 -1.987103 
21.400000 17.974098 -1.987063 
21.400000 18.074098 -1.987034 
21.400000 18.174098 -1.987024 
21.400000 18.274098 -1.987037 
21.400000 18.374098 -1.987072 
21.400000 18.474098 -1.987119 
21.400000 18.574098 -1.987170 
21.400000 18.674098 -1.987213 
21.400000 18.774098 -1.987239 
21.400000 18.874098 -1.987244 
21.400000 18.974098 -1.987228 
21.400000 19.074098 -1.987199 
21.400000 19.174098 -1.987165 
21.400000 19.274098 -1.987138 
21.400000 19.374098 -1.987124 
21.400000 19.474098 -1.987129 
21.400000 19.574098 -1.987150 
21.400000 19.674098 -1.987182 
21.400000 19.774098 -1.987215 
21.400000 19.874098 -1.987238 
21.400000 19.974098 -1.987244 
21.400000 20.074098 -1.987229 
21.400000 20.174098 -1.987193 
21.400000 20.274098 -1.987145 
21.400000 20.374098 -1.987094 
21.400000 20.474098 -1.987052 
21.400000 20.574098 -1.987028 
21.400000 20.674098 -1.987026 
21.400000 20.774098 -1.987046 
21.400000 20.874098 -1.987082 
21.400000 20.974098 -1.987124 
21.400000 21.074098 -1.987161 
21.400000 21.174098 -1.987182 
21.400000 21.274098 -1.987183 
21.400000 21.374098 -1.987162 
21.400000 21.474098 -1.987126 
21.400000 21.574098 -1.987083 
21.400000 21.674098 -1.987043 
21.400000 21.774098 -1.987016 
21.500000 16.974098 -1.987070 
21.500000 17.074098 -1.987087 
21.500000 17.174098 -1.987116 
21.500000 17.274098 -1.987149 
21.500000 17.374098 -1.987176 
21.500000 17.474098 -1.987190 
21.500000 17.574098 -1.987184 
21.500000 17.674098 -1.987156 
21.500000 17.774098 -1.987110 
21.500000 17.874098 -1.987056 
21.500000 17.974098 -1.987006 
21.500000 18.074098 -1.986970 
21.500000 18.174098 -1.986957 
21.500000 18.274098 -1.986972 
21.500000 18.374098 -1.987012 
21.500000 18.474098 -1.987070 
21.500000 18.574098 -1.987133 
21.500000 18.674098 -1.987191 
21.500000 18.774098 -1.987234 
21.500000 18.874098 -1.987255 
21.500000 18.974098 -1.987255 
21.500000 19.074098 -1.987240 
21.500000 19.174098 -1.987217 
21.500000 19.274098 -1.987197 
21.500000 19.374098 -1.987186 
21.500000 19.474098 -1.987190 
21.500000 19.574098 -1.987206 
21.500000 19.674098 -1.987229 
21.500000 19.774098 -1.987249 
21.500000 19.874098 -1.987258 
21.500000 19.974098 -1.987247 
21.500000 20.074098 -1.987215 
21.500000 20.174098 -1.987164 
21.500000 20.274098 -1.987101 
21.500000 20.374098 -1.987039 
21.500000 20.474098 -1.986989 
21.500000 20.574098 -1.986961 
21.500000 20.674098 -1.986960 
21.500000 20.774098 -1.986985 
21.500000 20.874098 -1.987030 
21.500000 20.974098 -1.987084 
21.500000 21.074098 -1.987135 
21.500000 21.174098 -1.987173 
21.500000 21.274098 -1.987190 
21.500000 21.374098 -1.987186 
21.500000 21.474098 -1.987164 
21.500000 21.574098 -1.987132 
21.500000 21.674098 -1.987100 
21.500000 21.774098 -1.987077 
21.600000 16.974098 -1.987112 
21.600000 17.074098 -1.987128 
21.600000 17.174098 -1.987152 
21.600000 17.274098 -1.987178 
21.600000 17.374098 -1.987197 
21.600000 17.474098 -1.987200 
21.600000 17.574098 -1.987182 
21.600000 17.674098 -1.987143 
21.600000 17.774098 -1.987086 
21.600000 17.874098 -1.987023 
21.600000 17.974098 -1.986965 
21.600000 18.074098 -1.986924 
21.600000 18.174098 -1.986910 
21.600000 18.274098 -1.986926 
21.600000 18.374098 -1.986970 
21.600000 18.474098 -1.987034 
21.600000 18.574098 -1.987107 
21.600000 18.674098 -1.987175 
21.600000 18.774098 -1.987229 
21.600000 18.874098 -1.987262 
21.600000 18.974098 -1.987273 
21.600000 19.074098 -1.987267 
21.600000 19.174098 -1.987252 
21.600000 19.274098 -1.987236 
21.600000 19.374098 -1.987228 
21.600000 19.474098 -1.987231 
21.600000 19.574098 -1.987243 
21.600000 19.674098 -1.987260 
21.600000 19.774098 -1.987272 
21.600000 19.874098 -1.987270 
21.600000 19.974098 -1.987248 
21.600000 20.074098 -1.987204 
21.600000 20.174098 -1.987142 
21.600000 20.274098 -1.987070 
21.600000 20.374098 -1.987000 
21.600000 20.474098 -1.986945 
21.600000 20.574098 -1.986914 
21.600000 20.674098 -1.986914 
21.600000 20.774098 -1.986942 
21.600000 20.874098 -1.986993 
21.600000 20.974098 -1.987055 
21.600000 21.074098 -1.987116 
21.600000 21.174098 -1.987165 
21.600000 21.274098 -1.987194 
21.600000 21.374098 -1.987201 
21.600000 21.474098 -1.987189 
21.600000 21.574098 -1.987165 
21.600000 21.674098 -1.987139 
21.600000 21.774098 -1.987119 
21.700000 16.974098 -1.987126 
21.700000 17.074098 -1.987141 
21.700000 17.174098 -1.987163 
21.700000 17.274098 -1.987186 
21.700000 17.374098 -1.987202 
21.700000 17.474098 -1.987201 
21.700000 17.574098 -1.987180 
21.700000 17.674098 -1.987136 
21.700000 17.774098 -1.987076 
21.700000 17.874098 -1.987009 
21.700000 17.974098 -1.986949 
21.700000 18.074098 -1.986906 
21.700000 18.174098 -1.986891 
21.700000 18.274098 -1.986908 
21.700000 18.374098 -1.986953 
21.700000 18.474098 -1.987020 
21.700000 18.574098 -1.987096 
21.700000 18.674098 -1.987168 
21.700000 18.774098 -1.987225 
21.700000 18.874098 -1.987262 
21.700000 18.974098 -1.987277 
21.700000 19.074098 -1.987275 
21.700000 19.174098 -1.987262 
21.700000 19.274098 -1.987249 
21.700000 19.374098 -1.987241 
21.700000 19.474098 -1.987244 
21.700000 19.574098 -1.987255 
21.700000 19.674098 -1.987269 
21.700000 19.774098 -1.987278 
21.700000 19.874098 -1.987272 
21.700000 19.974098 -1.987247 
21.700000 20.074098 -1.987199 
21.700000 20.174098 -1.987133 
21.700000 20.274098 -1.987057 
21.700000 20.374098 -1.986985 
21.700000 20.474098 -1.986927 
21.700000 20.574098 -1.986896 
21.700000 20.674098 -1.986895 
21.700000 20.774098 -1.986925 
21.700000 20.874098 -1.986978 
21.700000 20.974098 -1.987043 
21.700000 21.074098 -1.987108 
21.700000 21.174098 -1.987160 
21.700000 21.274098 -1.987193 
21.700000 21.374098 -1.987204 
21.700000 21.474098 -1.987196 
21.700000 21.574098 -1.987175 
21.700000 21.674098 -1.987151 
21.700000 21.774098 -1.987132 
21.800000 16.974098 -1.987107 
21.800000 17.074098 -1.987122 
21.800000 17.174098 -1.987146 
21.800000 17.274098 -1.987172 
21.800000 17.374098 -1.987191 
21.800000 17.474098 -1.987194 
21.800000 17.574098 -1.987176 
21.800000 17.674098 -1.987137 
21.800000 17.774098 -1.987080 
21.800000 17.874098 -1.987017 
21.800000 17.974098 -1.986959 
21.800000 18.074098 -1.986918 
21.800000 18.174098 -1.986904 
21.800000 18.274098 -1.986920 
21.800000 18.374098 -1.986964 
21.800000 18.474098 -1.987028 
21.800000 18.574098 -1.987101 
21.800000 18.674098 -1.987169 
21.800000 18.774098 -1.987223 
21.800000 18.874098 -1.987256 
21.800000 18.974098 -1.987267 
21.800000 19.074098 -1.987261 
21.800000 19.174098 -1.987246 
21.800000 19.274098 -1.987230 
21.800000 19.374098 -1.987222 
21.800000 19.474098 -1.987225 
21.800000 19.574098 -1.987237 
21.800000 19.674098 -1.987254 
21.800000 19.774098 -1.987266 
21.800000 19.874098 -1.987264 
21.800000 19.974098 -1.987242 
21.800000 20.074098 -1.987198 
21.800000 20.174098 -1.987136 
21.800000 20.274098 -1.987064 
21.800000 20.374098 -1.986994 
21.800000 20.474098 -1.986939 
21.800000 20.574098 -1.986908 
21.800000 20.674098 -1.986908 
21.800000 20.774098 -1.986936 
21.800000 20.874098 -1.986987 
21.800000 20.974098 -1.987049 
21.800000 21.074098 -1.987110 
21.800000 21.174098 -1.987159 
21.800000 21.274098 -1.987188 
21.800000 21.374098 -1.987195 
21.800000 21.474098 -1.987183 
21.800000 21.574098 -1.987159 
21.800000 21.674098 -1.987133 
21.800000 21.774098 -1.987113 
21.900000 16.974098 -1.987059 
21.900000 17.074098 -1.987075 
21.900000 17.174098 -1.987104 
21.900000 17.274098 -1.987137 
21.900000 17.374098 -1.987164 
21.900000 17.474098 -1.987178 
21.900000 17.574098 -1.987172 
21.900000 17.674098 -1.987144 
21.900000 17.774098 -1.987099 
21.900000 17.874098 -1.987045 
21.900000 17.974098 -1.986994 
21.900000 18.074098 -1.986958 
21.900000 18.174098 -1.986945 
21.900000 18.274098 -1.986960 
21.900000 18.374098 -1.987000 
21.900000 18.474098 -1.987058 
21.900000 18.574098 -1.987121 
21.900000 18.674098 -1.987179 
21.900000 18.774098 -1.987222 
21.900000 18.874098 -1.987243 
21.900000 18.974098 -1.987243 
21.900000 19.074098 -1.987228 
21.900000 19.174098 -1.987205 
21.900000 19.274098 -1.987185 
21.900000 19.374098 -1.987174 
21.900000 19.474098 -1.987178 
21.900000 19.574098 -1.987194 
21.900000 19.674098 -1.987217 
21.900000 19.774098 -1.987237 
21.900000 19.874098 -1.987246 
21.900000 19.974098 -1.987235 
21.900000 20.074098 -1.987203 
21.900000 20.174098 -1.987152 
21.900000 20.274098 -1.987089 
21.900000 20.374098 -1.987027 
21.900000 20.474098 -1.986977 
21.900000 20.574098 -1.986949 
21.900000 20.674098 -1.986948 
21.900000 20.774098 -1.986973 
21.900000 20.874098 -1.987018 
21.900000 20.974098 -1.987072 
21.900000 21.074098 -1.987123 
21.900000 21.174098 -1.987161 
21.900000 21.274098 -1.987178 
21.900000 21.374098 -1.987174 
21.900000 21.474098 -1.987152 
21.900000 21.574098 -1.987120 
21.900000 21.674098 -1.987088 
21.900000 21.774098 -1.987065 
22.000000 16.974098 -1.986990 
22.000000 17.074098 -1.987009 
22.000000 17.174098 -1.987044 
22.000000 17.274098 -1.987087 
22.000000 17.374098 -1.987128 
22.000000 17.474098 -1.987157 
22.000000 17.574098 -1.987167 
22.000000 17.674098 -1.987156 
22.000000 17.774098 -1.987126 
22.000000 17.874098 -1.987085 
22.000000 17.974098 -1.987045 
22.000000 18.074098 -1.987016 
22.000000 18.174098 -1.987006 
22.000000 18.274098 -1.987019 
22.000000 18.374098 -1.987054 
22.000000 18.474098 -1.987101 
22.000000 18.574098 -1.987152 
22.000000 18.674098 -1.987195 
22.000000 18.774098 -1.987221 
22.000000 18.874098 -1.987226 
22.000000 18.974098 -1.987210 
22.000000 19.074098 -1.987181 
22.000000 19.174098 -1.987147 
22.000000 19.274098 -1.987120 
22.000000 19.374098 -1.987106 
22.000000 19.474098 -1.987111 
22.000000 19.574098 -1.987132 
22.000000 19.674098 -1.987164 
22.000000 19.774098 -1.987197 
22.000000 19.874098 -1.987220 
22.000000 19.974098 -1.987226 
22.000000 20.074098 -1.987211 
22.000000 20.174098 -1.987175 
22.000000 20.274098 -1.987127 
22.000000 20.374098 -1.987076 
22.000000 20.474098 -1.987034 
22.000000 20.574098 -1.987010 
22.000000 20.674098 -1.987008 
22.000000 20.774098 -1.987028 
22.000000 20.874098 -1.987064 
22.000000 20.974098 -1.987106 
22.000000 21.074098 -1.987143 
22.000000 21.174098 -1.987164 
22.000000 21.274098 -1.987165 
22.000000 21.374098 -1.987144 
22.000000 21.474098 -1.987108 
22.000000 21.574098 -1.987065 
22.000000 21.674098 -1.987025 
22.000000 21.774098 -1.986998 
22.100000 16.974098 -1.986915 
22.100000 17.074098 -1.986936 
22.100000 17.174098 -1.986978 
22.100000 17.274098 -1.987032 
22.100000 17.374098 -1.987088 
22.100000 17.474098 -1.987134 
22.100000 17.574098 -1.987162 
22.100000 17.674098 -1.987169 
22.100000 17.774098 -1.987156 
22.100000 17.874098 -1.987131 
22.100000 17.974098 -1.987102 
22.100000 18.074098 -1.987080 
22.100000 18.174098 -1.987073 
22.100000 18.274098 -1.987085 
22.100000 18.374098 -1.987113 
22.100000 18.474098 -1.987150 
22.100000 18.574098 -1.987187 
22.100000 18.674098 -1.987213 
22.100000 18.774098 -1.987221 
22.100000 18.874098 -1.987207 
22.100000 18.974098 -1.987174 
22.100000 19.074098 -1.987129 
22.100000 19.174098 -1.987084 
22.100000 19.274098 -1.987048 
22.100000 19.374098 -1.987031 
22.100000 19.474098 -1.987037 
22.100000 19.574098 -1.987064 
22.100000 19.674098 -1.987106 
22.100000 19.774098 -1.987153 
22.100000 19.874098 -1.987193 
22.100000 19.974098 -1.987216 
22.100000 20.074098 -1.987219 
22.100000 20.174098 -1.987202 
22.100000 20.274098 -1.987169 
22.100000 20.374098 -1.987131 
22.100000 20.474098 -1.987097 
22.100000 20.574098 -1.987077 
22.100000 20.674098 -1.987075 
22.100000 20.774098 -1.987090 
22.100000 20.874098 -1.987116 
22.100000 20.974098 -1.987144 
22.100000 21.074098 -1.987165 
22.100000 21.174098 -1.987168 
22.100000 21.274098 -1.987150 
22.100000 21.374098 -1.987112 
22.100000 21.474098 -1.987060 
22.100000 21.574098 -1.987004 
22.100000 21.674098 -1.986955 
22.100000 21.774098 -1.986923 
22.200000 16.974098 -1.986846 
22.200000 17.074098 -1.986870 
22.200000 17.174098 -1.986918 
22.200000 17.274098 -1.986982 
22.200000 17.374098 -1.987050 
22.200000 17.474098 -1.987112 
22.200000 17.574098 -1.987157 
22.200000 17.674098 -1.987180 
22.200000 17.774098 -1.987183 
22.200000 17.874098 -1.987171 
22.200000 17.974098 -1.987152 
22.200000 18.074098 -1.987138 
22.200000 18.174098 -1.987133 
22.200000 18.274098 -1.987143 
22.200000 18.374098 -1.987165 
22.200000 18.474098 -1.987193 
22.200000 18.574098 -1.987217 
22.200000 18.674098 -1.987228 
22.200000 18.774098 -1.987219 
22.200000 18.874098 -1.987189 
22.200000 18.974098 -1.987141 
22.200000 19.074098 -1.987082 
22.200000 19.174098 -1.987026 
22.200000 19.274098 -1.986982 
22.200000 19.374098 -1.986962 
22.200000 19.474098 -1.986969 
22.200000 19.574098 -1.987002 
22.200000 19.674098 -1.987053 
22.200000 19.774098 -1.987112 
22.200000 19.874098 -1.987167 
22.200000 19.974098 -1.987207 
22.200000 20.074098 -1.987226 
22.200000 20.174098 -1.987225 
22.200000 20.274098 -1.987206 
22.200000 20.374098 -1.987179 
22.200000 20.474098 -1.987153 
22.200000 20.574098 -1.987137 
22.200000 20.674098 -1.987134 
22.200000 20.774098 -1.987144 
22.200000 20.874098 -1.987162 
22.200000 20.974098 -1.987178 
22.200000 21.074098 -1.987184 
22.200000 21.174098 -1.987171 
22.200000 21.274098 -1.987137 
22.200000 21.374098 -1.987083 
22.200000 21.474098 -1.987016 
22.200000 21.574098 -1.986948 
22.200000 21.674098 -1.986891 
22.200000 21.774098 -1.986854 
22.300000 16.974098 -1.986797 
22.300000 17.074098 -1.986822 
22.300000 17.174098 -1.986874 
22.300000 17.274098 -1.986945 
22.300000 17.374098 -1.987023 
22.300000 17.474098 -1.987095 
22.300000 17.574098 -1.987151 
22.300000 17.674098 -1.987186 
22.300000 17.774098 -1.987200 
22.300000 17.874098 -1.987197 
22.300000 17.974098 -1.987186 
22.300000 18.074098 -1.987176 
22.300000 18.174098 -1.987173 
22.300000 18.274098 -1.987182 
22.300000 18.374098 -1.987200 
22.300000 18.474098 -1.987221 
22.300000 18.574098 -1.987236 
22.300000 18.674098 -1.987237 
22.300000 18.774098 -1.987217 
22.300000 18.874098 -1.987175 
22.300000 18.974098 -1.987116 
22.300000 19.074098 -1.987048 
22.300000 19.174098 -1.986984 
22.300000 19.274098 -1.986936 
22.300000 19.374098 -1.986913 
22.300000 19.474098 -1.986921 
22.300000 19.574098 -1.986957 
22.300000 19.674098 -1.987015 
22.300000 19.774098 -1.987082 
22.300000 19.874098 -1.987147 
22.300000 19.974098 -1.987199 
22.300000 20.074098 -1.987230 
22.300000 20.174098 -1.987239 
22.300000 20.274098 -1.987230 
22.300000 20.374098 -1.987211 
22.300000 20.474098 -1.987190 
22.300000 20.574098 -1.987176 
22.300000 20.674098 -1.987173 
22.300000 20.774098 -1.987180 
22.300000 20.874098 -1.987192 
22.300000 20.974098 -1.987200 
22.300000 21.074098 -1.987195 
22.300000 21.174098 -1.987171 
22.300000 21.274098 -1.987126 
22.300000 21.374098 -1.987060 
22.300000 21.474098 -1.986984 
22.300000 21.574098 -1.986908 
22.300000 21.674098 -1.986845 
22.300000 21.774098 -1.986806 
22.400000 16.974098 -1.986776 
22.400000 17.074098 -1.986802 
22.400000 17.174098 -1.986856 
22.400000 17.274098 -1.986929 
22.400000 17.374098 -1.987010 
22.400000 17.474098 -1.987086 
22.400000 17.574098 -1.987146 
22.400000 17.674098 -1.987185 
22.400000 17.774098 -1.987202 
22.400000 17.874098 -1.987203 
22.400000 17.974098 -1.987194 
22.400000 18.074098 -1.987186 
22.400000 18.174098 -1.987184 
22.400000 18.274098 -1.987193 
22.400000 18.374098 -1.987209 
22.400000 18.474098 -1.987228 
22.400000 18.574098 -1.987240 
22.400000 18.674098 -1.987237 
22.400000 18.774098 -1.987213 
22.400000 18.874098 -1.987167 
22.400000 18.974098 -1.987104 
22.400000 19.074098 -1.987032 
22.400000 19.174098 -1.986965 
22.400000 19.274098 -1.986915 
22.400000 19.374098 -1.986892 
22.400000 19.474098 -1.986900 
22.400000 19.574098 -1.986938 
22.400000 19.674098 -1.986998 
22.400000 19.774098 -1.987068 
22.400000 19.874098 -1.987137 
22.400000 19.974098 -1.987192 
22.400000 20.074098 -1.987228 
22.400000 20.174098 -1.987241 
22.400000 20.274098 -1.987235 
22.400000 20.374098 -1.987219 
22.400000 20.474098 -1.987200 
22.400000 20.574098 -1.987187 
22.400000 20.674098 -1.987184 
22.400000 20.774098 -1.987190 
22.400000 20.874098 -1.987199 
22.400000 20.974098 -1.987204 
22.400000 21.074098 -1.987196 
22.400000 21.174098 -1.987168 
22.400000 21.274098 -1.987118 
22.400000 21.374098 -1.987049 
22.400000 21.474098 -1.986969 
22.400000 21.574098 -1.986890 
22.400000 21.674098 -1.986825 
22.400000 21.774098 -1.986785 
22.500000 16.974098 -1.986787 
22.500000 17.074098 -1.986812 
22.500000 17.174098 -1.986864 
22.500000 17.274098 -1.986935 
22.500000 17.374098 -1.987013 
22.500000 17.474098 -1.987085 
22.500000 17.574098 -1.987141 
22.500000 17.674098 -1.987176 
22.500000 17.774098 -1.987189 
22.500000 17.874098 -1.987187 
22.500000 17.974098 -1.987175 
22.500000 18.074098 -1.987165 
22.500000 18.174098 -1.987163 
22.500000 18.274098 -1.987172 
22.500000 18.374098 -1.987190 
22.500000 18.474098 -1.987211 
22.500000 18.574098 -1.987226 
22.500000 18.674098 -1.987227 
22.500000 18.774098 -1.987207 
22.500000 18.874098 -1.987165 
22.500000 18.974098 -1.987105 
22.500000 19.074098 -1.987038 
22.500000 19.174098 -1.986973 
22.500000 19.274098 -1.986925 
22.500000 19.374098 -1.986903 
22.500000 19.474098 -1.986910 
22.500000 19.574098 -1.986947 
22.500000 19.674098 -1.987004 
22.500000 19.774098 -1.987072 
22.500000 19.874098 -1.987137 
22.500000 19.974098 -1.987188 
22.500000 20.074098 -1.987219 
22.500000 20.174098 -1.987229 
22.500000 20.274098 -1.987220 
22.500000 20.374098 -1.987200 
22.500000 20.474098 -1.987180 
22.500000 20.574098 -1.987166 
22.500000 20.674098 -1.987163 
22.500000 20.774098 -1.987170 
22.500000 20.874098 -1.987181 
22.500000 20.974098 -1.987190 
22.500000 21.074098 -1.987185 
22.500000 21.174098 -1.987161 
22.500000 21.274098 -1.987115 
22.500000 21.374098 -1.987050 
22.500000 21.474098 -1.986974 
22.500000 21.574098 -1.986898 
22.500000 21.674098 -1.986835 
22.500000 21.774098 -1.986795 
22.600000 16.974098 -1.986826 
22.600000 17.074098 -1.986849 
22.600000 17.174098 -1.986897 
22.600000 17.274098 -1.986961 
22.600000 17.374098 -1.987030 
22.600000 17.474098 -1.987091 
22.600000 17.574098 -1.987136 
22.600000 17.674098 -1.987160 
22.600000 17.774098 -1.987162 
22.600000 17.874098 -1.987150 
22.600000 17.974098 -1.987132 
22.600000 18.074098 -1.987117 
22.600000 18.174098 -1.987113 
22.600000 18.274098 -1.987123 
22.600000 18.374098 -1.987145 
22.600000 18.474098 -1.987172 
22.600000 18.574098 -1.987196 
22.600000 18.674098 -1.987207 
22.600000 18.774098 -1.987199 
22.600000 18.874098 -1.987169 
22.600000 18.974098 -1.987120 
22.600000 19.074098 -1.987062 
22.600000 19.174098 -1.987005 
22.600000 19.274098 -1.986962 
22.600000 19.374098 -1.986942 
22.600000 19.474098 -1.986949 
22.600000 19.574098 -1.986981 
22.600000 19.674098 -1.987033 
22.600000 19.774098 -1.987092 
22.600000 19.874098 -1.987146 
22.600000 19.974098 -1.987186 
22.600000 20.074098 -1.987206 
22.600000 20.174098 -1.987204 
22.600000 20.274098 -1.987185 
22.600000 20.374098 -1.987158 
22.600000 20.474098 -1.987133 
22.600000 20.574098 -1.987116 
22.600000 20.674098 -1.987113 
22.600000 20.774098 -1.987124 
22.600000 20.874098 -1.987141 
22.600000 20.974098 -1.987158 
22.600000 21.074098 -1.987163 
22.600000 21.174098 -1.987151 
22.600000 21.274098 -1.987116 
22.600000 21.374098 -1.987062 
22.600000 21.474098 -1.986996 
22.600000 21.574098 -1.986928 
22.600000 21.674098 -1.986870 
22.600000 21.774098 -1.986834 
22.700000 16.974098 -1.986884 
22.700000 17.074098 -1.986906 
22.700000 17.174098 -1.986947 
22.700000 17.274098 -1.987001 
22.700000 17.374098 -1.987057 
22.700000 17.474098 -1.987103 
22.700000 17.574098 -1.987131 
22.700000 17.674098 -1.987138 
22.700000 17.774098 -1.987125 
22.700000 17.874098 -1.987100 
22.700000 17.974098 -1.987071 
22.700000 18.074098 -1.987049 
22.700000 18.174098 -1.987043 
22.700000 18.274098 -1.987054 
22.700000 18.374098 -1.987082 
22.700000 18.474098 -1.987119 
22.700000 18.574098 -1.987156 
22.700000 18.674098 -1.987182 
22.700000 18.774098 -1.987190 
22.700000 18.874098 -1.987176 
22.700000 18.974098 -1.987143 
22.700000 19.074098 -1.987099 
22.700000 19.174098 -1.987053 
22.700000 19.274098 -1.987017 
22.700000 19.374098 -1.987000 
22.700000 19.474098 -1.987006 
22.700000 19.574098 -1.987033 
22.700000 19.674098 -1.987075 
22.700000 19.774098 -1.987122 
22.700000 19.874098 -1.987162 
22.700000 19.974098 -1.987186 
22.700000 20.074098 -1.987189 
22.700000 20.174098 -1.987171 
22.700000 20.274098 -1.987138 
22.700000 20.374098 -1.987100 
22.700000 20.474098 -1.987066 
22.700000 20.574098 -1.987046 
22.700000 20.674098 -1.987044 
22.700000 20.774098 -1.987059 
22.700000 20.874098 -1.987085 
22.700000 20.974098 -1.987114 
22.700000 21.074098 -1.987134 
22.700000 21.174098 -1.987137 
22.700000 21.274098 -1.987120 
22.700000 21.374098 -1.987082 
22.700000 21.474098 -1.987029 
22.700000 21.574098 -1.986973 
22.700000 21.674098 -1.986924 
22.700000 21.774098 -1.986892 
22.800000 16.974098 -1.986949 
22.800000 17.074098 -1.986969 
22.800000 17.174098 -1.987003 
22.800000 17.274098 -1.987046 
22.800000 17.374098 -1.987087 
22.800000 17.474098 -1.987116 
22.800000 17.574098 -1.987126 
22.800000 17.674098 -1.987115 
22.800000 17.774098 -1.987085 
22.800000 17.874098 -1.987044 
22.800000 17.974098 -1.987004 
22.800000 18.074098 -1.986975 
22.800000 18.174098 -1.986965 
22.800000 18.274098 -1.986978 
22.800000 18.374098 -1.987012 
22.800000 18.474098 -1.987060 
22.800000 18.574098 -1.987111 
22.800000 18.674098 -1.987154 
22.800000 18.774098 -1.987180 
22.800000 18.874098 -1.987185 
22.800000 18.974098 -1.987169 
22.800000 19.074098 -1.987140 
22.800000 19.174098 -1.987106 
22.800000 19.274098 -1.987079 
22.800000 19.374098 -1.987065 
22.800000 19.474098 -1.987070 
22.800000 19.574098 -1.987091 
22.800000 19.674098 -1.987123 
22.800000 19.774098 -1.987156 
22.800000 19.874098 -1.987179 
22.800000 19.974098 -1.987185 
22.800000 20.074098 -1.987170 
22.800000 20.174098 -1.987134 
22.800000 20.274098 -1.987086 
22.800000 20.374098 -1.987035 
22.800000 20.474098 -1.986993 
22.800000 20.574098 -1.986969 
22.800000 20.674098 -1.986967 
22.800000 20.774098 -1.986987 
22.800000 20.874098 -1.987023 
22.800000 20.974098 -1.987065 
22.800000 21.074098 -1.987102 
22.800000 21.174098 -1.987123 
22.800000 21.274098 -1.987124 
22.800000 21.374098 -1.987103 
22.800000 21.474098 -1.987067 
22.800000 21.574098 -1.987024 
22.800000 21.674098 -1.986984 
22.800000 21.774098 -1.986957 
22.900000 16.974098 -1.987007 
22.900000 17.074098 -1.987024 
22.900000 17.174098 -1.987053 
22.900000 17.274098 -1.987085 
22.900000 17.374098 -1.987113 
22.900000 17.474098 -1.987127 
22.900000 17.574098 -1.987121 
22.900000 17.674098 -1.987093 
22.900000 17.774098 -1.987047 
22.900000 17.874098 -1.986993 
22.900000 17.974098 -1.986942 
22.900000 18.074098 -1.986906 
22.900000 18.174098 -1.986894 
22.900000 18.274098 -1.986909 
22.900000 18.374098 -1.986949 
22.900000 18.474098 -1.987006 
22.900000 18.574098 -1.987070 
22.900000 18.674098 -1.987128 
22.900000 18.774098 -1.987170 
22.900000 18.874098 -1.987192 
22.900000 18.974098 -1.987192 
22.900000 19.074098 -1.987176 
22.900000 19.174098 -1.987154 
22.900000 19.274098 -1.987133 
22.900000 19.374098 -1.987123 
22.900000 19.474098 -1.987126 
22.900000 19.574098 -1.987143 
22.900000 19.674098 -1.987165 
22.900000 19.774098 -1.987186 
22.900000 19.874098 -1.987194 
22.900000 19.974098 -1.987184 
22.900000 20.074098 -1.987151 
22.900000 20.174098 -1.987100 
22.900000 20.274098 -1.987038 
22.900000 20.374098 -1.986976 
22.900000 20.474098 -1.986926 
22.900000 20.574098 -1.986898 
22.900000 20.674098 -1.986897 
22.900000 20.774098 -1.986922 
22.900000 20.874098 -1.986967 
22.900000 20.974098 -1.987021 
22.900000 21.074098 -1.987072 
22.900000 21.174098 -1.987109 
22.900000 21.274098 -1.987127 
22.900000 21.374098 -1.987122 
22.900000 21.474098 -1.987100 
22.900000 21.574098 -1.987069 
22.900000 21.674098 -1.987037 
22.900000 21.774098 -1.987014 
23.000000 16.974098 -1.987045 
23.000000 17.074098 -1.987060 
23.000000 17.174098 -1.987084 
23.000000 17.274098 -1.987110 
23.000000 17.374098 -1.987129 
23.000000 17.474098 -1.987132 
23.000000 17.574098 -1.987114 
23.000000 17.674098 -1.987075 
23.000000 17.774098 -1.987019 
23.000000 17.874098 -1.986955 
23.000000 17.974098 -1.986897 
23.000000 18.074098 -1.986857 
23.000000 18.174098 -1.986842 
23.000000 18.274098 -1.986858 
23.000000 18.374098 -1.986902 
23.000000 18.474098 -1.986967 
23.000000 18.574098 -1.987039 
23.000000 18.674098 -1.987108 
23.000000 18.774098 -1.987161 
23.000000 18.874098 -1.987194 
23.000000 18.974098 -1.987205 
23.000000 19.074098 -1.987199 
23.000000 19.174098 -1.987184 
23.000000 19.274098 -1.987168 
23.000000 19.374098 -1.987160 
23.000000 19.474098 -1.987163 
23.000000 19.574098 -1.987176 
23.000000 19.674098 -1.987192 
23.000000 19.774098 -1.987204 
23.000000 19.874098 -1.987202 
23.000000 19.974098 -1.987180 
23.000000 20.074098 -1.987137 
23.000000 20.174098 -1.987074 
23.000000 20.274098 -1.987002 
23.000000 20.374098 -1.986933 
23.000000 20.474098 -1.986877 
23.000000 20.574098 -1.986847 
23.000000 20.674098 -1.986846 
23.000000 20.774098 -1.986874 
23.000000 20.874098 -1.986925 
23.000000 20.974098 -1.986987 
23.000000 21.074098 -1.987049 
23.000000 21.174098 -1.987097 
23.000000 21.274098 -1.987126 
23.000000 21.374098 -1.987133 
23.000000 21.474098 -1.987121 
23.000000 21.574098 -1.987097 
23.000000 21.674098 -1.987072 
23.000000 21.774098 -1.987051 
