18.600000 17.666918 -2.704592 
18.600000 17.766918 -2.704606 
18.600000 17.866918 -2.704623 
18.600000 17.966918 -2.704643 
18.600000 18.066918 -2.704663 
18.600000 18.166918 -2.704680 
18.600000 18.266918 -2.704693 
18.600000 18.366918 -2.704701 
18.600000 18.466918 -2.704706 
18.600000 18.566918 -2.704710 
18.600000 18.666918 -2.704714 
18.600000 18.766918 -2.704719 
18.600000 18.866918 -2.704725 
18.600000 18.966918 -2.704731 
18.600000 19.066918 -2.704736 
18.600000 19.166918 -2.704736 
18.600000 19.266918 -2.704733 
18.600000 19.366918 -2.704725 
18.600000 19.466918 -2.704715 
18.600000 19.566918 -2.704706 
18.600000 19.666918 -2.704699 
18.600000 19.766918 -2.704698 
18.600000 19.866918 -2.704702 
18.600000 19.966918 -2.704710 
18.600000 20.066918 -2.704720 
18.600000 20.166918 -2.704729 
18.600000 20.266918 -2.704735 
18.600000 20.366918 -2.704737 
18.600000 20.466918 -2.704734 
18.600000 20.566918 -2.704729 
18.600000 20.666918 -2.704722 
18.600000 20.766918 -2.704716 
18.600000 20.866918 -2.704712 
18.600000 20.966918 -2.704708 
18.600000 21.066918 -2.704704 
18.600000 21.166918 -2.704698 
18.600000 21.266918 -2.704688 
18.600000 21.366918 -2.704673 
18.600000 21.466918 -2.704655 
18.600000 21.566918 -2.704634 
18.600000 21.666918 -2.704615 
18.600000 21.766918 -2.704599 
18.700000 17.666918 -2.704604 
18.700000 17.766918 -2.704617 
18.700000 17.866918 -2.704634 
18.700000 17.966918 -2.704653 
18.700000 18.066918 -2.704672 
18.700000 18.166918 -2.704688 
18.700000 18.266918 -2.704700 
18.700000 18.366918 -2.704708 
18.700000 18.466918 -2.704712 
18.700000 18.566918 -2.704715 
18.700000 18.666918 -2.704719 
18.700000 18.766918 -2.704724 
18.700000 18.866918 -2.704731 
18.700000 18.966918 -2.704738 
18.700000 19.066918 -2.704743 
18.700000 19.166918 -2.704744 
18.700000 19.266918 -2.704741 
18.700000 19.366918 -2.704735 
18.700000 19.466918 -2.704725 
18.700000 19.566918 -2.704717 
18.700000 19.666918 -2.704711 
18.700000 19.766918 -2.704709 
18.700000 19.866918 -2.704713 
18.700000 19.966918 -2.704720 
18.700000 20.066918 -2.704730 
18.700000 20.166918 -2.704738 
18.700000 20.266918 -2.704743 
18.700000 20.366918 -2.704744 
18.700000 20.466918 -2.704741 
18.700000 20.566918 -2.704735 
18.700000 20.666918 -2.704728 
18.700000 20.766918 -2.704722 
18.700000 20.866918 -2.704717 
18.700000 20.966918 -2.704714 
18.700000 21.066918 -2.704711 
18.700000 21.166918 -2.704705 
18.700000 21.266918 -2.704696 
18.700000 21.366918 -2.704682 
18.700000 21.466918 -2.704664 
18.700000 21.566918 -2.704645 
18.700000 21.666918 -2.704626 
18.700000 21.766918 -2.704610 
18.800000 17.666918 -2.704619 
18.800000 17.766918 -2.704632 
18.800000 17.866918 -2.704648 
18.800000 17.966918 -2.704666 
18.800000 18.066918 -2.704683 
18.800000 18.166918 -2.704697 
18.800000 18.266918 -2.704706 
18.800000 18.366918 -2.704712 
18.800000 18.466918 -2.704714 
18.800000 18.566918 -2.704716 
18.800000 18.666918 -2.704719 
18.800000 18.766918 -2.704724 
18.800000 18.866918 -2.704732 
18.800000 18.966918 -2.704740 
18.800000 19.066918 -2.704747 
18.800000 19.166918 -2.704751 
18.800000 19.266918 -2.704750 
18.800000 19.366918 -2.704746 
18.800000 19.466918 -2.704739 
18.800000 19.566918 -2.704731 
18.800000 19.666918 -2.704726 
18.800000 19.766918 -2.704725 
18.800000 19.866918 -2.704728 
18.800000 19.966918 -2.704734 
18.800000 20.066918 -2.704742 
18.800000 20.166918 -2.704748 
18.800000 20.266918 -2.704751 
18.800000 20.366918 -2.704749 
18.800000 20.466918 -2.704744 
18.800000 20.566918 -2.704736 
18.800000 20.666918 -2.704728 
18.800000 20.766918 -2.704722 
18.800000 20.866918 -2.704718 
18.800000 20.966918 -2.704715 
18.800000 21.066918 -2.704713 
18.800000 21.166918 -2.704710 
18.800000 21.266918 -2.704703 
18.800000 21.366918 -2.704691 
18.800000 21.466918 -2.704676 
18.800000 21.566918 -2.704658 
18.800000 21.666918 -2.704641 
18.800000 21.766918 -2.704626 
18.900000 17.666918 -2.704638 
18.900000 17.766918 -2.704650 
18.900000 17.866918 -2.704665 
18.900000 17.966918 -2.704680 
18.900000 18.066918 -2.704694 
18.900000 18.166918 -2.704705 
18.900000 18.266918 -2.704711 
18.900000 18.366918 -2.704713 
18.900000 18.466918 -2.704714 
18.900000 18.566918 -2.704714 
18.900000 18.666918 -2.704716 
18.900000 18.766918 -2.704721 
18.900000 18.866918 -2.704729 
18.900000 18.966918 -2.704740 
18.900000 19.066918 -2.704749 
18.900000 19.166918 -2.704756 
18.900000 19.266918 -2.704759 
18.900000 19.366918 -2.704758 
18.900000 19.466918 -2.704753 
18.900000 19.566918 -2.704748 
18.900000 19.666918 -2.704744 
18.900000 19.766918 -2.704743 
18.900000 19.866918 -2.704745 
18.900000 19.966918 -2.704750 
18.900000 20.066918 -2.704755 
18.900000 20.166918 -2.704759 
18.900000 20.266918 -2.704758 
18.900000 20.366918 -2.704754 
18.900000 20.466918 -2.704745 
18.900000 20.566918 -2.704735 
18.900000 20.666918 -2.704726 
18.900000 20.766918 -2.704718 
18.900000 20.866918 -2.704714 
18.900000 20.966918 -2.704713 
18.900000 21.066918 -2.704714 
18.900000 21.166918 -2.704713 
18.900000 21.266918 -2.704709 
18.900000 21.366918 -2.704701 
18.900000 21.466918 -2.704688 
18.900000 21.566918 -2.704673 
18.900000 21.666918 -2.704658 
18.900000 21.766918 -2.704644 
19.000000 17.666918 -2.704655 
19.000000 17.766918 -2.704667 
19.000000 17.866918 -2.704680 
19.000000 17.966918 -2.704694 
19.000000 18.066918 -2.704705 
19.000000 18.166918 -2.704712 
19.000000 18.266918 -2.704715 
19.000000 18.366918 -2.704715 
19.000000 18.466918 -2.704712 
19.000000 18.566918 -2.704711 
19.000000 18.666918 -2.704712 
19.000000 18.766918 -2.704717 
19.000000 18.866918 -2.704727 
19.000000 18.966918 -2.704739 
19.000000 19.066918 -2.704751 
19.000000 19.166918 -2.704761 
19.000000 19.266918 -2.704767 
19.000000 19.366918 -2.704769 
19.000000 19.466918 -2.704767 
19.000000 19.566918 -2.704764 
19.000000 19.666918 -2.704762 
19.000000 19.766918 -2.704761 
19.000000 19.866918 -2.704763 
19.000000 19.966918 -2.704766 
19.000000 20.066918 -2.704768 
19.000000 20.166918 -2.704769 
19.000000 20.266918 -2.704765 
19.000000 20.366918 -2.704757 
19.000000 20.466918 -2.704746 
19.000000 20.566918 -2.704734 
19.000000 20.666918 -2.704722 
19.000000 20.766918 -2.704715 
19.000000 20.866918 -2.704711 
19.000000 20.966918 -2.704711 
19.000000 21.066918 -2.704713 
19.000000 21.166918 -2.704715 
19.000000 21.266918 -2.704715 
19.000000 21.366918 -2.704710 
19.000000 21.466918 -2.704700 
19.000000 21.566918 -2.704688 
19.000000 21.666918 -2.704675 
19.000000 21.766918 -2.704662 
19.100000 17.666918 -2.704670 
19.100000 17.766918 -2.704681 
19.100000 17.866918 -2.704693 
19.100000 17.966918 -2.704705 
19.100000 18.066918 -2.704714 
19.100000 18.166918 -2.704719 
19.100000 18.266918 -2.704720 
19.100000 18.366918 -2.704717 
19.100000 18.466918 -2.704713 
19.100000 18.566918 -2.704710 
19.100000 18.666918 -2.704711 
19.100000 18.766918 -2.704716 
19.100000 18.866918 -2.704726 
19.100000 18.966918 -2.704740 
19.100000 19.066918 -2.704754 
19.100000 19.166918 -2.704766 
19.100000 19.266918 -2.704775 
19.100000 19.366918 -2.704779 
19.100000 19.466918 -2.704779 
19.100000 19.566918 -2.704778 
19.100000 19.666918 -2.704776 
19.100000 19.766918 -2.704775 
19.100000 19.866918 -2.704777 
19.100000 19.966918 -2.704778 
19.100000 20.066918 -2.704779 
19.100000 20.166918 -2.704778 
19.100000 20.266918 -2.704772 
19.100000 20.366918 -2.704761 
19.100000 20.466918 -2.704748 
19.100000 20.566918 -2.704734 
19.100000 20.666918 -2.704721 
19.100000 20.766918 -2.704713 
19.100000 20.866918 -2.704710 
19.100000 20.966918 -2.704711 
19.100000 21.066918 -2.704715 
19.100000 21.166918 -2.704719 
19.100000 21.266918 -2.704720 
19.100000 21.366918 -2.704718 
19.100000 21.466918 -2.704711 
19.100000 21.566918 -2.704700 
19.100000 21.666918 -2.704688 
19.100000 21.766918 -2.704676 
19.200000 17.666918 -2.704679 
19.200000 17.766918 -2.704690 
19.200000 17.866918 -2.704702 
19.200000 17.966918 -2.704713 
19.200000 18.066918 -2.704721 
19.200000 18.166918 -2.704726 
19.200000 18.266918 -2.704725 
19.200000 18.366918 -2.704722 
19.200000 18.466918 -2.704717 
19.200000 18.566918 -2.704713 
19.200000 18.666918 -2.704714 
19.200000 18.766918 -2.704719 
19.200000 18.866918 -2.704730 
19.200000 18.966918 -2.704744 
19.200000 19.066918 -2.704759 
19.200000 19.166918 -2.704772 
19.200000 19.266918 -2.704781 
19.200000 19.366918 -2.704786 
19.200000 19.466918 -2.704787 
19.200000 19.566918 -2.704786 
19.200000 19.666918 -2.704785 
19.200000 19.766918 -2.704784 
19.200000 19.866918 -2.704785 
19.200000 19.966918 -2.704787 
19.200000 20.066918 -2.704787 
19.200000 20.166918 -2.704785 
19.200000 20.266918 -2.704778 
19.200000 20.366918 -2.704767 
19.200000 20.466918 -2.704753 
19.200000 20.566918 -2.704738 
19.200000 20.666918 -2.704725 
19.200000 20.766918 -2.704716 
19.200000 20.866918 -2.704713 
19.200000 20.966918 -2.704715 
19.200000 21.066918 -2.704719 
19.200000 21.166918 -2.704724 
19.200000 21.266918 -2.704726 
19.200000 21.366918 -2.704724 
19.200000 21.466918 -2.704718 
19.200000 21.566918 -2.704708 
19.200000 21.666918 -2.704697 
19.200000 21.766918 -2.704685 
19.300000 17.666918 -2.704682 
19.300000 17.766918 -2.704693 
19.300000 17.866918 -2.704705 
19.300000 17.966918 -2.704717 
19.300000 18.066918 -2.704726 
19.300000 18.166918 -2.704731 
19.300000 18.266918 -2.704732 
19.300000 18.366918 -2.704729 
19.300000 18.466918 -2.704725 
19.300000 18.566918 -2.704722 
19.300000 18.666918 -2.704722 
19.300000 18.766918 -2.704728 
19.300000 18.866918 -2.704738 
19.300000 18.966918 -2.704752 
19.300000 19.066918 -2.704766 
19.300000 19.166918 -2.704778 
19.300000 19.266918 -2.704787 
19.300000 19.366918 -2.704791 
19.300000 19.466918 -2.704791 
19.300000 19.566918 -2.704789 
19.300000 19.666918 -2.704788 
19.300000 19.766918 -2.704787 
19.300000 19.866918 -2.704788 
19.300000 19.966918 -2.704790 
19.300000 20.066918 -2.704791 
19.300000 20.166918 -2.704790 
19.300000 20.266918 -2.704784 
19.300000 20.366918 -2.704773 
19.300000 20.466918 -2.704760 
19.300000 20.566918 -2.704746 
19.300000 20.666918 -2.704733 
19.300000 20.766918 -2.704725 
19.300000 20.866918 -2.704722 
19.300000 20.966918 -2.704723 
19.300000 21.066918 -2.704727 
19.300000 21.166918 -2.704731 
19.300000 21.266918 -2.704732 
19.300000 21.366918 -2.704730 
19.300000 21.466918 -2.704723 
19.300000 21.566918 -2.704712 
19.300000 21.666918 -2.704700 
19.300000 21.766918 -2.704688 
19.400000 17.666918 -2.704679 
19.400000 17.766918 -2.704691 
19.400000 17.866918 -2.704704 
19.400000 17.966918 -2.704717 
19.400000 18.066918 -2.704729 
19.400000 18.166918 -2.704736 
19.400000 18.266918 -2.704739 
19.400000 18.366918 -2.704738 
19.400000 18.466918 -2.704736 
19.400000 18.566918 -2.704734 
19.400000 18.666918 -2.704736 
19.400000 18.766918 -2.704741 
19.400000 18.866918 -2.704751 
19.400000 18.966918 -2.704763 
19.400000 19.066918 -2.704775 
19.400000 19.166918 -2.704785 
19.400000 19.266918 -2.704791 
19.400000 19.366918 -2.704793 
19.400000 19.466918 -2.704791 
19.400000 19.566918 -2.704788 
19.400000 19.666918 -2.704785 
19.400000 19.766918 -2.704785 
19.400000 19.866918 -2.704786 
19.400000 19.966918 -2.704789 
19.400000 20.066918 -2.704792 
19.400000 20.166918 -2.704792 
19.400000 20.266918 -2.704789 
19.400000 20.366918 -2.704781 
19.400000 20.466918 -2.704770 
19.400000 20.566918 -2.704757 
19.400000 20.666918 -2.704746 
19.400000 20.766918 -2.704738 
19.400000 20.866918 -2.704735 
19.400000 20.966918 -2.704735 
19.400000 21.066918 -2.704737 
19.400000 21.166918 -2.704739 
19.400000 21.266918 -2.704738 
19.400000 21.366918 -2.704733 
19.400000 21.466918 -2.704724 
19.400000 21.566918 -2.704712 
19.400000 21.666918 -2.704698 
19.400000 21.766918 -2.704685 
19.500000 17.666918 -2.704673 
19.500000 17.766918 -2.704685 
19.500000 17.866918 -2.704700 
19.500000 17.966918 -2.704716 
19.500000 18.066918 -2.704730 
19.500000 18.166918 -2.704740 
19.500000 18.266918 -2.704747 
19.500000 18.366918 -2.704749 
19.500000 18.466918 -2.704749 
19.500000 18.566918 -2.704749 
19.500000 18.666918 -2.704751 
19.500000 18.766918 -2.704757 
19.500000 18.866918 -2.704765 
19.500000 18.966918 -2.704775 
19.500000 19.066918 -2.704785 
19.500000 19.166918 -2.704792 
19.500000 19.266918 -2.704794 
19.500000 19.366918 -2.704793 
19.500000 19.466918 -2.704789 
19.500000 19.566918 -2.704784 
19.500000 19.666918 -2.704780 
19.500000 19.766918 -2.704779 
19.500000 19.866918 -2.704781 
19.500000 19.966918 -2.704786 
19.500000 20.066918 -2.704791 
19.500000 20.166918 -2.704794 
19.500000 20.266918 -2.704794 
19.500000 20.366918 -2.704789 
19.500000 20.466918 -2.704781 
19.500000 20.566918 -2.704771 
19.500000 20.666918 -2.704761 
19.500000 20.766918 -2.704754 
19.500000 20.866918 -2.704750 
19.500000 20.966918 -2.704749 
19.500000 21.066918 -2.704749 
19.500000 21.166918 -2.704748 
19.500000 21.266918 -2.704744 
19.500000 21.366918 -2.704736 
19.500000 21.466918 -2.704724 
19.500000 21.566918 -2.704709 
19.500000 21.666918 -2.704693 
19.500000 21.766918 -2.704680 
19.600000 17.666918 -2.704667 
19.600000 17.766918 -2.704679 
19.600000 17.866918 -2.704696 
19.600000 17.966918 -2.704713 
19.600000 18.066918 -2.704730 
19.600000 18.166918 -2.704744 
19.600000 18.266918 -2.704754 
19.600000 18.366918 -2.704759 
19.600000 18.466918 -2.704762 
19.600000 18.566918 -2.704763 
19.600000 18.666918 -2.704766 
19.600000 18.766918 -2.704772 
19.600000 18.866918 -2.704779 
19.600000 18.966918 -2.704787 
19.600000 19.066918 -2.704794 
19.600000 19.166918 -2.704798 
19.600000 19.266918 -2.704798 
19.600000 19.366918 -2.704793 
19.600000 19.466918 -2.704786 
19.600000 19.566918 -2.704779 
19.600000 19.666918 -2.704774 
19.600000 19.766918 -2.704772 
19.600000 19.866918 -2.704775 
19.600000 19.966918 -2.704782 
19.600000 20.066918 -2.704789 
19.600000 20.166918 -2.704795 
19.600000 20.266918 -2.704798 
19.600000 20.366918 -2.704797 
19.600000 20.466918 -2.704791 
19.600000 20.566918 -2.704784 
19.600000 20.666918 -2.704776 
19.600000 20.766918 -2.704769 
19.600000 20.866918 -2.704765 
19.600000 20.966918 -2.704763 
19.600000 21.066918 -2.704761 
19.600000 21.166918 -2.704757 
19.600000 21.266918 -2.704750 
19.600000 21.366918 -2.704739 
19.600000 21.466918 -2.704723 
19.600000 21.566918 -2.704706 
19.600000 21.666918 -2.704688 
19.600000 21.766918 -2.704673 
19.700000 17.666918 -2.704663 
19.700000 17.766918 -2.704676 
19.700000 17.866918 -2.704693 
19.700000 17.966918 -2.704712 
19.700000 18.066918 -2.704731 
19.700000 18.166918 -2.704748 
19.700000 18.266918 -2.704760 
19.700000 18.366918 -2.704767 
19.700000 18.466918 -2.704772 
19.700000 18.566918 -2.704775 
19.700000 18.666918 -2.704778 
19.700000 18.766918 -2.704784 
19.700000 18.866918 -2.704790 
19.700000 18.966918 -2.704797 
19.700000 19.066918 -2.704802 
19.700000 19.166918 -2.704803 
19.700000 19.266918 -2.704801 
19.700000 19.366918 -2.704794 
19.700000 19.466918 -2.704785 
19.700000 19.566918 -2.704776 
19.700000 19.666918 -2.704770 
19.700000 19.766918 -2.704768 
19.700000 19.866918 -2.704772 
19.700000 19.966918 -2.704780 
19.700000 20.066918 -2.704789 
19.700000 20.166918 -2.704797 
19.700000 20.266918 -2.704802 
19.700000 20.366918 -2.704803 
19.700000 20.466918 -2.704800 
19.700000 20.566918 -2.704794 
19.700000 20.666918 -2.704787 
19.700000 20.766918 -2.704781 
19.700000 20.866918 -2.704777 
19.700000 20.966918 -2.704773 
19.700000 21.066918 -2.704770 
19.700000 21.166918 -2.704764 
19.700000 21.266918 -2.704755 
19.700000 21.366918 -2.704741 
19.700000 21.466918 -2.704723 
19.700000 21.566918 -2.704704 
19.700000 21.666918 -2.704685 
19.700000 21.766918 -2.704670 
19.800000 17.666918 -2.704664 
19.800000 17.766918 -2.704677 
19.800000 17.866918 -2.704694 
19.800000 17.966918 -2.704714 
19.800000 18.066918 -2.704734 
19.800000 18.166918 -2.704751 
19.800000 18.266918 -2.704764 
19.800000 18.366918 -2.704772 
19.800000 18.466918 -2.704777 
19.800000 18.566918 -2.704781 
19.800000 18.666918 -2.704785 
19.800000 18.766918 -2.704790 
19.800000 18.866918 -2.704796 
19.800000 18.966918 -2.704803 
19.800000 19.066918 -2.704807 
19.800000 19.166918 -2.704808 
19.800000 19.266918 -2.704804 
19.800000 19.366918 -2.704796 
19.800000 19.466918 -2.704787 
19.800000 19.566918 -2.704777 
19.800000 19.666918 -2.704771 
19.800000 19.766918 -2.704769 
19.800000 19.866918 -2.704773 
19.800000 19.966918 -2.704781 
19.800000 20.066918 -2.704791 
19.800000 20.166918 -2.704800 
19.800000 20.266918 -2.704806 
19.800000 20.366918 -2.704808 
19.800000 20.466918 -2.704805 
19.800000 20.566918 -2.704800 
19.800000 20.666918 -2.704794 
19.800000 20.766918 -2.704788 
19.800000 20.866918 -2.704783 
19.800000 20.966918 -2.704780 
19.800000 21.066918 -2.704776 
19.800000 21.166918 -2.704769 
19.800000 21.266918 -2.704759 
19.800000 21.366918 -2.704744 
19.800000 21.466918 -2.704726 
19.800000 21.566918 -2.704706 
19.800000 21.666918 -2.704686 
19.800000 21.766918 -2.704670 
19.900000 17.666918 -2.704670 
19.900000 17.766918 -2.704683 
19.900000 17.866918 -2.704700 
19.900000 17.966918 -2.704719 
19.900000 18.066918 -2.704738 
19.900000 18.166918 -2.704755 
19.900000 18.266918 -2.704766 
19.900000 18.366918 -2.704774 
19.900000 18.466918 -2.704779 
19.900000 18.566918 -2.704782 
19.900000 18.666918 -2.704785 
19.900000 18.766918 -2.704790 
19.900000 18.866918 -2.704797 
19.900000 18.966918 -2.704804 
19.900000 19.066918 -2.704809 
19.900000 19.166918 -2.704810 
19.900000 19.266918 -2.704808 
19.900000 19.366918 -2.704801 
19.900000 19.466918 -2.704792 
19.900000 19.566918 -2.704783 
19.900000 19.666918 -2.704777 
19.900000 19.766918 -2.704775 
19.900000 19.866918 -2.704779 
19.900000 19.966918 -2.704787 
19.900000 20.066918 -2.704796 
19.900000 20.166918 -2.704804 
19.900000 20.266918 -2.704809 
19.900000 20.366918 -2.704810 
19.900000 20.466918 -2.704807 
19.900000 20.566918 -2.704801 
19.900000 20.666918 -2.704794 
19.900000 20.766918 -2.704788 
19.900000 20.866918 -2.704784 
19.900000 20.966918 -2.704780 
19.900000 21.066918 -2.704777 
19.900000 21.166918 -2.704771 
19.900000 21.266918 -2.704762 
19.900000 21.366918 -2.704748 
19.900000 21.466918 -2.704730 
19.900000 21.566918 -2.704711 
19.900000 21.666918 -2.704692 
19.900000 21.766918 -2.704677 
20.000000 17.666918 -2.704681 
20.000000 17.766918 -2.704693 
20.000000 17.866918 -2.704709 
20.000000 17.966918 -2.704727 
20.000000 18.066918 -2.704744 
20.000000 18.166918 -2.704758 
20.000000 18.266918 -2.704767 
20.000000 18.366918 -2.704773 
20.000000 18.466918 -2.704775 
20.000000 18.566918 -2.704777 
20.000000 18.666918 -2.704780 
20.000000 18.766918 -2.704786 
20.000000 18.866918 -2.704793 
20.000000 18.966918 -2.704801 
20.000000 19.066918 -2.704808 
20.000000 19.166918 -2.704812 
20.000000 19.266918 -2.704811 
20.000000 19.366918 -2.704807 
20.000000 19.466918 -2.704800 
20.000000 19.566918 -2.704793 
20.000000 19.666918 -2.704787 
20.000000 19.766918 -2.704786 
20.000000 19.866918 -2.704789 
20.000000 19.966918 -2.704796 
20.000000 20.066918 -2.704803 
20.000000 20.166918 -2.704809 
20.000000 20.266918 -2.704812 
20.000000 20.366918 -2.704811 
20.000000 20.466918 -2.704805 
20.000000 20.566918 -2.704798 
20.000000 20.666918 -2.704790 
20.000000 20.766918 -2.704783 
20.000000 20.866918 -2.704779 
20.000000 20.966918 -2.704776 
20.000000 21.066918 -2.704775 
20.000000 21.166918 -2.704771 
20.000000 21.266918 -2.704764 
20.000000 21.366918 -2.704752 
20.000000 21.466918 -2.704737 
20.000000 21.566918 -2.704719 
20.000000 21.666918 -2.704702 
20.000000 21.766918 -2.704687 
20.100000 17.666918 -2.704694 
20.100000 17.766918 -2.704706 
20.100000 17.866918 -2.704721 
20.100000 17.966918 -2.704736 
20.100000 18.066918 -2.704750 
20.100000 18.166918 -2.704761 
20.100000 18.266918 -2.704767 
20.100000 18.366918 -2.704770 
20.100000 18.466918 -2.704770 
20.100000 18.566918 -2.704770 
20.100000 18.666918 -2.704772 
20.100000 18.766918 -2.704777 
20.100000 18.866918 -2.704786 
20.100000 18.966918 -2.704796 
20.100000 19.066918 -2.704806 
20.100000 19.166918 -2.704812 
20.100000 19.266918 -2.704815 
20.100000 19.366918 -2.704814 
20.100000 19.466918 -2.704810 
20.100000 19.566918 -2.704804 
20.100000 19.666918 -2.704800 
20.100000 19.766918 -2.704799 
20.100000 19.866918 -2.704802 
20.100000 19.966918 -2.704807 
20.100000 20.066918 -2.704812 
20.100000 20.166918 -2.704815 
20.100000 20.266918 -2.704815 
20.100000 20.366918 -2.704810 
20.100000 20.466918 -2.704802 
20.100000 20.566918 -2.704792 
20.100000 20.666918 -2.704782 
20.100000 20.766918 -2.704775 
20.100000 20.866918 -2.704771 
20.100000 20.966918 -2.704770 
20.100000 21.066918 -2.704770 
20.100000 21.166918 -2.704769 
20.100000 21.266918 -2.704765 
20.100000 21.366918 -2.704757 
20.100000 21.466918 -2.704745 
20.100000 21.566918 -2.704730 
20.100000 21.666918 -2.704714 
20.100000 21.766918 -2.704700 
20.200000 17.666918 -2.704707 
20.200000 17.766918 -2.704718 
20.200000 17.866918 -2.704732 
20.200000 17.966918 -2.704745 
20.200000 18.066918 -2.704756 
20.200000 18.166918 -2.704764 
20.200000 18.266918 -2.704767 
20.200000 18.366918 -2.704766 
20.200000 18.466918 -2.704764 
20.200000 18.566918 -2.704762 
20.200000 18.666918 -2.704763 
20.200000 18.766918 -2.704769 
20.200000 18.866918 -2.704778 
20.200000 18.966918 -2.704790 
20.200000 19.066918 -2.704803 
20.200000 19.166918 -2.704813 
20.200000 19.266918 -2.704819 
20.200000 19.366918 -2.704821 
20.200000 19.466918 -2.704819 
20.200000 19.566918 -2.704816 
20.200000 19.666918 -2.704813 
20.200000 19.766918 -2.704812 
20.200000 19.866918 -2.704814 
20.200000 19.966918 -2.704817 
20.200000 20.066918 -2.704820 
20.200000 20.166918 -2.704820 
20.200000 20.266918 -2.704817 
20.200000 20.366918 -2.704809 
20.200000 20.466918 -2.704798 
20.200000 20.566918 -2.704785 
20.200000 20.666918 -2.704774 
20.200000 20.766918 -2.704766 
20.200000 20.866918 -2.704762 
20.200000 20.966918 -2.704763 
20.200000 21.066918 -2.704765 
20.200000 21.166918 -2.704767 
20.200000 21.266918 -2.704766 
20.200000 21.366918 -2.704761 
20.200000 21.466918 -2.704752 
20.200000 21.566918 -2.704739 
20.200000 21.666918 -2.704726 
20.200000 21.766918 -2.704713 
20.300000 17.666918 -2.704716 
20.300000 17.766918 -2.704728 
20.300000 17.866918 -2.704740 
20.300000 17.966918 -2.704752 
20.300000 18.066918 -2.704761 
20.300000 18.166918 -2.704766 
20.300000 18.266918 -2.704767 
20.300000 18.366918 -2.704764 
20.300000 18.466918 -2.704760 
20.300000 18.566918 -2.704757 
20.300000 18.666918 -2.704757 
20.300000 18.766918 -2.704763 
20.300000 18.866918 -2.704773 
20.300000 18.966918 -2.704787 
20.300000 19.066918 -2.704801 
20.300000 19.166918 -2.704813 
20.300000 19.266918 -2.704821 
20.300000 19.366918 -2.704826 
20.300000 19.466918 -2.704826 
20.300000 19.566918 -2.704824 
20.300000 19.666918 -2.704823 
20.300000 19.766918 -2.704822 
20.300000 19.866918 -2.704823 
20.300000 19.966918 -2.704825 
20.300000 20.066918 -2.704826 
20.300000 20.166918 -2.704824 
20.300000 20.266918 -2.704818 
20.300000 20.366918 -2.704808 
20.300000 20.466918 -2.704795 
20.300000 20.566918 -2.704780 
20.300000 20.666918 -2.704768 
20.300000 20.766918 -2.704760 
20.300000 20.866918 -2.704756 
20.300000 20.966918 -2.704758 
20.300000 21.066918 -2.704761 
20.300000 21.166918 -2.704765 
20.300000 21.266918 -2.704767 
20.300000 21.366918 -2.704764 
20.300000 21.466918 -2.704757 
20.300000 21.566918 -2.704747 
20.300000 21.666918 -2.704735 
20.300000 21.766918 -2.704723 
20.400000 17.666918 -2.704721 
20.400000 17.766918 -2.704732 
20.400000 17.866918 -2.704744 
20.400000 17.966918 -2.704755 
20.400000 18.066918 -2.704763 
20.400000 18.166918 -2.704767 
20.400000 18.266918 -2.704767 
20.400000 18.366918 -2.704764 
20.400000 18.466918 -2.704759 
20.400000 18.566918 -2.704755 
20.400000 18.666918 -2.704756 
20.400000 18.766918 -2.704761 
20.400000 18.866918 -2.704772 
20.400000 18.966918 -2.704786 
20.400000 19.066918 -2.704801 
20.400000 19.166918 -2.704814 
20.400000 19.266918 -2.704823 
20.400000 19.366918 -2.704828 
20.400000 19.466918 -2.704829 
20.400000 19.566918 -2.704828 
20.400000 19.666918 -2.704827 
20.400000 19.766918 -2.704826 
20.400000 19.866918 -2.704827 
20.400000 19.966918 -2.704829 
20.400000 20.066918 -2.704829 
20.400000 20.166918 -2.704826 
20.400000 20.266918 -2.704820 
20.400000 20.366918 -2.704809 
20.400000 20.466918 -2.704794 
20.400000 20.566918 -2.704780 
20.400000 20.666918 -2.704767 
20.400000 20.766918 -2.704758 
20.400000 20.866918 -2.704755 
20.400000 20.966918 -2.704756 
20.400000 21.066918 -2.704761 
20.400000 21.166918 -2.704765 
20.400000 21.266918 -2.704768 
20.400000 21.366918 -2.704766 
20.400000 21.466918 -2.704760 
20.400000 21.566918 -2.704750 
20.400000 21.666918 -2.704739 
20.400000 21.766918 -2.704727 
20.500000 17.666918 -2.704719 
20.500000 17.766918 -2.704730 
20.500000 17.866918 -2.704742 
20.500000 17.966918 -2.704754 
20.500000 18.066918 -2.704763 
20.500000 18.166918 -2.704768 
20.500000 18.266918 -2.704769 
20.500000 18.366918 -2.704766 
20.500000 18.466918 -2.704762 
20.500000 18.566918 -2.704759 
20.500000 18.666918 -2.704759 
20.500000 18.766918 -2.704765 
20.500000 18.866918 -2.704775 
20.500000 18.966918 -2.704789 
20.500000 19.066918 -2.704803 
20.500000 19.166918 -2.704815 
20.500000 19.266918 -2.704824 
20.500000 19.366918 -2.704828 
20.500000 19.466918 -2.704828 
20.500000 19.566918 -2.704827 
20.500000 19.666918 -2.704825 
20.500000 19.766918 -2.704824 
20.500000 19.866918 -2.704825 
20.500000 19.966918 -2.704827 
20.500000 20.066918 -2.704828 
20.500000 20.166918 -2.704827 
20.500000 20.266918 -2.704821 
20.500000 20.366918 -2.704810 
20.500000 20.466918 -2.704797 
20.500000 20.566918 -2.704783 
20.500000 20.666918 -2.704770 
20.500000 20.766918 -2.704762 
20.500000 20.866918 -2.704759 
20.500000 20.966918 -2.704760 
20.500000 21.066918 -2.704764 
20.500000 21.166918 -2.704768 
20.500000 21.266918 -2.704769 
20.500000 21.366918 -2.704767 
20.500000 21.466918 -2.704760 
20.500000 21.566918 -2.704749 
20.500000 21.666918 -2.704737 
20.500000 21.766918 -2.704725 
20.600000 17.666918 -2.704711 
20.600000 17.766918 -2.704723 
20.600000 17.866918 -2.704736 
20.600000 17.966918 -2.704750 
20.600000 18.066918 -2.704761 
20.600000 18.166918 -2.704768 
20.600000 18.266918 -2.704771 
20.600000 18.366918 -2.704771 
20.600000 18.466918 -2.704768 
20.600000 18.566918 -2.704767 
20.600000 18.666918 -2.704768 
20.600000 18.766918 -2.704773 
20.600000 18.866918 -2.704783 
20.600000 18.966918 -2.704795 
20.600000 19.066918 -2.704807 
20.600000 19.166918 -2.704817 
20.600000 19.266918 -2.704823 
20.600000 19.366918 -2.704825 
20.600000 19.466918 -2.704824 
20.600000 19.566918 -2.704820 
20.600000 19.666918 -2.704818 
20.600000 19.766918 -2.704817 
20.600000 19.866918 -2.704819 
20.600000 19.966918 -2.704822 
20.600000 20.066918 -2.704825 
20.600000 20.166918 -2.704825 
20.600000 20.266918 -2.704821 
20.600000 20.366918 -2.704813 
20.600000 20.466918 -2.704802 
20.600000 20.566918 -2.704790 
20.600000 20.666918 -2.704778 
20.600000 20.766918 -2.704770 
20.600000 20.866918 -2.704767 
20.600000 20.966918 -2.704767 
20.600000 21.066918 -2.704769 
20.600000 21.166918 -2.704771 
20.600000 21.266918 -2.704771 
20.600000 21.366918 -2.704766 
20.600000 21.466918 -2.704756 
20.600000 21.566918 -2.704744 
20.600000 21.666918 -2.704730 
20.600000 21.766918 -2.704718 
20.700000 17.666918 -2.704701 
20.700000 17.766918 -2.704713 
20.700000 17.866918 -2.704728 
20.700000 17.966918 -2.704743 
20.700000 18.066918 -2.704757 
20.700000 18.166918 -2.704768 
20.700000 18.266918 -2.704774 
20.700000 18.366918 -2.704777 
20.700000 18.466918 -2.704777 
20.700000 18.566918 -2.704777 
20.700000 18.666918 -2.704779 
20.700000 18.766918 -2.704784 
20.700000 18.866918 -2.704793 
20.700000 18.966918 -2.704803 
20.700000 19.066918 -2.704812 
20.700000 19.166918 -2.704819 
20.700000 19.266918 -2.704822 
20.700000 19.366918 -2.704821 
20.700000 19.466918 -2.704816 
20.700000 19.566918 -2.704811 
20.700000 19.666918 -2.704807 
20.700000 19.766918 -2.704806 
20.700000 19.866918 -2.704809 
20.700000 19.966918 -2.704813 
20.700000 20.066918 -2.704819 
20.700000 20.166918 -2.704822 
20.700000 20.266918 -2.704821 
20.700000 20.366918 -2.704817 
20.700000 20.466918 -2.704808 
20.700000 20.566918 -2.704798 
20.700000 20.666918 -2.704789 
20.700000 20.766918 -2.704781 
20.700000 20.866918 -2.704778 
20.700000 20.966918 -2.704777 
20.700000 21.066918 -2.704777 
20.700000 21.166918 -2.704776 
20.700000 21.266918 -2.704772 
20.700000 21.366918 -2.704764 
20.700000 21.466918 -2.704751 
20.700000 21.566918 -2.704736 
20.700000 21.666918 -2.704721 
20.700000 21.766918 -2.704707 
20.800000 17.666918 -2.704690 
20.800000 17.766918 -2.704702 
20.800000 17.866918 -2.704718 
20.800000 17.966918 -2.704736 
20.800000 18.066918 -2.704753 
20.800000 18.166918 -2.704767 
20.800000 18.266918 -2.704777 
20.800000 18.366918 -2.704782 
20.800000 18.466918 -2.704785 
20.800000 18.566918 -2.704786 
20.800000 18.666918 -2.704789 
20.800000 18.766918 -2.704795 
20.800000 18.866918 -2.704802 
20.800000 18.966918 -2.704810 
20.800000 19.066918 -2.704817 
20.800000 19.166918 -2.704821 
20.800000 19.266918 -2.704821 
20.800000 19.366918 -2.704816 
20.800000 19.466918 -2.704809 
20.800000 19.566918 -2.704802 
20.800000 19.666918 -2.704797 
20.800000 19.766918 -2.704795 
20.800000 19.866918 -2.704798 
20.800000 19.966918 -2.704805 
20.800000 20.066918 -2.704812 
20.800000 20.166918 -2.704819 
20.800000 20.266918 -2.704821 
20.800000 20.366918 -2.704820 
20.800000 20.466918 -2.704814 
20.800000 20.566918 -2.704807 
20.800000 20.666918 -2.704799 
20.800000 20.766918 -2.704792 
20.800000 20.866918 -2.704788 
20.800000 20.966918 -2.704786 
20.800000 21.066918 -2.704784 
20.800000 21.166918 -2.704780 
20.800000 21.266918 -2.704773 
20.800000 21.366918 -2.704762 
20.800000 21.466918 -2.704746 
20.800000 21.566918 -2.704729 
20.800000 21.666918 -2.704711 
20.800000 21.766918 -2.704696 
20.900000 17.666918 -2.704681 
20.900000 17.766918 -2.704694 
20.900000 17.866918 -2.704711 
20.900000 17.966918 -2.704731 
20.900000 18.066918 -2.704750 
20.900000 18.166918 -2.704766 
20.900000 18.266918 -2.704778 
20.900000 18.366918 -2.704786 
20.900000 18.466918 -2.704790 
20.900000 18.566918 -2.704793 
20.900000 18.666918 -2.704797 
20.900000 18.766918 -2.704802 
20.900000 18.866918 -2.704808 
20.900000 18.966918 -2.704815 
20.900000 19.066918 -2.704820 
20.900000 19.166918 -2.704822 
20.900000 19.266918 -2.704819 
20.900000 19.366918 -2.704812 
20.900000 19.466918 -2.704803 
20.900000 19.566918 -2.704794 
20.900000 19.666918 -2.704788 
20.900000 19.766918 -2.704787 
20.900000 19.866918 -2.704790 
20.900000 19.966918 -2.704798 
20.900000 20.066918 -2.704807 
20.900000 20.166918 -2.704816 
20.900000 20.266918 -2.704821 
20.900000 20.366918 -2.704822 
20.900000 20.466918 -2.704818 
20.900000 20.566918 -2.704812 
20.900000 20.666918 -2.704806 
20.900000 20.766918 -2.704799 
20.900000 20.866918 -2.704795 
20.900000 20.966918 -2.704792 
20.900000 21.066918 -2.704788 
20.900000 21.166918 -2.704783 
20.900000 21.266918 -2.704773 
20.900000 21.366918 -2.704759 
20.900000 21.466918 -2.704742 
20.900000 21.566918 -2.704722 
20.900000 21.666918 -2.704704 
20.900000 21.766918 -2.704688 
21.000000 17.666918 -2.704677 
21.000000 17.766918 -2.704690 
21.000000 17.866918 -2.704708 
21.000000 17.966918 -2.704728 
21.000000 18.066918 -2.704748 
21.000000 18.166918 -2.704765 
21.000000 18.266918 -2.704778 
21.000000 18.366918 -2.704786 
21.000000 18.466918 -2.704791 
21.000000 18.566918 -2.704795 
21.000000 18.666918 -2.704799 
21.000000 18.766918 -2.704804 
21.000000 18.866918 -2.704810 
21.000000 18.966918 -2.704816 
21.000000 19.066918 -2.704821 
21.000000 19.166918 -2.704821 
21.000000 19.266918 -2.704818 
21.000000 19.366918 -2.704810 
21.000000 19.466918 -2.704800 
21.000000 19.566918 -2.704791 
21.000000 19.666918 -2.704785 
21.000000 19.766918 -2.704783 
21.000000 19.866918 -2.704787 
21.000000 19.966918 -2.704795 
21.000000 20.066918 -2.704805 
21.000000 20.166918 -2.704814 
21.000000 20.266918 -2.704820 
21.000000 20.366918 -2.704822 
21.000000 20.466918 -2.704819 
21.000000 20.566918 -2.704814 
21.000000 20.666918 -2.704807 
21.000000 20.766918 -2.704801 
21.000000 20.866918 -2.704797 
21.000000 20.966918 -2.704793 
21.000000 21.066918 -2.704789 
21.000000 21.166918 -2.704783 
21.000000 21.266918 -2.704773 
21.000000 21.366918 -2.704758 
21.000000 21.466918 -2.704740 
21.000000 21.566918 -2.704719 
21.000000 21.666918 -2.704700 
21.000000 21.766918 -2.704684 
21.100000 17.666918 -2.704679 
21.100000 17.766918 -2.704692 
21.100000 17.866918 -2.704709 
21.100000 17.966918 -2.704729 
21.100000 18.066918 -2.704747 
21.100000 18.166918 -2.704764 
21.100000 18.266918 -2.704776 
21.100000 18.366918 -2.704783 
21.100000 18.466918 -2.704788 
21.100000 18.566918 -2.704791 
21.100000 18.666918 -2.704794 
21.100000 18.766918 -2.704800 
21.100000 18.866918 -2.704806 
21.100000 18.966918 -2.704813 
21.100000 19.066918 -2.704818 
21.100000 19.166918 -2.704820 
21.100000 19.266918 -2.704817 
21.100000 19.366918 -2.704810 
21.100000 19.466918 -2.704801 
21.100000 19.566918 -2.704792 
21.100000 19.666918 -2.704786 
21.100000 19.766918 -2.704785 
21.100000 19.866918 -2.704788 
21.100000 19.966918 -2.704796 
21.100000 20.066918 -2.704805 
21.100000 20.166918 -2.704813 
21.100000 20.266918 -2.704819 
21.100000 20.366918 -2.704819 
21.100000 20.466918 -2.704816 
21.100000 20.566918 -2.704810 
21.100000 20.666918 -2.704803 
21.100000 20.766918 -2.704797 
21.100000 20.866918 -2.704793 
21.100000 20.966918 -2.704789 
21.100000 21.066918 -2.704786 
21.100000 21.166918 -2.704780 
21.100000 21.266918 -2.704771 
21.100000 21.366918 -2.704757 
21.100000 21.466918 -2.704740 
21.100000 21.566918 -2.704720 
21.100000 21.666918 -2.704701 
21.100000 21.766918 -2.704686 
21.200000 17.666918 -2.704685 
21.200000 17.766918 -2.704698 
21.200000 17.866918 -2.704714 
21.200000 17.966918 -2.704732 
21.200000 18.066918 -2.704749 
21.200000 18.166918 -2.704762 
21.200000 18.266918 -2.704772 
21.200000 18.366918 -2.704777 
21.200000 18.466918 -2.704780 
21.200000 18.566918 -2.704782 
21.200000 18.666918 -2.704785 
21.200000 18.766918 -2.704790 
21.200000 18.866918 -2.704797 
21.200000 18.966918 -2.704806 
21.200000 19.066918 -2.704813 
21.200000 19.166918 -2.704816 
21.200000 19.266918 -2.704816 
21.200000 19.366918 -2.704812 
21.200000 19.466918 -2.704804 
21.200000 19.566918 -2.704797 
21.200000 19.666918 -2.704792 
21.200000 19.766918 -2.704791 
21.200000 19.866918 -2.704794 
21.200000 19.966918 -2.704800 
21.200000 20.066918 -2.704808 
21.200000 20.166918 -2.704814 
21.200000 20.266918 -2.704817 
21.200000 20.366918 -2.704815 
21.200000 20.466918 -2.704810 
21.200000 20.566918 -2.704802 
21.200000 20.666918 -2.704794 
21.200000 20.766918 -2.704788 
21.200000 20.866918 -2.704783 
21.200000 20.966918 -2.704781 
21.200000 21.066918 -2.704779 
21.200000 21.166918 -2.704776 
21.200000 21.266918 -2.704768 
21.200000 21.366918 -2.704757 
21.200000 21.466918 -2.704742 
21.200000 21.566918 -2.704724 
21.200000 21.666918 -2.704707 
21.200000 21.766918 -2.704692 
21.300000 17.666918 -2.704694 
21.300000 17.766918 -2.704706 
21.300000 17.866918 -2.704721 
21.300000 17.966918 -2.704736 
21.300000 18.066918 -2.704750 
21.300000 18.166918 -2.704761 
21.300000 18.266918 -2.704767 
21.300000 18.366918 -2.704770 
21.300000 18.466918 -2.704770 
21.300000 18.566918 -2.704770 
21.300000 18.666918 -2.704772 
21.300000 18.766918 -2.704777 
21.300000 18.866918 -2.704786 
21.300000 18.966918 -2.704796 
21.300000 19.066918 -2.704805 
21.300000 19.166918 -2.704812 
21.300000 19.266918 -2.704815 
21.300000 19.366918 -2.704814 
21.300000 19.466918 -2.704810 
21.300000 19.566918 -2.704804 
21.300000 19.666918 -2.704800 
21.300000 19.766918 -2.704799 
21.300000 19.866918 -2.704802 
21.300000 19.966918 -2.704807 
21.300000 20.066918 -2.704812 
21.300000 20.166918 -2.704815 
21.300000 20.266918 -2.704815 
21.300000 20.366918 -2.704810 
21.300000 20.466918 -2.704802 
21.300000 20.566918 -2.704791 
21.300000 20.666918 -2.704782 
21.300000 20.766918 -2.704775 
21.300000 20.866918 -2.704771 
21.300000 20.966918 -2.704770 
21.300000 21.066918 -2.704770 
21.300000 21.166918 -2.704769 
21.300000 21.266918 -2.704765 
21.300000 21.366918 -2.704757 
21.300000 21.466918 -2.704745 
21.300000 21.566918 -2.704730 
21.300000 21.666918 -2.704714 
21.300000 21.766918 -2.704700 
21.400000 17.666918 -2.704702 
21.400000 17.766918 -2.704714 
21.400000 17.866918 -2.704727 
21.400000 17.966918 -2.704740 
21.400000 18.066918 -2.704752 
21.400000 18.166918 -2.704759 
21.400000 18.266918 -2.704762 
21.400000 18.366918 -2.704762 
21.400000 18.466918 -2.704759 
21.400000 18.566918 -2.704757 
21.400000 18.666918 -2.704759 
21.400000 18.766918 -2.704764 
21.400000 18.866918 -2.704774 
21.400000 18.966918 -2.704786 
21.400000 19.066918 -2.704798 
21.400000 19.166918 -2.704808 
21.400000 19.266918 -2.704814 
21.400000 19.366918 -2.704816 
21.400000 19.466918 -2.704814 
21.400000 19.566918 -2.704811 
21.400000 19.666918 -2.704808 
21.400000 19.766918 -2.704808 
21.400000 19.866918 -2.704809 
21.400000 19.966918 -2.704813 
21.400000 20.066918 -2.704815 
21.400000 20.166918 -2.704816 
21.400000 20.266918 -2.704812 
21.400000 20.366918 -2.704804 
21.400000 20.466918 -2.704793 
21.400000 20.566918 -2.704780 
21.400000 20.666918 -2.704769 
21.400000 20.766918 -2.704761 
21.400000 20.866918 -2.704758 
21.400000 20.966918 -2.704758 
21.400000 21.066918 -2.704760 
21.400000 21.166918 -2.704762 
21.400000 21.266918 -2.704761 
21.400000 21.366918 -2.704756 
21.400000 21.466918 -2.704747 
21.400000 21.566918 -2.704735 
21.400000 21.666918 -2.704721 
21.400000 21.766918 -2.704708 
21.500000 17.666918 -2.704707 
21.500000 17.766918 -2.704718 
21.500000 17.866918 -2.704731 
21.500000 17.966918 -2.704742 
21.500000 18.066918 -2.704752 
21.500000 18.166918 -2.704757 
21.500000 18.266918 -2.704757 
21.500000 18.366918 -2.704755 
21.500000 18.466918 -2.704750 
21.500000 18.566918 -2.704747 
21.500000 18.666918 -2.704748 
21.500000 18.766918 -2.704754 
21.500000 18.866918 -2.704764 
21.500000 18.966918 -2.704777 
21.500000 19.066918 -2.704791 
21.500000 19.166918 -2.704804 
21.500000 19.266918 -2.704812 
21.500000 19.366918 -2.704816 
21.500000 19.466918 -2.704817 
21.500000 19.566918 -2.704815 
21.500000 19.666918 -2.704813 
21.500000 19.766918 -2.704813 
21.500000 19.866918 -2.704814 
21.500000 19.966918 -2.704816 
21.500000 20.066918 -2.704817 
21.500000 20.166918 -2.704815 
21.500000 20.266918 -2.704809 
21.500000 20.366918 -2.704799 
21.500000 20.466918 -2.704785 
21.500000 20.566918 -2.704771 
21.500000 20.666918 -2.704759 
21.500000 20.766918 -2.704750 
21.500000 20.866918 -2.704747 
21.500000 20.966918 -2.704748 
21.500000 21.066918 -2.704752 
21.500000 21.166918 -2.704756 
21.500000 21.266918 -2.704758 
21.500000 21.366918 -2.704755 
21.500000 21.466918 -2.704748 
21.500000 21.566918 -2.704738 
21.500000 21.666918 -2.704725 
21.500000 21.766918 -2.704713 
21.600000 17.666918 -2.704707 
21.600000 17.766918 -2.704718 
21.600000 17.866918 -2.704730 
21.600000 17.966918 -2.704741 
21.600000 18.066918 -2.704749 
21.600000 18.166918 -2.704754 
21.600000 18.266918 -2.704753 
21.600000 18.366918 -2.704750 
21.600000 18.466918 -2.704745 
21.600000 18.566918 -2.704741 
21.600000 18.666918 -2.704742 
21.600000 18.766918 -2.704747 
21.600000 18.866918 -2.704758 
21.600000 18.966918 -2.704772 
21.600000 19.066918 -2.704787 
21.600000 19.166918 -2.704800 
21.600000 19.266918 -2.704809 
21.600000 19.366918 -2.704814 
21.600000 19.466918 -2.704815 
21.600000 19.566918 -2.704814 
21.600000 19.666918 -2.704813 
21.600000 19.766918 -2.704812 
21.600000 19.866918 -2.704813 
21.600000 19.966918 -2.704815 
21.600000 20.066918 -2.704815 
21.600000 20.166918 -2.704813 
21.600000 20.266918 -2.704806 
21.600000 20.366918 -2.704795 
21.600000 20.466918 -2.704780 
21.600000 20.566918 -2.704766 
21.600000 20.666918 -2.704753 
21.600000 20.766918 -2.704744 
21.600000 20.866918 -2.704741 
21.600000 20.966918 -2.704743 
21.600000 21.066918 -2.704747 
21.600000 21.166918 -2.704752 
21.600000 21.266918 -2.704754 
21.600000 21.366918 -2.704752 
21.600000 21.466918 -2.704746 
21.600000 21.566918 -2.704736 
21.600000 21.666918 -2.704725 
21.600000 21.766918 -2.704713 
21.700000 17.666918 -2.704700 
21.700000 17.766918 -2.704712 
21.700000 17.866918 -2.704724 
21.700000 17.966918 -2.704735 
21.700000 18.066918 -2.704745 
21.700000 18.166918 -2.704750 
21.700000 18.266918 -2.704750 
21.700000 18.366918 -2.704748 
21.700000 18.466918 -2.704743 
21.700000 18.566918 -2.704740 
21.700000 18.666918 -2.704741 
21.700000 18.766918 -2.704747 
21.700000 18.866918 -2.704757 
21.700000 18.966918 -2.704770 
21.700000 19.066918 -2.704784 
21.700000 19.166918 -2.704797 
21.700000 19.266918 -2.704805 
21.700000 19.366918 -2.704809 
21.700000 19.466918 -2.704810 
21.700000 19.566918 -2.704808 
21.700000 19.666918 -2.704806 
21.700000 19.766918 -2.704806 
21.700000 19.866918 -2.704807 
21.700000 19.966918 -2.704809 
21.700000 20.066918 -2.704810 
21.700000 20.166918 -2.704808 
21.700000 20.266918 -2.704802 
21.700000 20.366918 -2.704792 
21.700000 20.466918 -2.704778 
21.700000 20.566918 -2.704764 
21.700000 20.666918 -2.704752 
21.700000 20.766918 -2.704744 
21.700000 20.866918 -2.704740 
21.700000 20.966918 -2.704741 
21.700000 21.066918 -2.704745 
21.700000 21.166918 -2.704749 
21.700000 21.266918 -2.704751 
21.700000 21.366918 -2.704748 
21.700000 21.466918 -2.704741 
21.700000 21.566918 -2.704731 
21.700000 21.666918 -2.704718 
21.700000 21.766918 -2.704706 
21.800000 17.666918 -2.704688 
21.800000 17.766918 -2.704700 
21.800000 17.866918 -2.704713 
21.800000 17.966918 -2.704727 
21.800000 18.066918 -2.704738 
21.800000 18.166918 -2.704745 
21.800000 18.266918 -2.704748 
21.800000 18.366918 -2.704748 
21.800000 18.466918 -2.704745 
21.800000 18.566918 -2.704744 
21.800000 18.666918 -2.704745 
21.800000 18.766918 -2.704750 
21.800000 18.866918 -2.704760 
21.800000 18.966918 -2.704772 
21.800000 19.066918 -2.704784 
21.800000 19.166918 -2.704794 
21.800000 19.266918 -2.704800 
21.800000 19.366918 -2.704802 
21.800000 19.466918 -2.704800 
21.800000 19.566918 -2.704797 
21.800000 19.666918 -2.704795 
21.800000 19.766918 -2.704794 
21.800000 19.866918 -2.704795 
21.800000 19.966918 -2.704799 
21.800000 20.066918 -2.704801 
21.800000 20.166918 -2.704802 
21.800000 20.266918 -2.704798 
21.800000 20.366918 -2.704790 
21.800000 20.466918 -2.704779 
21.800000 20.566918 -2.704766 
21.800000 20.666918 -2.704755 
21.800000 20.766918 -2.704747 
21.800000 20.866918 -2.704744 
21.800000 20.966918 -2.704744 
21.800000 21.066918 -2.704746 
21.800000 21.166918 -2.704748 
21.800000 21.266918 -2.704747 
21.800000 21.366918 -2.704743 
21.800000 21.466918 -2.704733 
21.800000 21.566918 -2.704721 
21.800000 21.666918 -2.704707 
21.800000 21.766918 -2.704695 
21.900000 17.666918 -2.704673 
21.900000 17.766918 -2.704685 
21.900000 17.866918 -2.704700 
21.900000 17.966918 -2.704715 
21.900000 18.066918 -2.704729 
21.900000 18.166918 -2.704740 
21.900000 18.266918 -2.704746 
21.900000 18.366918 -2.704749 
21.900000 18.466918 -2.704749 
21.900000 18.566918 -2.704749 
21.900000 18.666918 -2.704751 
21.900000 18.766918 -2.704756 
21.900000 18.866918 -2.704765 
21.900000 18.966918 -2.704775 
21.900000 19.066918 -2.704785 
21.900000 19.166918 -2.704792 
21.900000 19.266918 -2.704794 
21.900000 19.366918 -2.704793 
21.900000 19.466918 -2.704789 
21.900000 19.566918 -2.704783 
21.900000 19.666918 -2.704780 
21.900000 19.766918 -2.704779 
21.900000 19.866918 -2.704781 
21.900000 19.966918 -2.704786 
21.900000 20.066918 -2.704791 
21.900000 20.166918 -2.704794 
21.900000 20.266918 -2.704794 
21.900000 20.366918 -2.704789 
21.900000 20.466918 -2.704781 
21.900000 20.566918 -2.704771 
21.900000 20.666918 -2.704761 
21.900000 20.766918 -2.704754 
21.900000 20.866918 -2.704750 
21.900000 20.966918 -2.704749 
21.900000 21.066918 -2.704749 
21.900000 21.166918 -2.704748 
21.900000 21.266918 -2.704744 
21.900000 21.366918 -2.704736 
21.900000 21.466918 -2.704724 
21.900000 21.566918 -2.704709 
21.900000 21.666918 -2.704693 
21.900000 21.766918 -2.704679 
22.000000 17.666918 -2.704657 
22.000000 17.766918 -2.704670 
22.000000 17.866918 -2.704686 
22.000000 17.966918 -2.704704 
22.000000 18.066918 -2.704721 
22.000000 18.166918 -2.704735 
22.000000 18.266918 -2.704744 
22.000000 18.366918 -2.704750 
22.000000 18.466918 -2.704752 
22.000000 18.566918 -2.704754 
22.000000 18.666918 -2.704757 
22.000000 18.766918 -2.704762 
22.000000 18.866918 -2.704770 
22.000000 18.966918 -2.704778 
22.000000 19.066918 -2.704785 
22.000000 19.166918 -2.704789 
22.000000 19.266918 -2.704788 
22.000000 19.366918 -2.704784 
22.000000 19.466918 -2.704777 
22.000000 19.566918 -2.704769 
22.000000 19.666918 -2.704764 
22.000000 19.766918 -2.704763 
22.000000 19.866918 -2.704766 
22.000000 19.966918 -2.704772 
22.000000 20.066918 -2.704780 
22.000000 20.166918 -2.704786 
22.000000 20.266918 -2.704789 
22.000000 20.366918 -2.704787 
22.000000 20.466918 -2.704782 
22.000000 20.566918 -2.704774 
22.000000 20.666918 -2.704766 
22.000000 20.766918 -2.704760 
22.000000 20.866918 -2.704755 
22.000000 20.966918 -2.704753 
22.000000 21.066918 -2.704751 
22.000000 21.166918 -2.704748 
22.000000 21.266918 -2.704741 
22.000000 21.366918 -2.704729 
22.000000 21.466918 -2.704714 
22.000000 21.566918 -2.704696 
22.000000 21.666918 -2.704679 
22.000000 21.766918 -2.704664 
22.100000 17.666918 -2.704644 
22.100000 17.766918 -2.704657 
22.100000 17.866918 -2.704674 
22.100000 17.966918 -2.704694 
22.100000 18.066918 -2.704713 
22.100000 18.166918 -2.704729 
22.100000 18.266918 -2.704741 
22.100000 18.366918 -2.704748 
22.100000 18.466918 -2.704753 
22.100000 18.566918 -2.704756 
22.100000 18.666918 -2.704760 
22.100000 18.766918 -2.704765 
22.100000 18.866918 -2.704771 
22.100000 18.966918 -2.704778 
22.100000 19.066918 -2.704783 
22.100000 19.166918 -2.704785 
22.100000 19.266918 -2.704782 
22.100000 19.366918 -2.704775 
22.100000 19.466918 -2.704766 
22.100000 19.566918 -2.704757 
22.100000 19.666918 -2.704751 
22.100000 19.766918 -2.704750 
22.100000 19.866918 -2.704753 
22.100000 19.966918 -2.704761 
22.100000 20.066918 -2.704770 
22.100000 20.166918 -2.704778 
22.100000 20.266918 -2.704784 
22.100000 20.366918 -2.704785 
22.100000 20.466918 -2.704781 
22.100000 20.566918 -2.704775 
22.100000 20.666918 -2.704768 
22.100000 20.766918 -2.704762 
22.100000 20.866918 -2.704758 
22.100000 20.966918 -2.704755 
22.100000 21.066918 -2.704751 
22.100000 21.166918 -2.704746 
22.100000 21.266918 -2.704736 
22.100000 21.366918 -2.704722 
22.100000 21.466918 -2.704705 
22.100000 21.566918 -2.704685 
22.100000 21.666918 -2.704666 
22.100000 21.766918 -2.704651 
22.200000 17.666918 -2.704635 
22.200000 17.766918 -2.704649 
22.200000 17.866918 -2.704666 
22.200000 17.966918 -2.704686 
22.200000 18.066918 -2.704706 
22.200000 18.166918 -2.704723 
22.200000 18.266918 -2.704736 
22.200000 18.366918 -2.704744 
22.200000 18.466918 -2.704749 
22.200000 18.566918 -2.704753 
22.200000 18.666918 -2.704757 
22.200000 18.766918 -2.704762 
22.200000 18.866918 -2.704768 
22.200000 18.966918 -2.704774 
22.200000 19.066918 -2.704779 
22.200000 19.166918 -2.704779 
22.200000 19.266918 -2.704776 
22.200000 19.366918 -2.704768 
22.200000 19.466918 -2.704758 
22.200000 19.566918 -2.704749 
22.200000 19.666918 -2.704743 
22.200000 19.766918 -2.704741 
22.200000 19.866918 -2.704745 
22.200000 19.966918 -2.704753 
22.200000 20.066918 -2.704763 
22.200000 20.166918 -2.704772 
22.200000 20.266918 -2.704778 
22.200000 20.366918 -2.704780 
22.200000 20.466918 -2.704777 
22.200000 20.566918 -2.704772 
22.200000 20.666918 -2.704765 
22.200000 20.766918 -2.704759 
22.200000 20.866918 -2.704755 
22.200000 20.966918 -2.704751 
22.200000 21.066918 -2.704747 
22.200000 21.166918 -2.704741 
22.200000 21.266918 -2.704731 
22.200000 21.366918 -2.704716 
22.200000 21.466918 -2.704698 
22.200000 21.566918 -2.704677 
22.200000 21.666918 -2.704658 
22.200000 21.766918 -2.704642 
22.300000 17.666918 -2.704632 
22.300000 17.766918 -2.704645 
22.300000 17.866918 -2.704662 
22.300000 17.966918 -2.704682 
22.300000 18.066918 -2.704701 
22.300000 18.166918 -2.704717 
22.300000 18.266918 -2.704729 
22.300000 18.366918 -2.704737 
22.300000 18.466918 -2.704741 
22.300000 18.566918 -2.704744 
22.300000 18.666918 -2.704748 
22.300000 18.766918 -2.704753 
22.300000 18.866918 -2.704759 
22.300000 18.966918 -2.704766 
22.300000 19.066918 -2.704771 
22.300000 19.166918 -2.704773 
22.300000 19.266918 -2.704770 
22.300000 19.366918 -2.704763 
22.300000 19.466918 -2.704754 
22.300000 19.566918 -2.704745 
22.300000 19.666918 -2.704739 
22.300000 19.766918 -2.704738 
22.300000 19.866918 -2.704741 
22.300000 19.966918 -2.704749 
22.300000 20.066918 -2.704758 
22.300000 20.166918 -2.704767 
22.300000 20.266918 -2.704772 
22.300000 20.366918 -2.704773 
22.300000 20.466918 -2.704769 
22.300000 20.566918 -2.704763 
22.300000 20.666918 -2.704757 
22.300000 20.766918 -2.704750 
22.300000 20.866918 -2.704746 
22.300000 20.966918 -2.704743 
22.300000 21.066918 -2.704739 
22.300000 21.166918 -2.704734 
22.300000 21.266918 -2.704724 
22.300000 21.366918 -2.704711 
22.300000 21.466918 -2.704693 
22.300000 21.566918 -2.704673 
22.300000 21.666918 -2.704655 
22.300000 21.766918 -2.704639 
22.400000 17.666918 -2.704634 
22.400000 17.766918 -2.704646 
22.400000 17.866918 -2.704662 
22.400000 17.966918 -2.704680 
22.400000 18.066918 -2.704697 
22.400000 18.166918 -2.704711 
22.400000 18.266918 -2.704720 
22.400000 18.366918 -2.704726 
22.400000 18.466918 -2.704728 
22.400000 18.566918 -2.704730 
22.400000 18.666918 -2.704733 
22.400000 18.766918 -2.704739 
22.400000 18.866918 -2.704746 
22.400000 18.966918 -2.704754 
22.400000 19.066918 -2.704761 
22.400000 19.166918 -2.704765 
22.400000 19.266918 -2.704764 
22.400000 19.366918 -2.704760 
22.400000 19.466918 -2.704753 
22.400000 19.566918 -2.704746 
22.400000 19.666918 -2.704740 
22.400000 19.766918 -2.704739 
22.400000 19.866918 -2.704742 
22.400000 19.966918 -2.704749 
22.400000 20.066918 -2.704756 
22.400000 20.166918 -2.704762 
22.400000 20.266918 -2.704765 
22.400000 20.366918 -2.704764 
22.400000 20.466918 -2.704758 
22.400000 20.566918 -2.704751 
22.400000 20.666918 -2.704743 
22.400000 20.766918 -2.704736 
22.400000 20.866918 -2.704732 
22.400000 20.966918 -2.704729 
22.400000 21.066918 -2.704728 
22.400000 21.166918 -2.704724 
22.400000 21.266918 -2.704717 
22.400000 21.366918 -2.704705 
22.400000 21.466918 -2.704690 
22.400000 21.566918 -2.704672 
22.400000 21.666918 -2.704655 
22.400000 21.766918 -2.704640 
22.500000 17.666918 -2.704637 
22.500000 17.766918 -2.704650 
22.500000 17.866918 -2.704664 
22.500000 17.966918 -2.704680 
22.500000 18.066918 -2.704694 
22.500000 18.166918 -2.704705 
22.500000 18.266918 -2.704711 
22.500000 18.366918 -2.704713 
22.500000 18.466918 -2.704713 
22.500000 18.566918 -2.704713 
22.500000 18.666918 -2.704716 
22.500000 18.766918 -2.704721 
22.500000 18.866918 -2.704729 
22.500000 18.966918 -2.704739 
22.500000 19.066918 -2.704749 
22.500000 19.166918 -2.704756 
22.500000 19.266918 -2.704759 
22.500000 19.366918 -2.704757 
22.500000 19.466918 -2.704753 
22.500000 19.566918 -2.704748 
22.500000 19.666918 -2.704744 
22.500000 19.766918 -2.704743 
22.500000 19.866918 -2.704745 
22.500000 19.966918 -2.704750 
22.500000 20.066918 -2.704755 
22.500000 20.166918 -2.704759 
22.500000 20.266918 -2.704758 
22.500000 20.366918 -2.704753 
22.500000 20.466918 -2.704745 
22.500000 20.566918 -2.704735 
22.500000 20.666918 -2.704725 
22.500000 20.766918 -2.704718 
22.500000 20.866918 -2.704714 
22.500000 20.966918 -2.704713 
22.500000 21.066918 -2.704713 
22.500000 21.166918 -2.704713 
22.500000 21.266918 -2.704709 
22.500000 21.366918 -2.704701 
22.500000 21.466918 -2.704688 
22.500000 21.566918 -2.704673 
22.500000 21.666918 -2.704658 
22.500000 21.766918 -2.704644 
22.600000 17.666918 -2.704641 
22.600000 17.766918 -2.704653 
22.600000 17.866918 -2.704666 
22.600000 17.966918 -2.704679 
22.600000 18.066918 -2.704690 
22.600000 18.166918 -2.704698 
22.600000 18.266918 -2.704701 
22.600000 18.366918 -2.704700 
22.600000 18.466918 -2.704698 
22.600000 18.566918 -2.704696 
22.600000 18.666918 -2.704697 
22.600000 18.766918 -2.704703 
22.600000 18.866918 -2.704712 
22.600000 18.966918 -2.704724 
22.600000 19.066918 -2.704737 
22.600000 19.166918 -2.704747 
22.600000 19.266918 -2.704753 
22.600000 19.366918 -2.704755 
22.600000 19.466918 -2.704753 
22.600000 19.566918 -2.704750 
22.600000 19.666918 -2.704747 
22.600000 19.766918 -2.704746 
22.600000 19.866918 -2.704748 
22.600000 19.966918 -2.704751 
22.600000 20.066918 -2.704754 
22.600000 20.166918 -2.704754 
22.600000 20.266918 -2.704751 
22.600000 20.366918 -2.704743 
22.600000 20.466918 -2.704731 
22.600000 20.566918 -2.704719 
22.600000 20.666918 -2.704708 
22.600000 20.766918 -2.704700 
22.600000 20.866918 -2.704696 
22.600000 20.966918 -2.704697 
22.600000 21.066918 -2.704699 
22.600000 21.166918 -2.704701 
22.600000 21.266918 -2.704700 
22.600000 21.366918 -2.704695 
22.600000 21.466918 -2.704686 
22.600000 21.566918 -2.704674 
22.600000 21.666918 -2.704660 
22.600000 21.766918 -2.704647 
22.700000 17.666918 -2.704641 
22.700000 17.766918 -2.704652 
22.700000 17.866918 -2.704665 
22.700000 17.966918 -2.704676 
22.700000 18.066918 -2.704685 
22.700000 18.166918 -2.704690 
22.700000 18.266918 -2.704691 
22.700000 18.366918 -2.704688 
22.700000 18.466918 -2.704684 
22.700000 18.566918 -2.704681 
22.700000 18.666918 -2.704682 
22.700000 18.766918 -2.704687 
22.700000 18.866918 -2.704697 
22.700000 18.966918 -2.704711 
22.700000 19.066918 -2.704725 
22.700000 19.166918 -2.704737 
22.700000 19.266918 -2.704746 
22.700000 19.366918 -2.704750 
22.700000 19.466918 -2.704750 
22.700000 19.566918 -2.704749 
22.700000 19.666918 -2.704747 
22.700000 19.766918 -2.704746 
22.700000 19.866918 -2.704748 
22.700000 19.966918 -2.704749 
22.700000 20.066918 -2.704750 
22.700000 20.166918 -2.704749 
22.700000 20.266918 -2.704743 
22.700000 20.366918 -2.704732 
22.700000 20.466918 -2.704719 
22.700000 20.566918 -2.704705 
22.700000 20.666918 -2.704692 
22.700000 20.766918 -2.704684 
22.700000 20.866918 -2.704681 
22.700000 20.966918 -2.704682 
22.700000 21.066918 -2.704686 
22.700000 21.166918 -2.704690 
22.700000 21.266918 -2.704691 
22.700000 21.366918 -2.704689 
22.700000 21.466918 -2.704682 
22.700000 21.566918 -2.704671 
22.700000 21.666918 -2.704659 
22.700000 21.766918 -2.704647 
