18.500000 18.186533 -3.894636 
18.500000 18.286533 -3.894648 
18.500000 18.386533 -3.894660 
18.500000 18.486533 -3.894670 
18.500000 18.586533 -3.894680 
18.500000 18.686533 -3.894689 
18.500000 18.786533 -3.894697 
18.500000 18.886533 -3.894705 
18.500000 18.986533 -3.894711 
18.500000 19.086533 -3.894717 
18.500000 19.186533 -3.894722 
18.500000 19.286533 -3.894727 
18.500000 19.386533 -3.894731 
18.500000 19.486533 -3.894734 
18.500000 19.586533 -3.894736 
18.500000 19.686533 -3.894737 
18.500000 19.786533 -3.894738 
18.500000 19.886533 -3.894738 
18.500000 19.986533 -3.894738 
18.500000 20.086533 -3.894737 
18.500000 20.186533 -3.894737 
18.500000 20.286533 -3.894735 
18.500000 20.386533 -3.894733 
18.500000 20.486533 -3.894730 
18.500000 20.586533 -3.894725 
18.500000 20.686533 -3.894720 
18.500000 20.786533 -3.894715 
18.500000 20.886533 -3.894709 
18.500000 20.986533 -3.894702 
18.500000 21.086533 -3.894695 
18.500000 21.186533 -3.894686 
18.500000 21.286533 -3.894677 
18.500000 21.386533 -3.894667 
18.500000 21.486533 -3.894656 
18.500000 21.586533 -3.894644 
18.600000 18.186533 -3.894648 
18.600000 18.286533 -3.894660 
18.600000 18.386533 -3.894671 
18.600000 18.486533 -3.894682 
18.600000 18.586533 -3.894692 
18.600000 18.686533 -3.894701 
18.600000 18.786533 -3.894709 
18.600000 18.886533 -3.894716 
18.600000 18.986533 -3.894722 
18.600000 19.086533 -3.894728 
18.600000 19.186533 -3.894733 
18.600000 19.286533 -3.894738 
18.600000 19.386533 -3.894742 
18.600000 19.486533 -3.894745 
18.600000 19.586533 -3.894747 
18.600000 19.686533 -3.894748 
18.600000 19.786533 -3.894749 
18.600000 19.886533 -3.894749 
18.600000 19.986533 -3.894749 
18.600000 20.086533 -3.894749 
18.600000 20.186533 -3.894748 
18.600000 20.286533 -3.894746 
18.600000 20.386533 -3.894744 
18.600000 20.486533 -3.894741 
18.600000 20.586533 -3.894736 
18.600000 20.686533 -3.894732 
18.600000 20.786533 -3.894726 
18.600000 20.886533 -3.894720 
18.600000 20.986533 -3.894713 
18.600000 21.086533 -3.894706 
18.600000 21.186533 -3.894698 
18.600000 21.286533 -3.894688 
18.600000 21.386533 -3.894678 
18.600000 21.486533 -3.894667 
18.600000 21.586533 -3.894655 
18.700000 18.186533 -3.894659 
18.700000 18.286533 -3.894671 
18.700000 18.386533 -3.894682 
18.700000 18.486533 -3.894693 
18.700000 18.586533 -3.894702 
18.700000 18.686533 -3.894711 
18.700000 18.786533 -3.894719 
18.700000 18.886533 -3.894726 
18.700000 18.986533 -3.894732 
18.700000 19.086533 -3.894738 
18.700000 19.186533 -3.894743 
18.700000 19.286533 -3.894748 
18.700000 19.386533 -3.894752 
18.700000 19.486533 -3.894756 
18.700000 19.586533 -3.894758 
18.700000 19.686533 -3.894759 
18.700000 19.786533 -3.894760 
18.700000 19.886533 -3.894760 
18.700000 19.986533 -3.894760 
18.700000 20.086533 -3.894760 
18.700000 20.186533 -3.894759 
18.700000 20.286533 -3.894757 
18.700000 20.386533 -3.894755 
18.700000 20.486533 -3.894751 
18.700000 20.586533 -3.894747 
18.700000 20.686533 -3.894742 
18.700000 20.786533 -3.894736 
18.700000 20.886533 -3.894730 
18.700000 20.986533 -3.894723 
18.700000 21.086533 -3.894716 
18.700000 21.186533 -3.894708 
18.700000 21.286533 -3.894699 
18.700000 21.386533 -3.894689 
18.700000 21.486533 -3.894678 
18.700000 21.586533 -3.894666 
18.800000 18.186533 -3.894669 
18.800000 18.286533 -3.894681 
18.800000 18.386533 -3.894692 
18.800000 18.486533 -3.894703 
18.800000 18.586533 -3.894712 
18.800000 18.686533 -3.894721 
18.800000 18.786533 -3.894728 
18.800000 18.886533 -3.894735 
18.800000 18.986533 -3.894741 
18.800000 19.086533 -3.894747 
18.800000 19.186533 -3.894753 
18.800000 19.286533 -3.894758 
18.800000 19.386533 -3.894762 
18.800000 19.486533 -3.894765 
18.800000 19.586533 -3.894768 
18.800000 19.686533 -3.894770 
18.800000 19.786533 -3.894771 
18.800000 19.886533 -3.894771 
18.800000 19.986533 -3.894771 
18.800000 20.086533 -3.894770 
18.800000 20.186533 -3.894769 
18.800000 20.286533 -3.894767 
18.800000 20.386533 -3.894764 
18.800000 20.486533 -3.894761 
18.800000 20.586533 -3.894756 
18.800000 20.686533 -3.894751 
18.800000 20.786533 -3.894745 
18.800000 20.886533 -3.894739 
18.800000 20.986533 -3.894733 
18.800000 21.086533 -3.894726 
18.800000 21.186533 -3.894718 
18.800000 21.286533 -3.894709 
18.800000 21.386533 -3.894699 
18.800000 21.486533 -3.894688 
18.800000 21.586533 -3.894677 
18.900000 18.186533 -3.894679 
18.900000 18.286533 -3.894691 
18.900000 18.386533 -3.894702 
18.900000 18.486533 -3.894712 
18.900000 18.586533 -3.894721 
18.900000 18.686533 -3.894730 
18.900000 18.786533 -3.894737 
18.900000 18.886533 -3.894744 
18.900000 18.986533 -3.894750 
18.900000 19.086533 -3.894756 
18.900000 19.186533 -3.894761 
18.900000 19.286533 -3.894767 
18.900000 19.386533 -3.894771 
18.900000 19.486533 -3.894775 
18.900000 19.586533 -3.894777 
18.900000 19.686533 -3.894779 
18.900000 19.786533 -3.894780 
18.900000 19.886533 -3.894781 
18.900000 19.986533 -3.894780 
18.900000 20.086533 -3.894780 
18.900000 20.186533 -3.894779 
18.900000 20.286533 -3.894776 
18.900000 20.386533 -3.894773 
18.900000 20.486533 -3.894769 
18.900000 20.586533 -3.894765 
18.900000 20.686533 -3.894759 
18.900000 20.786533 -3.894754 
18.900000 20.886533 -3.894748 
18.900000 20.986533 -3.894742 
18.900000 21.086533 -3.894735 
18.900000 21.186533 -3.894727 
18.900000 21.286533 -3.894718 
18.900000 21.386533 -3.894709 
18.900000 21.486533 -3.894698 
18.900000 21.586533 -3.894687 
19.000000 18.186533 -3.894688 
19.000000 18.286533 -3.894699 
19.000000 18.386533 -3.894710 
19.000000 18.486533 -3.894721 
19.000000 18.586533 -3.894730 
19.000000 18.686533 -3.894738 
19.000000 18.786533 -3.894746 
19.000000 18.886533 -3.894752 
19.000000 18.986533 -3.894758 
19.000000 19.086533 -3.894764 
19.000000 19.186533 -3.894770 
19.000000 19.286533 -3.894775 
19.000000 19.386533 -3.894779 
19.000000 19.486533 -3.894783 
19.000000 19.586533 -3.894786 
19.000000 19.686533 -3.894788 
19.000000 19.786533 -3.894789 
19.000000 19.886533 -3.894789 
19.000000 19.986533 -3.894789 
19.000000 20.086533 -3.894788 
19.000000 20.186533 -3.894787 
19.000000 20.286533 -3.894785 
19.000000 20.386533 -3.894782 
19.000000 20.486533 -3.894778 
19.000000 20.586533 -3.894773 
19.000000 20.686533 -3.894768 
19.000000 20.786533 -3.894762 
19.000000 20.886533 -3.894756 
19.000000 20.986533 -3.894750 
19.000000 21.086533 -3.894743 
19.000000 21.186533 -3.894735 
19.000000 21.286533 -3.894727 
19.000000 21.386533 -3.894717 
19.000000 21.486533 -3.894707 
19.000000 21.586533 -3.894695 
19.100000 18.186533 -3.894695 
19.100000 18.286533 -3.894707 
19.100000 18.386533 -3.894718 
19.100000 18.486533 -3.894728 
19.100000 18.586533 -3.894738 
19.100000 18.686533 -3.894746 
19.100000 18.786533 -3.894753 
19.100000 18.886533 -3.894760 
19.100000 18.986533 -3.894766 
19.100000 19.086533 -3.894772 
19.100000 19.186533 -3.894778 
19.100000 19.286533 -3.894783 
19.100000 19.386533 -3.894787 
19.100000 19.486533 -3.894791 
19.100000 19.586533 -3.894794 
19.100000 19.686533 -3.894795 
19.100000 19.786533 -3.894796 
19.100000 19.886533 -3.894797 
19.100000 19.986533 -3.894797 
19.100000 20.086533 -3.894796 
19.100000 20.186533 -3.894795 
19.100000 20.286533 -3.894793 
19.100000 20.386533 -3.894790 
19.100000 20.486533 -3.894786 
19.100000 20.586533 -3.894781 
19.100000 20.686533 -3.894776 
19.100000 20.786533 -3.894770 
19.100000 20.886533 -3.894764 
19.100000 20.986533 -3.894758 
19.100000 21.086533 -3.894751 
19.100000 21.186533 -3.894743 
19.100000 21.286533 -3.894734 
19.100000 21.386533 -3.894725 
19.100000 21.486533 -3.894714 
19.100000 21.586533 -3.894703 
19.200000 18.186533 -3.894702 
19.200000 18.286533 -3.894714 
19.200000 18.386533 -3.894725 
19.200000 18.486533 -3.894735 
19.200000 18.586533 -3.894745 
19.200000 18.686533 -3.894753 
19.200000 18.786533 -3.894761 
19.200000 18.886533 -3.894768 
19.200000 18.986533 -3.894774 
19.200000 19.086533 -3.894780 
19.200000 19.186533 -3.894785 
19.200000 19.286533 -3.894790 
19.200000 19.386533 -3.894795 
19.200000 19.486533 -3.894798 
19.200000 19.586533 -3.894800 
19.200000 19.686533 -3.894802 
19.200000 19.786533 -3.894803 
19.200000 19.886533 -3.894803 
19.200000 19.986533 -3.894803 
19.200000 20.086533 -3.894803 
19.200000 20.186533 -3.894802 
19.200000 20.286533 -3.894800 
19.200000 20.386533 -3.894797 
19.200000 20.486533 -3.894793 
19.200000 20.586533 -3.894788 
19.200000 20.686533 -3.894783 
19.200000 20.786533 -3.894778 
19.200000 20.886533 -3.894772 
19.200000 20.986533 -3.894765 
19.200000 21.086533 -3.894758 
19.200000 21.186533 -3.894750 
19.200000 21.286533 -3.894741 
19.200000 21.386533 -3.894732 
19.200000 21.486533 -3.894721 
19.200000 21.586533 -3.894709 
19.300000 18.186533 -3.894708 
19.300000 18.286533 -3.894719 
19.300000 18.386533 -3.894731 
19.300000 18.486533 -3.894741 
19.300000 18.586533 -3.894751 
19.300000 18.686533 -3.894760 
19.300000 18.786533 -3.894768 
19.300000 18.886533 -3.894775 
19.300000 18.986533 -3.894781 
19.300000 19.086533 -3.894787 
19.300000 19.186533 -3.894792 
19.300000 19.286533 -3.894797 
19.300000 19.386533 -3.894801 
19.300000 19.486533 -3.894804 
19.300000 19.586533 -3.894807 
19.300000 19.686533 -3.894808 
19.300000 19.786533 -3.894809 
19.300000 19.886533 -3.894809 
19.300000 19.986533 -3.894809 
19.300000 20.086533 -3.894809 
19.300000 20.186533 -3.894808 
19.300000 20.286533 -3.894806 
19.300000 20.386533 -3.894803 
19.300000 20.486533 -3.894800 
19.300000 20.586533 -3.894795 
19.300000 20.686533 -3.894790 
19.300000 20.786533 -3.894785 
19.300000 20.886533 -3.894779 
19.300000 20.986533 -3.894772 
19.300000 21.086533 -3.894765 
19.300000 21.186533 -3.894757 
19.300000 21.286533 -3.894748 
19.300000 21.386533 -3.894738 
19.300000 21.486533 -3.894727 
19.300000 21.586533 -3.894715 
19.400000 18.186533 -3.894713 
19.400000 18.286533 -3.894725 
19.400000 18.386533 -3.894736 
19.400000 18.486533 -3.894747 
19.400000 18.586533 -3.894757 
19.400000 18.686533 -3.894766 
19.400000 18.786533 -3.894774 
19.400000 18.886533 -3.894781 
19.400000 18.986533 -3.894787 
19.400000 19.086533 -3.894793 
19.400000 19.186533 -3.894798 
19.400000 19.286533 -3.894803 
19.400000 19.386533 -3.894807 
19.400000 19.486533 -3.894810 
19.400000 19.586533 -3.894812 
19.400000 19.686533 -3.894814 
19.400000 19.786533 -3.894814 
19.400000 19.886533 -3.894814 
19.400000 19.986533 -3.894814 
19.400000 20.086533 -3.894814 
19.400000 20.186533 -3.894813 
19.400000 20.286533 -3.894812 
19.400000 20.386533 -3.894809 
19.400000 20.486533 -3.894806 
19.400000 20.586533 -3.894802 
19.400000 20.686533 -3.894797 
19.400000 20.786533 -3.894791 
19.400000 20.886533 -3.894785 
19.400000 20.986533 -3.894778 
19.400000 21.086533 -3.894771 
19.400000 21.186533 -3.894763 
19.400000 21.286533 -3.894753 
19.400000 21.386533 -3.894743 
19.400000 21.486533 -3.894732 
19.400000 21.586533 -3.894720 
19.500000 18.186533 -3.894718 
19.500000 18.286533 -3.894730 
19.500000 18.386533 -3.894741 
19.500000 18.486533 -3.894752 
19.500000 18.586533 -3.894762 
19.500000 18.686533 -3.894771 
19.500000 18.786533 -3.894779 
19.500000 18.886533 -3.894786 
19.500000 18.986533 -3.894793 
19.500000 19.086533 -3.894798 
19.500000 19.186533 -3.894804 
19.500000 19.286533 -3.894808 
19.500000 19.386533 -3.894812 
19.500000 19.486533 -3.894815 
19.500000 19.586533 -3.894817 
19.500000 19.686533 -3.894819 
19.500000 19.786533 -3.894819 
19.500000 19.886533 -3.894819 
19.500000 19.986533 -3.894819 
19.500000 20.086533 -3.894819 
19.500000 20.186533 -3.894818 
19.500000 20.286533 -3.894817 
19.500000 20.386533 -3.894814 
19.500000 20.486533 -3.894811 
19.500000 20.586533 -3.894807 
19.500000 20.686533 -3.894802 
19.500000 20.786533 -3.894796 
19.500000 20.886533 -3.894790 
19.500000 20.986533 -3.894784 
19.500000 21.086533 -3.894776 
19.500000 21.186533 -3.894768 
19.500000 21.286533 -3.894758 
19.500000 21.386533 -3.894748 
19.500000 21.486533 -3.894737 
19.500000 21.586533 -3.894725 
19.600000 18.186533 -3.894722 
19.600000 18.286533 -3.894734 
19.600000 18.386533 -3.894746 
19.600000 18.486533 -3.894756 
19.600000 18.586533 -3.894766 
19.600000 18.686533 -3.894775 
19.600000 18.786533 -3.894783 
19.600000 18.886533 -3.894790 
19.600000 18.986533 -3.894797 
19.600000 19.086533 -3.894803 
19.600000 19.186533 -3.894808 
19.600000 19.286533 -3.894813 
19.600000 19.386533 -3.894817 
19.600000 19.486533 -3.894820 
19.600000 19.586533 -3.894822 
19.600000 19.686533 -3.894823 
19.600000 19.786533 -3.894824 
19.600000 19.886533 -3.894824 
19.600000 19.986533 -3.894824 
19.600000 20.086533 -3.894824 
19.600000 20.186533 -3.894823 
19.600000 20.286533 -3.894821 
19.600000 20.386533 -3.894819 
19.600000 20.486533 -3.894815 
19.600000 20.586533 -3.894811 
19.600000 20.686533 -3.894806 
19.600000 20.786533 -3.894801 
19.600000 20.886533 -3.894795 
19.600000 20.986533 -3.894788 
19.600000 21.086533 -3.894781 
19.600000 21.186533 -3.894772 
19.600000 21.286533 -3.894763 
19.600000 21.386533 -3.894753 
19.600000 21.486533 -3.894742 
19.600000 21.586533 -3.894730 
19.700000 18.186533 -3.894727 
19.700000 18.286533 -3.894739 
19.700000 18.386533 -3.894750 
19.700000 18.486533 -3.894760 
19.700000 18.586533 -3.894770 
19.700000 18.686533 -3.894779 
19.700000 18.786533 -3.894787 
19.700000 18.886533 -3.894794 
19.700000 18.986533 -3.894800 
19.700000 19.086533 -3.894806 
19.700000 19.186533 -3.894811 
19.700000 19.286533 -3.894816 
19.700000 19.386533 -3.894820 
19.700000 19.486533 -3.894824 
19.700000 19.586533 -3.894826 
19.700000 19.686533 -3.894827 
19.700000 19.786533 -3.894828 
19.700000 19.886533 -3.894828 
19.700000 19.986533 -3.894828 
19.700000 20.086533 -3.894828 
19.700000 20.186533 -3.894827 
19.700000 20.286533 -3.894825 
19.700000 20.386533 -3.894823 
19.700000 20.486533 -3.894819 
19.700000 20.586533 -3.894815 
19.700000 20.686533 -3.894810 
19.700000 20.786533 -3.894804 
19.700000 20.886533 -3.894798 
19.700000 20.986533 -3.894791 
19.700000 21.086533 -3.894784 
19.700000 21.186533 -3.894776 
19.700000 21.286533 -3.894767 
19.700000 21.386533 -3.894757 
19.700000 21.486533 -3.894746 
19.700000 21.586533 -3.894734 
19.800000 18.186533 -3.894731 
19.800000 18.286533 -3.894742 
19.800000 18.386533 -3.894753 
19.800000 18.486533 -3.894764 
19.800000 18.586533 -3.894773 
19.800000 18.686533 -3.894782 
19.800000 18.786533 -3.894790 
19.800000 18.886533 -3.894796 
19.800000 18.986533 -3.894803 
19.800000 19.086533 -3.894809 
19.800000 19.186533 -3.894814 
19.800000 19.286533 -3.894819 
19.800000 19.386533 -3.894823 
19.800000 19.486533 -3.894827 
19.800000 19.586533 -3.894829 
19.800000 19.686533 -3.894831 
19.800000 19.786533 -3.894832 
19.800000 19.886533 -3.894832 
19.800000 19.986533 -3.894832 
19.800000 20.086533 -3.894832 
19.800000 20.186533 -3.894830 
19.800000 20.286533 -3.894828 
19.800000 20.386533 -3.894826 
19.800000 20.486533 -3.894822 
19.800000 20.586533 -3.894817 
19.800000 20.686533 -3.894812 
19.800000 20.786533 -3.894806 
19.800000 20.886533 -3.894800 
19.800000 20.986533 -3.894794 
19.800000 21.086533 -3.894787 
19.800000 21.186533 -3.894779 
19.800000 21.286533 -3.894770 
19.800000 21.386533 -3.894760 
19.800000 21.486533 -3.894750 
19.800000 21.586533 -3.894738 
19.900000 18.186533 -3.894734 
19.900000 18.286533 -3.894745 
19.900000 18.386533 -3.894756 
19.900000 18.486533 -3.894767 
19.900000 18.586533 -3.894776 
19.900000 18.686533 -3.894784 
19.900000 18.786533 -3.894792 
19.900000 18.886533 -3.894799 
19.900000 18.986533 -3.894805 
19.900000 19.086533 -3.894811 
19.900000 19.186533 -3.894816 
19.900000 19.286533 -3.894821 
19.900000 19.386533 -3.894826 
19.900000 19.486533 -3.894829 
19.900000 19.586533 -3.894832 
19.900000 19.686533 -3.894834 
19.900000 19.786533 -3.894835 
19.900000 19.886533 -3.894835 
19.900000 19.986533 -3.894835 
19.900000 20.086533 -3.894835 
19.900000 20.186533 -3.894833 
19.900000 20.286533 -3.894831 
19.900000 20.386533 -3.894828 
19.900000 20.486533 -3.894824 
19.900000 20.586533 -3.894819 
19.900000 20.686533 -3.894814 
19.900000 20.786533 -3.894808 
19.900000 20.886533 -3.894803 
19.900000 20.986533 -3.894796 
19.900000 21.086533 -3.894789 
19.900000 21.186533 -3.894782 
19.900000 21.286533 -3.894773 
19.900000 21.386533 -3.894763 
19.900000 21.486533 -3.894753 
19.900000 21.586533 -3.894741 
20.000000 18.186533 -3.894736 
20.000000 18.286533 -3.894747 
20.000000 18.386533 -3.894758 
20.000000 18.486533 -3.894769 
20.000000 18.586533 -3.894778 
20.000000 18.686533 -3.894786 
20.000000 18.786533 -3.894794 
20.000000 18.886533 -3.894800 
20.000000 18.986533 -3.894806 
20.000000 19.086533 -3.894812 
20.000000 19.186533 -3.894818 
20.000000 19.286533 -3.894823 
20.000000 19.386533 -3.894827 
20.000000 19.486533 -3.894831 
20.000000 19.586533 -3.894834 
20.000000 19.686533 -3.894836 
20.000000 19.786533 -3.894837 
20.000000 19.886533 -3.894837 
20.000000 19.986533 -3.894837 
20.000000 20.086533 -3.894837 
20.000000 20.186533 -3.894835 
20.000000 20.286533 -3.894833 
20.000000 20.386533 -3.894830 
20.000000 20.486533 -3.894826 
20.000000 20.586533 -3.894821 
20.000000 20.686533 -3.894816 
20.000000 20.786533 -3.894810 
20.000000 20.886533 -3.894804 
20.000000 20.986533 -3.894798 
20.000000 21.086533 -3.894791 
20.000000 21.186533 -3.894783 
20.000000 21.286533 -3.894775 
20.000000 21.386533 -3.894765 
20.000000 21.486533 -3.894755 
20.000000 21.586533 -3.894743 
20.100000 18.186533 -3.894737 
20.100000 18.286533 -3.894749 
20.100000 18.386533 -3.894760 
20.100000 18.486533 -3.894770 
20.100000 18.586533 -3.894779 
20.100000 18.686533 -3.894788 
20.100000 18.786533 -3.894795 
20.100000 18.886533 -3.894802 
20.100000 18.986533 -3.894808 
20.100000 19.086533 -3.894814 
20.100000 19.186533 -3.894819 
20.100000 19.286533 -3.894824 
20.100000 19.386533 -3.894829 
20.100000 19.486533 -3.894832 
20.100000 19.586533 -3.894835 
20.100000 19.686533 -3.894837 
20.100000 19.786533 -3.894838 
20.100000 19.886533 -3.894838 
20.100000 19.986533 -3.894838 
20.100000 20.086533 -3.894838 
20.100000 20.186533 -3.894836 
20.100000 20.286533 -3.894834 
20.100000 20.386533 -3.894831 
20.100000 20.486533 -3.894827 
20.100000 20.586533 -3.894823 
20.100000 20.686533 -3.894817 
20.100000 20.786533 -3.894812 
20.100000 20.886533 -3.894806 
20.100000 20.986533 -3.894799 
20.100000 21.086533 -3.894792 
20.100000 21.186533 -3.894785 
20.100000 21.286533 -3.894776 
20.100000 21.386533 -3.894766 
20.100000 21.486533 -3.894756 
20.100000 21.586533 -3.894744 
20.200000 18.186533 -3.894737 
20.200000 18.286533 -3.894749 
20.200000 18.386533 -3.894760 
20.200000 18.486533 -3.894770 
20.200000 18.586533 -3.894780 
20.200000 18.686533 -3.894788 
20.200000 18.786533 -3.894796 
20.200000 18.886533 -3.894803 
20.200000 18.986533 -3.894809 
20.200000 19.086533 -3.894815 
20.200000 19.186533 -3.894820 
20.200000 19.286533 -3.894825 
20.200000 19.386533 -3.894830 
20.200000 19.486533 -3.894833 
20.200000 19.586533 -3.894836 
20.200000 19.686533 -3.894837 
20.200000 19.786533 -3.894838 
20.200000 19.886533 -3.894839 
20.200000 19.986533 -3.894838 
20.200000 20.086533 -3.894838 
20.200000 20.186533 -3.894837 
20.200000 20.286533 -3.894835 
20.200000 20.386533 -3.894832 
20.200000 20.486533 -3.894828 
20.200000 20.586533 -3.894824 
20.200000 20.686533 -3.894818 
20.200000 20.786533 -3.894813 
20.200000 20.886533 -3.894807 
20.200000 20.986533 -3.894800 
20.200000 21.086533 -3.894793 
20.200000 21.186533 -3.894785 
20.200000 21.286533 -3.894776 
20.200000 21.386533 -3.894767 
20.200000 21.486533 -3.894756 
20.200000 21.586533 -3.894744 
20.300000 18.186533 -3.894736 
20.300000 18.286533 -3.894748 
20.300000 18.386533 -3.894759 
20.300000 18.486533 -3.894770 
20.300000 18.586533 -3.894780 
20.300000 18.686533 -3.894788 
20.300000 18.786533 -3.894796 
20.300000 18.886533 -3.894803 
20.300000 18.986533 -3.894810 
20.300000 19.086533 -3.894816 
20.300000 19.186533 -3.894821 
20.300000 19.286533 -3.894826 
20.300000 19.386533 -3.894830 
20.300000 19.486533 -3.894833 
20.300000 19.586533 -3.894835 
20.300000 19.686533 -3.894837 
20.300000 19.786533 -3.894838 
20.300000 19.886533 -3.894838 
20.300000 19.986533 -3.894838 
20.300000 20.086533 -3.894837 
20.300000 20.186533 -3.894836 
20.300000 20.286533 -3.894835 
20.300000 20.386533 -3.894832 
20.300000 20.486533 -3.894828 
20.300000 20.586533 -3.894824 
20.300000 20.686533 -3.894819 
20.300000 20.786533 -3.894813 
20.300000 20.886533 -3.894807 
20.300000 20.986533 -3.894801 
20.300000 21.086533 -3.894794 
20.300000 21.186533 -3.894785 
20.300000 21.286533 -3.894776 
20.300000 21.386533 -3.894766 
20.300000 21.486533 -3.894755 
20.300000 21.586533 -3.894744 
20.400000 18.186533 -3.894735 
20.400000 18.286533 -3.894747 
20.400000 18.386533 -3.894758 
20.400000 18.486533 -3.894769 
20.400000 18.586533 -3.894779 
20.400000 18.686533 -3.894788 
20.400000 18.786533 -3.894796 
20.400000 18.886533 -3.894803 
20.400000 18.986533 -3.894810 
20.400000 19.086533 -3.894815 
20.400000 19.186533 -3.894821 
20.400000 19.286533 -3.894825 
20.400000 19.386533 -3.894829 
20.400000 19.486533 -3.894832 
20.400000 19.586533 -3.894835 
20.400000 19.686533 -3.894836 
20.400000 19.786533 -3.894836 
20.400000 19.886533 -3.894837 
20.400000 19.986533 -3.894837 
20.400000 20.086533 -3.894836 
20.400000 20.186533 -3.894835 
20.400000 20.286533 -3.894834 
20.400000 20.386533 -3.894831 
20.400000 20.486533 -3.894828 
20.400000 20.586533 -3.894824 
20.400000 20.686533 -3.894819 
20.400000 20.786533 -3.894813 
20.400000 20.886533 -3.894807 
20.400000 20.986533 -3.894801 
20.400000 21.086533 -3.894793 
20.400000 21.186533 -3.894785 
20.400000 21.286533 -3.894776 
20.400000 21.386533 -3.894765 
20.400000 21.486533 -3.894754 
20.400000 21.586533 -3.894743 
20.500000 18.186533 -3.894734 
20.500000 18.286533 -3.894745 
20.500000 18.386533 -3.894757 
20.500000 18.486533 -3.894768 
20.500000 18.586533 -3.894778 
20.500000 18.686533 -3.894787 
20.500000 18.786533 -3.894795 
20.500000 18.886533 -3.894802 
20.500000 18.986533 -3.894808 
20.500000 19.086533 -3.894814 
20.500000 19.186533 -3.894820 
20.500000 19.286533 -3.894824 
20.500000 19.386533 -3.894828 
20.500000 19.486533 -3.894831 
20.500000 19.586533 -3.894833 
20.500000 19.686533 -3.894834 
20.500000 19.786533 -3.894835 
20.500000 19.886533 -3.894835 
20.500000 19.986533 -3.894835 
20.500000 20.086533 -3.894835 
20.500000 20.186533 -3.894834 
20.500000 20.286533 -3.894833 
20.500000 20.386533 -3.894830 
20.500000 20.486533 -3.894827 
20.500000 20.586533 -3.894823 
20.500000 20.686533 -3.894818 
20.500000 20.786533 -3.894812 
20.500000 20.886533 -3.894806 
20.500000 20.986533 -3.894800 
20.500000 21.086533 -3.894792 
20.500000 21.186533 -3.894784 
20.500000 21.286533 -3.894774 
20.500000 21.386533 -3.894764 
20.500000 21.486533 -3.894753 
20.500000 21.586533 -3.894741 
20.600000 18.186533 -3.894732 
20.600000 18.286533 -3.894744 
20.600000 18.386533 -3.894755 
20.600000 18.486533 -3.894766 
20.600000 18.586533 -3.894776 
20.600000 18.686533 -3.894785 
20.600000 18.786533 -3.894793 
20.600000 18.886533 -3.894800 
20.600000 18.986533 -3.894806 
20.600000 19.086533 -3.894812 
20.600000 19.186533 -3.894818 
20.600000 19.286533 -3.894822 
20.600000 19.386533 -3.894826 
20.600000 19.486533 -3.894829 
20.600000 19.586533 -3.894831 
20.600000 19.686533 -3.894833 
20.600000 19.786533 -3.894833 
20.600000 19.886533 -3.894833 
20.600000 19.986533 -3.894833 
20.600000 20.086533 -3.894833 
20.600000 20.186533 -3.894832 
20.600000 20.286533 -3.894831 
20.600000 20.386533 -3.894828 
20.600000 20.486533 -3.894825 
20.600000 20.586533 -3.894821 
20.600000 20.686533 -3.894816 
20.600000 20.786533 -3.894810 
20.600000 20.886533 -3.894804 
20.600000 20.986533 -3.894797 
20.600000 21.086533 -3.894790 
20.600000 21.186533 -3.894782 
20.600000 21.286533 -3.894772 
20.600000 21.386533 -3.894762 
20.600000 21.486533 -3.894751 
20.600000 21.586533 -3.894739 
20.700000 18.186533 -3.894730 
20.700000 18.286533 -3.894742 
20.700000 18.386533 -3.894753 
20.700000 18.486533 -3.894764 
20.700000 18.586533 -3.894773 
20.700000 18.686533 -3.894782 
20.700000 18.786533 -3.894790 
20.700000 18.886533 -3.894797 
20.700000 18.986533 -3.894803 
20.700000 19.086533 -3.894809 
20.700000 19.186533 -3.894815 
20.700000 19.286533 -3.894819 
20.700000 19.386533 -3.894824 
20.700000 19.486533 -3.894827 
20.700000 19.586533 -3.894829 
20.700000 19.686533 -3.894830 
20.700000 19.786533 -3.894831 
20.700000 19.886533 -3.894831 
20.700000 19.986533 -3.894831 
20.700000 20.086533 -3.894831 
20.700000 20.186533 -3.894830 
20.700000 20.286533 -3.894828 
20.700000 20.386533 -3.894826 
20.700000 20.486533 -3.894822 
20.700000 20.586533 -3.894818 
20.700000 20.686533 -3.894813 
20.700000 20.786533 -3.894807 
20.700000 20.886533 -3.894801 
20.700000 20.986533 -3.894794 
20.700000 21.086533 -3.894787 
20.700000 21.186533 -3.894779 
20.700000 21.286533 -3.894770 
20.700000 21.386533 -3.894760 
20.700000 21.486533 -3.894749 
20.700000 21.586533 -3.894737 
20.800000 18.186533 -3.894727 
20.800000 18.286533 -3.894739 
20.800000 18.386533 -3.894750 
20.800000 18.486533 -3.894761 
20.800000 18.586533 -3.894770 
20.800000 18.686533 -3.894779 
20.800000 18.786533 -3.894786 
20.800000 18.886533 -3.894793 
20.800000 18.986533 -3.894799 
20.800000 19.086533 -3.894805 
20.800000 19.186533 -3.894811 
20.800000 19.286533 -3.894816 
20.800000 19.386533 -3.894820 
20.800000 19.486533 -3.894824 
20.800000 19.586533 -3.894826 
20.800000 19.686533 -3.894828 
20.800000 19.786533 -3.894829 
20.800000 19.886533 -3.894829 
20.800000 19.986533 -3.894829 
20.800000 20.086533 -3.894828 
20.800000 20.186533 -3.894827 
20.800000 20.286533 -3.894825 
20.800000 20.386533 -3.894822 
20.800000 20.486533 -3.894819 
20.800000 20.586533 -3.894814 
20.800000 20.686533 -3.894809 
20.800000 20.786533 -3.894803 
20.800000 20.886533 -3.894797 
20.800000 20.986533 -3.894791 
20.800000 21.086533 -3.894784 
20.800000 21.186533 -3.894776 
20.800000 21.286533 -3.894767 
20.800000 21.386533 -3.894757 
20.800000 21.486533 -3.894746 
20.800000 21.586533 -3.894735 
20.900000 18.186533 -3.894724 
20.900000 18.286533 -3.894736 
20.900000 18.386533 -3.894747 
20.900000 18.486533 -3.894757 
20.900000 18.586533 -3.894766 
20.900000 18.686533 -3.894775 
20.900000 18.786533 -3.894782 
20.900000 18.886533 -3.894789 
20.900000 18.986533 -3.894795 
20.900000 19.086533 -3.894801 
20.900000 19.186533 -3.894806 
20.900000 19.286533 -3.894812 
20.900000 19.386533 -3.894816 
20.900000 19.486533 -3.894820 
20.900000 19.586533 -3.894822 
20.900000 19.686533 -3.894824 
20.900000 19.786533 -3.894825 
20.900000 19.886533 -3.894826 
20.900000 19.986533 -3.894826 
20.900000 20.086533 -3.894825 
20.900000 20.186533 -3.894824 
20.900000 20.286533 -3.894822 
20.900000 20.386533 -3.894819 
20.900000 20.486533 -3.894815 
20.900000 20.586533 -3.894810 
20.900000 20.686533 -3.894805 
20.900000 20.786533 -3.894799 
20.900000 20.886533 -3.894793 
20.900000 20.986533 -3.894787 
20.900000 21.086533 -3.894780 
20.900000 21.186533 -3.894772 
20.900000 21.286533 -3.894763 
20.900000 21.386533 -3.894754 
20.900000 21.486533 -3.894743 
20.900000 21.586533 -3.894732 
21.000000 18.186533 -3.894720 
21.000000 18.286533 -3.894732 
21.000000 18.386533 -3.894743 
21.000000 18.486533 -3.894753 
21.000000 18.586533 -3.894762 
21.000000 18.686533 -3.894770 
21.000000 18.786533 -3.894778 
21.000000 18.886533 -3.894784 
21.000000 18.986533 -3.894790 
21.000000 19.086533 -3.894796 
21.000000 19.186533 -3.894802 
21.000000 19.286533 -3.894807 
21.000000 19.386533 -3.894812 
21.000000 19.486533 -3.894815 
21.000000 19.586533 -3.894818 
21.000000 19.686533 -3.894820 
21.000000 19.786533 -3.894821 
21.000000 19.886533 -3.894821 
21.000000 19.986533 -3.894821 
21.000000 20.086533 -3.894821 
21.000000 20.186533 -3.894819 
21.000000 20.286533 -3.894817 
21.000000 20.386533 -3.894814 
21.000000 20.486533 -3.894810 
21.000000 20.586533 -3.894805 
21.000000 20.686533 -3.894800 
21.000000 20.786533 -3.894794 
21.000000 20.886533 -3.894788 
21.000000 20.986533 -3.894782 
21.000000 21.086533 -3.894775 
21.000000 21.186533 -3.894767 
21.000000 21.286533 -3.894759 
21.000000 21.386533 -3.894749 
21.000000 21.486533 -3.894739 
21.000000 21.586533 -3.894727 
21.100000 18.186533 -3.894714 
21.100000 18.286533 -3.894726 
21.100000 18.386533 -3.894737 
21.100000 18.486533 -3.894748 
21.100000 18.586533 -3.894757 
21.100000 18.686533 -3.894765 
21.100000 18.786533 -3.894773 
21.100000 18.886533 -3.894779 
21.100000 18.986533 -3.894786 
21.100000 19.086533 -3.894791 
21.100000 19.186533 -3.894797 
21.100000 19.286533 -3.894802 
21.100000 19.386533 -3.894806 
21.100000 19.486533 -3.894810 
21.100000 19.586533 -3.894813 
21.100000 19.686533 -3.894815 
21.100000 19.786533 -3.894816 
21.100000 19.886533 -3.894816 
21.100000 19.986533 -3.894816 
21.100000 20.086533 -3.894815 
21.100000 20.186533 -3.894814 
21.100000 20.286533 -3.894812 
21.100000 20.386533 -3.894809 
21.100000 20.486533 -3.894805 
21.100000 20.586533 -3.894800 
21.100000 20.686533 -3.894795 
21.100000 20.786533 -3.894789 
21.100000 20.886533 -3.894783 
21.100000 20.986533 -3.894777 
21.100000 21.086533 -3.894770 
21.100000 21.186533 -3.894762 
21.100000 21.286533 -3.894754 
21.100000 21.386533 -3.894744 
21.100000 21.486533 -3.894733 
21.100000 21.586533 -3.894722 
21.200000 18.186533 -3.894708 
21.200000 18.286533 -3.894720 
21.200000 18.386533 -3.894731 
21.200000 18.486533 -3.894742 
21.200000 18.586533 -3.894751 
21.200000 18.686533 -3.894760 
21.200000 18.786533 -3.894767 
21.200000 18.886533 -3.894774 
21.200000 18.986533 -3.894780 
21.200000 19.086533 -3.894786 
21.200000 19.186533 -3.894792 
21.200000 19.286533 -3.894797 
21.200000 19.386533 -3.894801 
21.200000 19.486533 -3.894804 
21.200000 19.586533 -3.894807 
21.200000 19.686533 -3.894808 
21.200000 19.786533 -3.894809 
21.200000 19.886533 -3.894810 
21.200000 19.986533 -3.894810 
21.200000 20.086533 -3.894809 
21.200000 20.186533 -3.894808 
21.200000 20.286533 -3.894806 
21.200000 20.386533 -3.894803 
21.200000 20.486533 -3.894799 
21.200000 20.586533 -3.894795 
21.200000 20.686533 -3.894790 
21.200000 20.786533 -3.894784 
21.200000 20.886533 -3.894778 
21.200000 20.986533 -3.894772 
21.200000 21.086533 -3.894765 
21.200000 21.186533 -3.894757 
21.200000 21.286533 -3.894748 
21.200000 21.386533 -3.894738 
21.200000 21.486533 -3.894727 
21.200000 21.586533 -3.894716 
21.300000 18.186533 -3.894701 
21.300000 18.286533 -3.894713 
21.300000 18.386533 -3.894724 
21.300000 18.486533 -3.894735 
21.300000 18.586533 -3.894745 
21.300000 18.686533 -3.894753 
21.300000 18.786533 -3.894761 
21.300000 18.886533 -3.894768 
21.300000 18.986533 -3.894774 
21.300000 19.086533 -3.894780 
21.300000 19.186533 -3.894786 
21.300000 19.286533 -3.894791 
21.300000 19.386533 -3.894795 
21.300000 19.486533 -3.894798 
21.300000 19.586533 -3.894800 
21.300000 19.686533 -3.894802 
21.300000 19.786533 -3.894802 
21.300000 19.886533 -3.894803 
21.300000 19.986533 -3.894803 
21.300000 20.086533 -3.894802 
21.300000 20.186533 -3.894801 
21.300000 20.286533 -3.894799 
21.300000 20.386533 -3.894797 
21.300000 20.486533 -3.894793 
21.300000 20.586533 -3.894789 
21.300000 20.686533 -3.894784 
21.300000 20.786533 -3.894778 
21.300000 20.886533 -3.894772 
21.300000 20.986533 -3.894766 
21.300000 21.086533 -3.894758 
21.300000 21.186533 -3.894750 
21.300000 21.286533 -3.894741 
21.300000 21.386533 -3.894731 
21.300000 21.486533 -3.894720 
21.300000 21.586533 -3.894709 
21.400000 18.186533 -3.894693 
21.400000 18.286533 -3.894705 
21.400000 18.386533 -3.894717 
21.400000 18.486533 -3.894727 
21.400000 18.586533 -3.894737 
21.400000 18.686533 -3.894746 
21.400000 18.786533 -3.894754 
21.400000 18.886533 -3.894761 
21.400000 18.986533 -3.894768 
21.400000 19.086533 -3.894774 
21.400000 19.186533 -3.894779 
21.400000 19.286533 -3.894784 
21.400000 19.386533 -3.894788 
21.400000 19.486533 -3.894791 
21.400000 19.586533 -3.894793 
21.400000 19.686533 -3.894794 
21.400000 19.786533 -3.894795 
21.400000 19.886533 -3.894795 
21.400000 19.986533 -3.894795 
21.400000 20.086533 -3.894795 
21.400000 20.186533 -3.894794 
21.400000 20.286533 -3.894792 
21.400000 20.386533 -3.894790 
21.400000 20.486533 -3.894786 
21.400000 20.586533 -3.894782 
21.400000 20.686533 -3.894777 
21.400000 20.786533 -3.894772 
21.400000 20.886533 -3.894766 
21.400000 20.986533 -3.894759 
21.400000 21.086533 -3.894752 
21.400000 21.186533 -3.894743 
21.400000 21.286533 -3.894734 
21.400000 21.386533 -3.894724 
21.400000 21.486533 -3.894713 
21.400000 21.586533 -3.894701 
21.500000 18.186533 -3.894685 
21.500000 18.286533 -3.894697 
21.500000 18.386533 -3.894709 
21.500000 18.486533 -3.894720 
21.500000 18.586533 -3.894730 
21.500000 18.686533 -3.894739 
21.500000 18.786533 -3.894747 
21.500000 18.886533 -3.894754 
21.500000 18.986533 -3.894760 
21.500000 19.086533 -3.894766 
21.500000 19.186533 -3.894771 
21.500000 19.286533 -3.894776 
21.500000 19.386533 -3.894780 
21.500000 19.486533 -3.894783 
21.500000 19.586533 -3.894785 
21.500000 19.686533 -3.894786 
21.500000 19.786533 -3.894787 
21.500000 19.886533 -3.894787 
21.500000 19.986533 -3.894787 
21.500000 20.086533 -3.894787 
21.500000 20.186533 -3.894786 
21.500000 20.286533 -3.894784 
21.500000 20.386533 -3.894782 
21.500000 20.486533 -3.894779 
21.500000 20.586533 -3.894775 
21.500000 20.686533 -3.894770 
21.500000 20.786533 -3.894764 
21.500000 20.886533 -3.894758 
21.500000 20.986533 -3.894751 
21.500000 21.086533 -3.894744 
21.500000 21.186533 -3.894735 
21.500000 21.286533 -3.894726 
21.500000 21.386533 -3.894716 
21.500000 21.486533 -3.894705 
21.500000 21.586533 -3.894693 
21.600000 18.186533 -3.894677 
21.600000 18.286533 -3.894689 
21.600000 18.386533 -3.894700 
21.600000 18.486533 -3.894711 
21.600000 18.586533 -3.894721 
21.600000 18.686533 -3.894730 
21.600000 18.786533 -3.894738 
21.600000 18.886533 -3.894745 
21.600000 18.986533 -3.894752 
21.600000 19.086533 -3.894757 
21.600000 19.186533 -3.894763 
21.600000 19.286533 -3.894768 
21.600000 19.386533 -3.894771 
21.600000 19.486533 -3.894774 
21.600000 19.586533 -3.894777 
21.600000 19.686533 -3.894778 
21.600000 19.786533 -3.894778 
21.600000 19.886533 -3.894779 
21.600000 19.986533 -3.894779 
21.600000 20.086533 -3.894778 
21.600000 20.186533 -3.894777 
21.600000 20.286533 -3.894776 
21.600000 20.386533 -3.894774 
21.600000 20.486533 -3.894770 
21.600000 20.586533 -3.894766 
21.600000 20.686533 -3.894761 
21.600000 20.786533 -3.894755 
21.600000 20.886533 -3.894749 
21.600000 20.986533 -3.894743 
21.600000 21.086533 -3.894735 
21.600000 21.186533 -3.894727 
21.600000 21.286533 -3.894718 
21.600000 21.386533 -3.894707 
21.600000 21.486533 -3.894696 
21.600000 21.586533 -3.894685 
21.700000 18.186533 -3.894669 
21.700000 18.286533 -3.894680 
21.700000 18.386533 -3.894692 
21.700000 18.486533 -3.894702 
21.700000 18.586533 -3.894712 
21.700000 18.686533 -3.894721 
21.700000 18.786533 -3.894729 
21.700000 18.886533 -3.894736 
21.700000 18.986533 -3.894742 
21.700000 19.086533 -3.894748 
21.700000 19.186533 -3.894753 
21.700000 19.286533 -3.894758 
21.700000 19.386533 -3.894762 
21.700000 19.486533 -3.894765 
21.700000 19.586533 -3.894768 
21.700000 19.686533 -3.894769 
21.700000 19.786533 -3.894770 
21.700000 19.886533 -3.894770 
21.700000 19.986533 -3.894770 
21.700000 20.086533 -3.894770 
21.700000 20.186533 -3.894769 
21.700000 20.286533 -3.894767 
21.700000 20.386533 -3.894764 
21.700000 20.486533 -3.894761 
21.700000 20.586533 -3.894756 
21.700000 20.686533 -3.894751 
21.700000 20.786533 -3.894746 
21.700000 20.886533 -3.894740 
21.700000 20.986533 -3.894733 
21.700000 21.086533 -3.894726 
21.700000 21.186533 -3.894718 
21.700000 21.286533 -3.894709 
21.700000 21.386533 -3.894699 
21.700000 21.486533 -3.894688 
21.700000 21.586533 -3.894676 
21.800000 18.186533 -3.894659 
21.800000 18.286533 -3.894671 
21.800000 18.386533 -3.894682 
21.800000 18.486533 -3.894693 
21.800000 18.586533 -3.894702 
21.800000 18.686533 -3.894711 
21.800000 18.786533 -3.894718 
21.800000 18.886533 -3.894725 
21.800000 18.986533 -3.894731 
21.800000 19.086533 -3.894737 
21.800000 19.186533 -3.894743 
21.800000 19.286533 -3.894748 
21.800000 19.386533 -3.894752 
21.800000 19.486533 -3.894755 
21.800000 19.586533 -3.894758 
21.800000 19.686533 -3.894760 
21.800000 19.786533 -3.894761 
21.800000 19.886533 -3.894761 
21.800000 19.986533 -3.894761 
21.800000 20.086533 -3.894760 
21.800000 20.186533 -3.894759 
21.800000 20.286533 -3.894757 
21.800000 20.386533 -3.894754 
21.800000 20.486533 -3.894751 
21.800000 20.586533 -3.894746 
21.800000 20.686533 -3.894741 
21.800000 20.786533 -3.894735 
21.800000 20.886533 -3.894729 
21.800000 20.986533 -3.894723 
21.800000 21.086533 -3.894716 
21.800000 21.186533 -3.894708 
21.800000 21.286533 -3.894699 
21.800000 21.386533 -3.894689 
21.800000 21.486533 -3.894678 
21.800000 21.586533 -3.894667 
21.900000 18.186533 -3.894649 
21.900000 18.286533 -3.894661 
21.900000 18.386533 -3.894672 
21.900000 18.486533 -3.894682 
21.900000 18.586533 -3.894692 
21.900000 18.686533 -3.894700 
21.900000 18.786533 -3.894707 
21.900000 18.886533 -3.894714 
21.900000 18.986533 -3.894720 
21.900000 19.086533 -3.894726 
21.900000 19.186533 -3.894732 
21.900000 19.286533 -3.894737 
21.900000 19.386533 -3.894741 
21.900000 19.486533 -3.894745 
21.900000 19.586533 -3.894748 
21.900000 19.686533 -3.894749 
21.900000 19.786533 -3.894750 
21.900000 19.886533 -3.894751 
21.900000 19.986533 -3.894751 
21.900000 20.086533 -3.894750 
21.900000 20.186533 -3.894749 
21.900000 20.286533 -3.894747 
21.900000 20.386533 -3.894744 
21.900000 20.486533 -3.894740 
21.900000 20.586533 -3.894735 
21.900000 20.686533 -3.894730 
21.900000 20.786533 -3.894724 
21.900000 20.886533 -3.894718 
21.900000 20.986533 -3.894712 
21.900000 21.086533 -3.894705 
21.900000 21.186533 -3.894697 
21.900000 21.286533 -3.894688 
21.900000 21.386533 -3.894679 
21.900000 21.486533 -3.894668 
21.900000 21.586533 -3.894657 
